"MONTH" "YEAR" "ave_precip_mo" "ave_mo_t" "opium_t" "mj_t" "coca_t" "fips" "year"
1 1970 19.0225806451613 27.6887096774194 0 0 0 "AQ" 1970
1 1971 9.55806451612903 27.391935483871 0 0 0 "AQ" 1971
1 1972 17.3225806451613 26.6016129032258 0 0 0 "AQ" 1972
1 1973 17.762962962963 27.7407407407407 0 0 0 "AQ" 1973
1 1978 24.6548387096774 29.4306451612903 0 0 0 "AQ" 1978
2 1970 21.5888888888889 27.937037037037 0 0 0 "AQ" 1970
2 1971 14.3214285714286 27.4517857142857 0 0 0 "AQ" 1971
2 1972 9.81379310344828 26.9120689655172 0 0 0 "AQ" 1972
2 1973 7.68846153846154 28.7634615384615 0 0 0 "AQ" 1973
2 1978 8.93928571428571 31.2589285714286 0 0 0 "AQ" 1978
3 1970 39.5193548387097 27.1790322580645 0 0 0 "AQ" 1970
3 1971 12.3225806451613 27.0661290322581 0 0 0 "AQ" 1971
3 1972 13.9034482758621 27 0 0 0 "AQ" 1972
3 1973 3.60344827586207 28.4689655172414 0 0 0 "AQ" 1973
3 1974 7.88709677419355 29.6806451612903 0 0 0 "AQ" 1974
3 1976 4.81333333333333 30.1983333333333 0 0 0 "AQ" 1976
3 1977 8.76551724137931 30.0327586206897 0 0 0 "AQ" 1977
3 1978 20.341935483871 29.3290322580645 0 0 0 "AQ" 1978
4 1970 7.42 27.3683333333333 0 0 0 "AQ" 1970
4 1971 10.96 26.9416666666667 0 0 0 "AQ" 1971
4 1972 7.18333333333333 27.425 0 0 0 "AQ" 1972
4 1973 10.8814814814815 28.0296296296296 0 0 0 "AQ" 1973
4 1974 12.0533333333333 29.2583333333333 0 0 0 "AQ" 1974
4 1975 23.7266666666667 29.3116666666667 0 0 0 "AQ" 1975
4 1976 10.3037037037037 29.4796296296296 0 0 0 "AQ" 1976
4 1977 6.46333333333333 30.0283333333333 0 0 0 "AQ" 1977
4 1978 7.18 29.7083333333333 0 0 0 "AQ" 1978
5 1970 14.1806451612903 27.4112903225806 0 0 0 "AQ" 1970
5 1971 3.88709677419355 26.7274193548387 0 0 0 "AQ" 1971
5 1972 8.02758620689655 26.4172413793103 0 0 0 "AQ" 1972
5 1973 8 27.1972222222222 0 0 0 "AQ" 1973
5 1974 6.31612903225806 29.3193548387097 0 0 0 "AQ" 1974
5 1976 20.8741935483871 28.1338709677419 0 0 0 "AQ" 1976
5 1977 27.3096774193548 28.4403225806452 0 0 0 "AQ" 1977
5 1978 7.49677419354839 29.0306451612903 0 0 0 "AQ" 1978
6 1970 11.82 26.61 0 0 0 "AQ" 1970
6 1971 10.5733333333333 25.95 0 0 0 "AQ" 1971
6 1972 4.06785714285714 26.2928571428571 0 0 0 "AQ" 1972
6 1973 8.48947368421053 26.5236842105263 0 0 0 "AQ" 1973
6 1976 6.09333333333333 28.2333333333333 0 0 0 "AQ" 1976
6 1977 2.98620689655172 27.9396551724138 0 0 0 "AQ" 1977
7 1970 6.44516129032258 26.1677419354839 0 0 0 "AQ" 1970
7 1971 3.36451612903226 25.6693548387097 0 0 0 "AQ" 1971
7 1972 7.13 25.1883333333333 0 0 0 "AQ" 1972
7 1973 11.3451612903226 26.4516129032258 0 0 0 "AQ" 1973
7 1976 17.1258064516129 27.4145161290323 0 0 0 "AQ" 1976
7 1977 4.28666666666667 27.045 0 0 0 "AQ" 1977
8 1970 7.95714285714286 25.7125 0 0 0 "AQ" 1970
8 1971 7.12258064516129 25.7564516129032 0 0 0 "AQ" 1971
8 1972 8.53 25.9766666666667 0 0 0 "AQ" 1972
8 1973 7.99354838709677 27.0709677419355 0 0 0 "AQ" 1973
8 1976 3.77777777777778 28.362962962963 0 0 0 "AQ" 1976
8 1977 0.791304347826087 27.0260869565217 0 0 0 "AQ" 1977
9 1970 9.29666666666667 25.8283333333333 0 0 0 "AQ" 1970
9 1971 4.17666666666667 25.2583333333333 0 0 0 "AQ" 1971
9 1972 31.3714285714286 26.1196428571429 0 0 0 "AQ" 1972
9 1973 6.94666666666667 26.9516666666667 0 0 0 "AQ" 1973
9 1976 2.98 29.0083333333333 0 0 0 "AQ" 1976
9 1977 3.3625 27.94375 0 0 0 "AQ" 1977
10 1970 6.69310344827586 26.7241379310345 0 0 0 "AQ" 1970
10 1971 7.73870967741936 26.5596774193548 0 0 0 "AQ" 1971
10 1972 13.2379310344828 26.7689655172414 0 0 0 "AQ" 1972
10 1973 14.1806451612903 26.1016129032258 0 0 0 "AQ" 1973
10 1976 3.31 29.3816666666667 0 0 0 "AQ" 1976
10 1977 13.8 28.3016129032258 0 0 0 "AQ" 1977
11 1970 9.54137931034483 24.4637931034483 0 0 0 "AQ" 1970
11 1971 10.0666666666667 26.5983333333333 0 0 0 "AQ" 1971
11 1972 10.8533333333333 26.9033333333333 0 0 0 "AQ" 1972
11 1973 19.7933333333333 26.7566666666667 0 0 0 "AQ" 1973
11 1976 13.51 29.8716666666667 0 0 0 "AQ" 1976
11 1977 12.8533333333333 28.8266666666667 0 0 0 "AQ" 1977
12 1970 27.3387096774194 26.1822580645161 0 0 0 "AQ" 1970
12 1971 6.59354838709677 26.6887096774194 0 0 0 "AQ" 1971
12 1972 16.1633333333333 27.8283333333333 0 0 0 "AQ" 1972
12 1976 25.251724137931 29.2672413793103 0 0 0 "AQ" 1976
12 1977 9.644 29.408 0 0 0 "AQ" 1977
1 1971 11.8516129032258 25.6209677419355 0 0 0 "AQ" 1971
3 1971 8.23870967741935 26.1435483870968 0 0 0 "AQ" 1971
3 1973 6.11935483870968 27.0274193548387 0 0 0 "AQ" 1973
4 1970 8.96666666666667 26.8066666666667 0 0 0 "AQ" 1970
4 1971 3.79666666666667 26.7483333333333 0 0 0 "AQ" 1971
4 1973 10.64 26.345 0 0 0 "AQ" 1973
5 1970 5.30645161290323 27.8112903225806 0 0 0 "AQ" 1970
5 1971 1.49354838709677 26.6064516129032 0 0 0 "AQ" 1971
6 1970 3.18666666666667 27.83 0 0 0 "AQ" 1970
6 1971 3.62 26.1766666666667 0 0 0 "AQ" 1971
6 1972 2.34 26.8833333333333 0 0 0 "AQ" 1972
6 1976 1.60666666666667 26.2566666666667 0 0 0 "AQ" 1976
7 1970 6.15666666666667 27.28 0 0 0 "AQ" 1970
7 1971 5.77741935483871 25.6693548387097 0 0 0 "AQ" 1971
7 1972 1.5 26.1451612903226 0 0 0 "AQ" 1972
7 1976 1.97 26.235 0 0 0 "AQ" 1976
8 1971 5.19677419354839 25.6564516129032 0 0 0 "AQ" 1971
8 1976 2.08064516129032 25.9661290322581 0 0 0 "AQ" 1976
9 1976 0.273333333333333 26.56 0 0 0 "AQ" 1976
10 1971 6.13870967741935 25.8596774193548 0 0 0 "AQ" 1971
10 1976 4.11935483870968 26.8032258064516 0 0 0 "AQ" 1976
11 1971 10.07 26.015 0 0 0 "AQ" 1971
12 1971 11.2379310344828 25.2362068965517 0 0 0 "AQ" 1971
1 1970 7.73225806451613 27.1709677419355 0 0 0 "AQ" 1970
1 1971 9.40967741935484 26.6725806451613 0 0 0 "AQ" 1971
1 1972 14.5645161290323 26.2209677419355 0 0 0 "AQ" 1972
1 1973 18.141935483871 27.5758064516129 0 0 0 "AQ" 1973
1 1974 7.58709677419355 26.9838709677419 0 0 0 "AQ" 1974
1 1975 18.141935483871 26.9064516129032 0 0 0 "AQ" 1975
1 1976 4.65483870967742 26.441935483871 0 0 0 "AQ" 1976
1 1977 5.9741935483871 27.6983870967742 0 0 0 "AQ" 1977
1 1978 17.5 27.1677419354839 0 0 0 "AQ" 1978
1 1979 10.4064516129032 27.1935483870968 0 0 0 "AQ" 1979
1 1980 7.97096774193548 27.2951612903226 0 0 0 "AQ" 1980
1 1981 11.6838709677419 27.5951612903226 0 0 0 "AQ" 1981
1 1982 7.44516129032258 27.7467741935484 0 0 0 "AQ" 1982
1 1983 7.73870967741935 27.85 0 0 0 "AQ" 1983
1 1984 7.95806451612903 27.0661290322581 0 0 0 "AQ" 1984
1 1985 13.6903225806452 26.8338709677419 0 0 0 "AQ" 1985
1 1986 20.3870967741935 27.3096774193548 0 0 0 "AQ" 1986
1 1987 13.9677419354839 27.5806451612903 0 0 0 "AQ" 1987
1 1988 6.84193548387097 28.0854838709677 0 0 0 "AQ" 1988
1 1989 15.0548387096774 26.4983870967742 0 0 0 "AQ" 1989
1 1990 7.27096774193548 27.4935483870968 0 0 0 "AQ" 1990
1 1991 11.2096774193548 27.4532258064516 0 0 0 "AQ" 1991
1 1992 12.6193548387097 27.7193548387097 0 0 0 "AQ" 1992
1 1993 19.2354838709677 27.6096774193548 0 0 0 "AQ" 1993
1 1994 8.5 28.3774193548387 0 0 0 "AQ" 1994
1 1995 13.4354838709677 28.3354838709677 0 0 0 "AQ" 1995
1 1996 9.78709677419355 28.3241935483871 0 0 0 "AQ" 1996
1 1997 22.9064516129032 27.9741935483871 0 0 0 "AQ" 1997
1 1998 8.71612903225806 29.6290322580645 0 0 0 "AQ" 1998
1 1999 9.30645161290323 27.5338709677419 0 0 0 "AQ" 1999
1 2000 11.0064516129032 28.7838709677419 0 0 0 "AQ" 2000
1 2001 5.24193548387097 28.9693548387097 0 0 0 "AQ" 2001
1 2002 6.08709677419355 29.058064516129 0 0 0 "AQ" 2002
1 2003 6.06774193548387 29.6354838709677 0 0 0 "AQ" 2003
1 2004 10.0870967741935 27.6677419354839 0 0 0 "AQ" 2004
1 2005 10.8612903225806 28.8677419354839 0 0 0 "AQ" 2005
1 2006 19.5516129032258 27.7838709677419 0 0 0 "AQ" 2006
1 2007 17.2161290322581 28.4451612903226 0 0 0 "AQ" 2007
1 2008 18.1516129032258 28.55 0 0 0 "AQ" 2008
1 2009 9.29032258064516 29.4064516129032 0 0 0 "AQ" 2009
1 2010 23.2032258064516 29.3951612903226 0 0 0 "AQ" 2010
1 2011 21.0741935483871 27.1709677419355 0 0 0 "AQ" 2011
1 2012 6.68064516129032 27.6241935483871 0 0 0 "AQ" 2012
1 2013 14.9709677419355 27.6161290322581 0 0 0 "AQ" 2013
1 2014 16.0064516129032 27.5935483870968 0 0 0 "AQ" 2014
1 2015 22.0161290322581 28.0338709677419 0 0 0 "AQ" 2015
1 2016 3.64516129032258 28.8145161290323 0 0 0 "AQ" 2016
1 2017 7.84838709677419 28.7758064516129 0 0 0 "AQ" 2017
1 2018 12.5903225806452 27.8532258064516 0 0 0 "AQ" 2018
1 2019 10.888 28.542 0 0 0 "AQ" 2019
2 1970 8.05357142857143 27.6053571428571 0 0 0 "AQ" 1970
2 1971 13 26.3232142857143 0 0 0 "AQ" 1971
2 1972 9.78965517241379 26.5051724137931 0 0 0 "AQ" 1972
2 1973 7.66071428571429 28.1089285714286 0 0 0 "AQ" 1973
2 1974 8.58928571428571 26.0642857142857 0 0 0 "AQ" 1974
2 1975 8.975 27.0053571428571 0 0 0 "AQ" 1975
2 1976 11.7034482758621 26.5206896551724 0 0 0 "AQ" 1976
2 1977 5.71428571428571 27.9178571428571 0 0 0 "AQ" 1977
2 1978 8.65 27.5339285714286 0 0 0 "AQ" 1978
2 1979 13.0892857142857 27.425 0 0 0 "AQ" 1979
2 1980 6.5448275862069 27.6465517241379 0 0 0 "AQ" 1980
2 1981 12.9107142857143 27.1017857142857 0 0 0 "AQ" 1981
2 1982 27.45 26.8464285714286 0 0 0 "AQ" 1982
2 1983 10.975 28.5946428571429 0 0 0 "AQ" 1983
2 1984 7.04137931034483 27.5086206896552 0 0 0 "AQ" 1984
2 1985 7.50714285714286 27.5321428571429 0 0 0 "AQ" 1985
2 1986 8.59642857142857 27.5553571428571 0 0 0 "AQ" 1986
2 1987 13.6214285714286 28.0571428571429 0 0 0 "AQ" 1987
2 1988 8.16896551724138 28.2034482758621 0 0 0 "AQ" 1988
2 1989 13.3357142857143 26.8928571428571 0 0 0 "AQ" 1989
2 1990 20.45 27.4303571428571 0 0 0 "AQ" 1990
2 1991 19.0535714285714 27.7875 0 0 0 "AQ" 1991
2 1992 10.8965517241379 27.851724137931 0 0 0 "AQ" 1992
2 1993 6.60357142857143 27.7035714285714 0 0 0 "AQ" 1993
2 1994 6.16071428571429 28.9321428571429 0 0 0 "AQ" 1994
2 1995 13.3285714285714 28.4035714285714 0 0 0 "AQ" 1995
2 1996 10.3724137931034 28.2948275862069 0 0 0 "AQ" 1996
2 1997 10.8071428571429 28.6678571428571 0 0 0 "AQ" 1997
2 1998 1.83571428571429 30.1464285714286 0 0 0 "AQ" 1998
2 1999 13.1642857142857 27.6696428571429 0 0 0 "AQ" 1999
2 2000 11.8655172413793 28.7637931034483 0 0 0 "AQ" 2000
2 2001 12.4035714285714 28.5446428571429 0 0 0 "AQ" 2001
2 2002 4.40357142857143 29.6767857142857 0 0 0 "AQ" 2002
2 2003 8.26785714285714 28.7464285714286 0 0 0 "AQ" 2003
2 2004 11.9551724137931 27.3862068965517 0 0 0 "AQ" 2004
2 2005 9.575 29.2571428571429 0 0 0 "AQ" 2005
2 2006 26.5607142857143 27.9607142857143 0 0 0 "AQ" 2006
2 2007 9.39642857142857 28.6339285714286 0 0 0 "AQ" 2007
2 2008 4.28620689655172 29.0310344827586 0 0 0 "AQ" 2008
2 2009 6.91785714285714 29.6803571428571 0 0 0 "AQ" 2009
2 2010 14.3571428571429 28.8321428571429 0 0 0 "AQ" 2010
2 2011 12.1464285714286 26.7678571428571 0 0 0 "AQ" 2011
2 2012 10.3068965517241 27.5758620689655 0 0 0 "AQ" 2012
2 2013 9.52142857142857 28.1928571428571 0 0 0 "AQ" 2013
2 2014 10.5714285714286 28.4607142857143 0 0 0 "AQ" 2014
2 2015 11.0857142857143 28.5232142857143 0 0 0 "AQ" 2015
2 2016 5.68275862068965 29.6120689655172 0 0 0 "AQ" 2016
2 2017 16.6571428571429 27.7875 0 0 0 "AQ" 2017
2 2018 29.4571428571429 27.9946428571429 0 0 0 "AQ" 2018
3 1970 17.7161290322581 26.7112903225806 0 0 0 "AQ" 1970
3 1971 6.29354838709677 26.3741935483871 0 0 0 "AQ" 1971
3 1972 7.74838709677419 27.1661290322581 0 0 0 "AQ" 1972
3 1973 4.05806451612903 28.2548387096774 0 0 0 "AQ" 1973
3 1974 7.9258064516129 26.5935483870968 0 0 0 "AQ" 1974
3 1975 5.39032258064516 27.25 0 0 0 "AQ" 1975
3 1976 3.28709677419355 26.9967741935484 0 0 0 "AQ" 1976
3 1977 9.54516129032258 27.4338709677419 0 0 0 "AQ" 1977
3 1978 21.0161290322581 26.8467741935484 0 0 0 "AQ" 1978
3 1979 7.39677419354839 27.908064516129 0 0 0 "AQ" 1979
3 1980 12.1612903225806 27.891935483871 0 0 0 "AQ" 1980
3 1981 20.7870967741936 27.0129032258065 0 0 0 "AQ" 1981
3 1982 6.29032258064516 27.9451612903226 0 0 0 "AQ" 1982
3 1983 4.98064516129032 27.6903225806452 0 0 0 "AQ" 1983
3 1984 15.8451612903226 27.3838709677419 0 0 0 "AQ" 1984
3 1985 4.09677419354839 27.9048387096774 0 0 0 "AQ" 1985
3 1986 5.63548387096774 27.8258064516129 0 0 0 "AQ" 1986
3 1987 8.2741935483871 27.9241935483871 0 0 0 "AQ" 1987
3 1988 10.4548387096774 28.2758064516129 0 0 0 "AQ" 1988
3 1989 6.71935483870968 27.3741935483871 0 0 0 "AQ" 1989
3 1990 8.11612903225806 27.5548387096774 0 0 0 "AQ" 1990
3 1991 7.39032258064516 28.1112903225806 0 0 0 "AQ" 1991
3 1992 11.2838709677419 27.4870967741935 0 0 0 "AQ" 1992
3 1993 14.1354838709677 27.4903225806452 0 0 0 "AQ" 1993
3 1994 8.98387096774194 28.8435483870968 0 0 0 "AQ" 1994
3 1995 10.9774193548387 28.6032258064516 0 0 0 "AQ" 1995
3 1996 9.11612903225806 28.5193548387097 0 0 0 "AQ" 1996
3 1997 6.48387096774194 28.1532258064516 0 0 0 "AQ" 1997
3 1998 10.4064516129032 29.8854838709677 0 0 0 "AQ" 1998
3 1999 4.49354838709677 27.7290322580645 0 0 0 "AQ" 1999
3 2000 14.941935483871 28.3774193548387 0 0 0 "AQ" 2000
3 2001 12.4741935483871 28.5645161290323 0 0 0 "AQ" 2001
3 2002 10.2967741935484 29.0338709677419 0 0 0 "AQ" 2002
3 2003 8.53548387096774 29.2322580645161 0 0 0 "AQ" 2003
3 2004 11.141935483871 27.4661290322581 0 0 0 "AQ" 2004
3 2005 10.6064516129032 29.1887096774194 0 0 0 "AQ" 2005
3 2006 6.96774193548387 28.7064516129032 0 0 0 "AQ" 2006
3 2007 16.641935483871 28.6209677419355 0 0 0 "AQ" 2007
3 2008 8.25483870967742 28.5790322580645 0 0 0 "AQ" 2008
3 2009 8.19032258064516 29.5258064516129 0 0 0 "AQ" 2009
3 2010 4.09032258064516 29.7935483870968 0 0 0 "AQ" 2010
3 2011 4.7258064516129 27.6274193548387 0 0 0 "AQ" 2011
3 2012 11.4806451612903 27.3483870967742 0 0 0 "AQ" 2012
3 2013 8.17741935483871 28.1096774193548 0 0 0 "AQ" 2013
3 2014 5.69677419354839 28.2274193548387 0 0 0 "AQ" 2014
3 2015 5.62258064516129 28.4693548387097 0 0 0 "AQ" 2015
3 2016 8.81290322580645 28.6354838709677 0 0 0 "AQ" 2016
3 2017 4.50645161290323 28.8451612903226 0 0 0 "AQ" 2017
3 2018 5.20967741935484 28.258064516129 0 0 0 "AQ" 2018
4 1970 11.4966666666667 27.2133333333333 0 0 0 "AQ" 1970
4 1971 9.91333333333333 26.2433333333333 0 0 0 "AQ" 1971
4 1972 5.5 27.31 0 0 0 "AQ" 1972
4 1973 8.24666666666667 27.8733333333333 0 0 0 "AQ" 1973
4 1974 7.45333333333333 26.4533333333333 0 0 0 "AQ" 1974
4 1975 19.2866666666667 26.5883333333333 0 0 0 "AQ" 1975
4 1976 8.72666666666667 26.9266666666667 0 0 0 "AQ" 1976
4 1977 5.91333333333333 27.1833333333333 0 0 0 "AQ" 1977
4 1978 7.83333333333333 26.8416666666667 0 0 0 "AQ" 1978
4 1979 8.07333333333333 26.72 0 0 0 "AQ" 1979
4 1980 5.53 27.9783333333333 0 0 0 "AQ" 1980
4 1981 18.6233333333333 26.78 0 0 0 "AQ" 1981
4 1982 3.50666666666667 27.625 0 0 0 "AQ" 1982
4 1983 9.28666666666667 27.2833333333333 0 0 0 "AQ" 1983
4 1984 5.68 27.5166666666667 0 0 0 "AQ" 1984
4 1985 15.8 27.08 0 0 0 "AQ" 1985
4 1986 15.94 27.2883333333333 0 0 0 "AQ" 1986
4 1987 6.82 27.8366666666667 0 0 0 "AQ" 1987
4 1988 8.96 27.4516666666667 0 0 0 "AQ" 1988
4 1989 11.52 27.0583333333333 0 0 0 "AQ" 1989
4 1990 11.0233333333333 26.9616666666667 0 0 0 "AQ" 1990
4 1991 8.00333333333333 28.075 0 0 0 "AQ" 1991
4 1992 24.0066666666667 27.495 0 0 0 "AQ" 1992
4 1993 10.6 27.705 0 0 0 "AQ" 1993
4 1994 19.18 28.3716666666667 0 0 0 "AQ" 1994
4 1995 7.68333333333333 28.15 0 0 0 "AQ" 1995
4 1996 6.34 28.34 0 0 0 "AQ" 1996
4 1997 5.05666666666667 28.815 0 0 0 "AQ" 1997
4 1998 0.626666666666667 29.5666666666667 0 0 0 "AQ" 1998
4 1999 4.24666666666667 28.245 0 0 0 "AQ" 1999
4 2000 4.10666666666667 28.7766666666667 0 0 0 "AQ" 2000
4 2001 5.6 28.465 0 0 0 "AQ" 2001
4 2002 15.1033333333333 28.96 0 0 0 "AQ" 2002
4 2003 7.90333333333333 28.2866666666667 0 0 0 "AQ" 2003
4 2004 6.26666666666667 27.3766666666667 0 0 0 "AQ" 2004
4 2005 12.2733333333333 28.66 0 0 0 "AQ" 2005
4 2006 4.36666666666667 28.7216666666667 0 0 0 "AQ" 2006
4 2007 3.94666666666667 28.9766666666667 0 0 0 "AQ" 2007
4 2008 10.9133333333333 28.49 0 0 0 "AQ" 2008
4 2009 7.86 29.6483333333333 0 0 0 "AQ" 2009
4 2010 8.75666666666667 28.285 0 0 0 "AQ" 2010
4 2011 3.39666666666667 27.955 0 0 0 "AQ" 2011
4 2012 7.13 27.265 0 0 0 "AQ" 2012
4 2013 11.4466666666667 28.33 0 0 0 "AQ" 2013
4 2014 12.1033333333333 27.58 0 0 0 "AQ" 2014
4 2015 12.15 28.0483333333333 0 0 0 "AQ" 2015
4 2016 26.14 27.845 0 0 0 "AQ" 2016
4 2017 6.89666666666667 28.33 0 0 0 "AQ" 2017
4 2018 15.0433333333333 27.5266666666667 0 0 0 "AQ" 2018
5 1970 7.19354838709677 27.341935483871 0 0 0 "AQ" 1970
5 1971 3.91612903225806 26.2161290322581 0 0 0 "AQ" 1971
5 1972 5.3741935483871 26.591935483871 0 0 0 "AQ" 1972
5 1973 6.49677419354839 27.3758064516129 0 0 0 "AQ" 1973
5 1974 6.61290322580645 25.7354838709677 0 0 0 "AQ" 1974
5 1975 14.6548387096774 26.6854838709677 0 0 0 "AQ" 1975
5 1976 15.5612903225806 26.1467741935484 0 0 0 "AQ" 1976
5 1977 16.5612903225806 26.3129032258065 0 0 0 "AQ" 1977
5 1978 7.14193548387097 26.9129032258065 0 0 0 "AQ" 1978
5 1979 3.47096774193548 27.3258064516129 0 0 0 "AQ" 1979
5 1980 15.9870967741935 26.4209677419355 0 0 0 "AQ" 1980
5 1981 7.58709677419355 26.9645161290323 0 0 0 "AQ" 1981
5 1982 6.47096774193548 27.108064516129 0 0 0 "AQ" 1982
5 1983 1.32258064516129 27.2451612903226 0 0 0 "AQ" 1983
5 1984 3.9258064516129 27.641935483871 0 0 0 "AQ" 1984
5 1985 8.52903225806452 26.9064516129032 0 0 0 "AQ" 1985
5 1986 10.1096774193548 26.9564516129032 0 0 0 "AQ" 1986
5 1987 4.52258064516129 26.8838709677419 0 0 0 "AQ" 1987
5 1988 8 27.608064516129 0 0 0 "AQ" 1988
5 1989 6.15483870967742 26.95 0 0 0 "AQ" 1989
5 1990 2.88387096774194 27.7112903225806 0 0 0 "AQ" 1990
5 1991 9.22258064516129 27.191935483871 0 0 0 "AQ" 1991
5 1992 8.75806451612903 27.7338709677419 0 0 0 "AQ" 1992
5 1993 7.23548387096774 27.3354838709677 0 0 0 "AQ" 1993
5 1994 15.5354838709677 27.841935483871 0 0 0 "AQ" 1994
5 1995 7.82903225806452 28.1532258064516 0 0 0 "AQ" 1995
5 1996 8.90967741935484 27.7306451612903 0 0 0 "AQ" 1996
5 1997 7.60967741935484 28.0790322580645 0 0 0 "AQ" 1997
5 1998 1.34193548387097 29.0161290322581 0 0 0 "AQ" 1998
5 1999 23.8548387096774 26.75 0 0 0 "AQ" 1999
5 2000 10.9806451612903 27.6177419354839 0 0 0 "AQ" 2000
5 2001 3.92903225806452 28.45 0 0 0 "AQ" 2001
5 2002 9.17741935483871 28.9145161290323 0 0 0 "AQ" 2002
5 2003 16.0548387096774 28.2306451612903 0 0 0 "AQ" 2003
5 2004 4.19032258064516 27.0790322580645 0 0 0 "AQ" 2004
5 2005 8.8258064516129 27.7983870967742 0 0 0 "AQ" 2005
5 2006 6.44193548387097 28.8677419354839 0 0 0 "AQ" 2006
5 2007 14.2064516129032 28.058064516129 0 0 0 "AQ" 2007
5 2008 16.2483870967742 28.1096774193548 0 0 0 "AQ" 2008
5 2009 15.7161290322581 27.7693548387097 0 0 0 "AQ" 2009
5 2010 5.41935483870968 28.1790322580645 0 0 0 "AQ" 2010
5 2011 3.02903225806452 27.3838709677419 0 0 0 "AQ" 2011
5 2012 9.96129032258064 27.0951612903226 0 0 0 "AQ" 2012
5 2013 5.20322580645161 28.2806451612903 0 0 0 "AQ" 2013
5 2014 6.4258064516129 27.6064516129032 0 0 0 "AQ" 2014
5 2015 13.5935483870968 27.3241935483871 0 0 0 "AQ" 2015
5 2016 8.10967741935484 27.7483870967742 0 0 0 "AQ" 2016
5 2017 19.0387096774194 27.8612903225806 0 0 0 "AQ" 2017
5 2018 7.59032258064516 27.691935483871 0 0 0 "AQ" 2018
6 1970 10.2966666666667 26.635 0 0 0 "AQ" 1970
6 1971 10.19 25.8016666666667 0 0 0 "AQ" 1971
6 1972 3.10666666666667 26.7283333333333 0 0 0 "AQ" 1972
6 1973 5.16 26.8416666666667 0 0 0 "AQ" 1973
6 1974 4.56666666666667 26.2233333333333 0 0 0 "AQ" 1974
6 1975 4.41666666666667 26.1883333333333 0 0 0 "AQ" 1975
6 1976 6.02333333333333 25.945 0 0 0 "AQ" 1976
6 1977 4.4 26.9633333333333 0 0 0 "AQ" 1977
6 1978 2.23333333333333 26.5066666666667 0 0 0 "AQ" 1978
6 1979 6.65333333333333 27.2283333333333 0 0 0 "AQ" 1979
6 1980 10.08 26.9983333333333 0 0 0 "AQ" 1980
6 1981 8.02 26.1816666666667 0 0 0 "AQ" 1981
6 1982 3.57 26.8533333333333 0 0 0 "AQ" 1982
6 1983 2.3 26.465 0 0 0 "AQ" 1983
6 1984 6.30666666666667 26.95 0 0 0 "AQ" 1984
6 1985 10.6733333333333 26.665 0 0 0 "AQ" 1985
6 1986 4.82666666666667 27.0166666666667 0 0 0 "AQ" 1986
6 1987 3.41 25.83 0 0 0 "AQ" 1987
6 1988 5.21666666666667 27.4116666666667 0 0 0 "AQ" 1988
6 1989 4.6 26.7333333333333 0 0 0 "AQ" 1989
6 1990 5.34333333333333 26.9016666666667 0 0 0 "AQ" 1990
6 1991 6.66333333333333 26.945 0 0 0 "AQ" 1991
6 1992 1.67 27.3966666666667 0 0 0 "AQ" 1992
6 1993 3.29666666666667 26.6116666666667 0 0 0 "AQ" 1993
6 1994 3.21666666666667 27.0933333333333 0 0 0 "AQ" 1994
6 1995 4.42333333333333 28.6416666666667 0 0 0 "AQ" 1995
6 1996 5.63333333333333 28.1183333333333 0 0 0 "AQ" 1996
6 1997 2.98 27.14 0 0 0 "AQ" 1997
6 1998 0.706666666666667 28.6616666666667 0 0 0 "AQ" 1998
6 1999 5.32333333333333 27.035 0 0 0 "AQ" 1999
6 2000 6.71666666666667 27.4066666666667 0 0 0 "AQ" 2000
6 2001 3.90666666666667 28.2216666666667 0 0 0 "AQ" 2001
6 2002 5.01333333333333 28.1616666666667 0 0 0 "AQ" 2002
6 2003 6.51333333333333 27.0316666666667 0 0 0 "AQ" 2003
6 2004 3.18333333333333 26.9183333333333 0 0 0 "AQ" 2004
6 2005 11.28 27.1216666666667 0 0 0 "AQ" 2005
6 2006 4.29333333333333 27.7266666666667 0 0 0 "AQ" 2006
6 2007 2.91333333333333 28.605 0 0 0 "AQ" 2007
6 2008 10.1666666666667 27.2366666666667 0 0 0 "AQ" 2008
6 2009 3.09666666666667 27.2833333333333 0 0 0 "AQ" 2009
6 2010 4.27666666666667 27.4616666666667 0 0 0 "AQ" 2010
6 2011 5.94333333333333 27.3433333333333 0 0 0 "AQ" 2011
6 2012 5.19666666666667 27.0233333333333 0 0 0 "AQ" 2012
6 2013 9.95333333333333 27.6616666666667 0 0 0 "AQ" 2013
6 2014 6.96333333333333 27.135 0 0 0 "AQ" 2014
6 2015 7.68 26.9466666666667 0 0 0 "AQ" 2015
6 2016 3.29 27.58 0 0 0 "AQ" 2016
6 2017 4.25333333333333 27.3666666666667 0 0 0 "AQ" 2017
6 2018 2.74333333333333 27.8833333333333 0 0 0 "AQ" 2018
7 1970 3.84516129032258 26.4241935483871 0 0 0 "AQ" 1970
7 1971 2.60322580645161 25.5645161290323 0 0 0 "AQ" 1971
7 1972 6.03225806451613 25.7451612903226 0 0 0 "AQ" 1972
7 1973 6.66451612903226 26.5854838709677 0 0 0 "AQ" 1973
7 1974 0.593548387096774 26.1870967741935 0 0 0 "AQ" 1974
7 1975 6.69354838709677 26.2854838709677 0 0 0 "AQ" 1975
7 1976 7.16451612903226 25.8306451612903 0 0 0 "AQ" 1976
7 1977 2.39354838709677 26.1838709677419 0 0 0 "AQ" 1977
7 1978 2.85806451612903 26.0387096774194 0 0 0 "AQ" 1978
7 1979 7.23225806451613 25.7935483870968 0 0 0 "AQ" 1979
7 1980 3.4 26.2048387096774 0 0 0 "AQ" 1980
7 1981 8.35161290322581 26.0806451612903 0 0 0 "AQ" 1981
7 1982 5.70645161290323 25.9661290322581 0 0 0 "AQ" 1982
7 1983 0.925806451612903 25.9048387096774 0 0 0 "AQ" 1983
7 1984 1.52903225806452 26.1064516129032 0 0 0 "AQ" 1984
7 1985 3.15161290322581 26.3822580645161 0 0 0 "AQ" 1985
7 1986 7.19677419354839 26.2887096774194 0 0 0 "AQ" 1986
7 1987 3.17096774193548 25.7016129032258 0 0 0 "AQ" 1987
7 1988 7.71612903225806 26.4112903225806 0 0 0 "AQ" 1988
7 1989 7.82903225806452 25.9048387096774 0 0 0 "AQ" 1989
7 1990 3.95806451612903 26.7870967741936 0 0 0 "AQ" 1990
7 1991 7.50645161290323 27.2725806451613 0 0 0 "AQ" 1991
7 1992 4.28387096774194 27.6129032258065 0 0 0 "AQ" 1992
7 1993 3.38709677419355 25.7129032258065 0 0 0 "AQ" 1993
7 1994 12.841935483871 26.8096774193548 0 0 0 "AQ" 1994
7 1995 5.95483870967742 27.991935483871 0 0 0 "AQ" 1995
7 1996 2.82903225806452 27.5774193548387 0 0 0 "AQ" 1996
7 1997 3.02258064516129 27.608064516129 0 0 0 "AQ" 1997
7 1998 1.16774193548387 27.608064516129 0 0 0 "AQ" 1998
7 1999 2.79354838709677 27.208064516129 0 0 0 "AQ" 1999
7 2000 2.73548387096774 26.658064516129 0 0 0 "AQ" 2000
7 2001 3.84193548387097 27.491935483871 0 0 0 "AQ" 2001
7 2002 8.54193548387097 28.1983870967742 0 0 0 "AQ" 2002
7 2003 10.1935483870968 26.958064516129 0 0 0 "AQ" 2003
7 2004 5.82903225806452 27.0483870967742 0 0 0 "AQ" 2004
7 2005 4.44838709677419 26.8774193548387 0 0 0 "AQ" 2005
7 2006 6.77741935483871 26.8387096774194 0 0 0 "AQ" 2006
7 2007 4.66129032258065 28.2790322580645 0 0 0 "AQ" 2007
7 2008 3.66451612903226 26.9983870967742 0 0 0 "AQ" 2008
7 2009 8.16451612903226 26.9693548387097 0 0 0 "AQ" 2009
7 2010 6.79677419354839 27.2548387096774 0 0 0 "AQ" 2010
7 2011 1.89677419354839 27.6096774193548 0 0 0 "AQ" 2011
7 2012 4.95 26.5633333333333 0 0 0 "AQ" 2012
7 2013 6.94838709677419 26.9435483870968 0 0 0 "AQ" 2013
7 2014 15.1451612903226 26.3177419354839 0 0 0 "AQ" 2014
7 2015 3.26774193548387 26.4758064516129 0 0 0 "AQ" 2015
7 2016 3.67096774193548 26.9048387096774 0 0 0 "AQ" 2016
7 2017 3.81935483870968 27 0 0 0 "AQ" 2017
7 2018 7.93548387096774 26.8596774193548 0 0 0 "AQ" 2018
8 1970 6.63225806451613 25.7322580645161 0 0 0 "AQ" 1970
8 1971 4.29677419354839 25.8790322580645 0 0 0 "AQ" 1971
8 1972 4.59677419354839 26.4467741935484 0 0 0 "AQ" 1972
8 1973 7.03225806451613 26.2677419354839 0 0 0 "AQ" 1973
8 1974 0.980645161290323 25.5903225806452 0 0 0 "AQ" 1974
8 1975 2.42258064516129 26.2516129032258 0 0 0 "AQ" 1975
8 1976 3.36129032258065 25.9645161290323 0 0 0 "AQ" 1976
8 1977 1.9741935483871 26.1338709677419 0 0 0 "AQ" 1977
8 1978 13.4935483870968 26.3725806451613 0 0 0 "AQ" 1978
8 1979 5.89354838709677 25.9725806451613 0 0 0 "AQ" 1979
8 1980 11.4516129032258 26.3225806451613 0 0 0 "AQ" 1980
8 1981 8.7258064516129 26.1870967741935 0 0 0 "AQ" 1981
8 1982 13.2774193548387 26.0693548387097 0 0 0 "AQ" 1982
8 1983 1.72903225806452 25.7096774193548 0 0 0 "AQ" 1983
8 1984 3.48387096774194 26.5048387096774 0 0 0 "AQ" 1984
8 1985 4.7258064516129 26.5903225806452 0 0 0 "AQ" 1985
8 1986 4.14516129032258 25.6967741935484 0 0 0 "AQ" 1986
8 1987 5.15806451612903 25.6435483870968 0 0 0 "AQ" 1987
8 1988 3.26774193548387 26.8951612903226 0 0 0 "AQ" 1988
8 1989 0.241935483870968 26.5129032258065 0 0 0 "AQ" 1989
8 1990 2.00645161290323 26.7258064516129 0 0 0 "AQ" 1990
8 1991 3.57096774193548 27.1225806451613 0 0 0 "AQ" 1991
8 1992 5.18709677419355 26.8112903225806 0 0 0 "AQ" 1992
8 1993 7.06451612903226 26.6209677419355 0 0 0 "AQ" 1993
8 1994 9.70645161290323 26.15 0 0 0 "AQ" 1994
8 1995 14.1096774193548 27.5774193548387 0 0 0 "AQ" 1995
8 1996 1.14193548387097 27.3290322580645 0 0 0 "AQ" 1996
8 1997 6.50967741935484 27.0032258064516 0 0 0 "AQ" 1997
8 1998 1.30967741935484 28.2451612903226 0 0 0 "AQ" 1998
8 1999 4.68064516129032 27.0887096774194 0 0 0 "AQ" 1999
8 2000 2.63548387096774 27.5564516129032 0 0 0 "AQ" 2000
8 2001 2.48709677419355 27.9209677419355 0 0 0 "AQ" 2001
8 2002 4.83548387096774 27.2870967741935 0 0 0 "AQ" 2002
8 2003 5.55806451612903 26.2435483870968 0 0 0 "AQ" 2003
8 2004 2.19032258064516 27.4467741935484 0 0 0 "AQ" 2004
8 2005 11.1129032258065 27.0854838709677 0 0 0 "AQ" 2005
8 2006 7.17741935483871 27.3129032258065 0 0 0 "AQ" 2006
8 2007 3.89032258064516 28.441935483871 0 0 0 "AQ" 2007
8 2008 2.94193548387097 27.6677419354839 0 0 0 "AQ" 2008
8 2009 8.53870967741936 26.4903225806452 0 0 0 "AQ" 2009
8 2010 3.53870967741935 26.8838709677419 0 0 0 "AQ" 2010
8 2011 3.15483870967742 26.7370967741935 0 0 0 "AQ" 2011
8 2012 2.61290322580645 26.9387096774194 0 0 0 "AQ" 2012
8 2013 14.8645161290323 26.9870967741935 0 0 0 "AQ" 2013
8 2014 2.64193548387097 26.6758064516129 0 0 0 "AQ" 2014
8 2015 5.53870967741936 26.0967741935484 0 0 0 "AQ" 2015
8 2016 3.68387096774194 27.4 0 0 0 "AQ" 2016
8 2017 6.38064516129032 27.158064516129 0 0 0 "AQ" 2017
8 2018 8 26.7 0 0 0 "AQ" 2018
9 1970 6.51 25.7316666666667 0 0 0 "AQ" 1970
9 1971 2.21 25.7516666666667 0 0 0 "AQ" 1971
9 1972 21.4066666666667 26.275 0 0 0 "AQ" 1972
9 1973 4.36333333333333 26.8366666666667 0 0 0 "AQ" 1973
9 1974 0.84 26.91 0 0 0 "AQ" 1974
9 1975 4.72666666666667 26.43 0 0 0 "AQ" 1975
9 1976 4.38 26.0716666666667 0 0 0 "AQ" 1976
9 1977 2.65 25.7966666666667 0 0 0 "AQ" 1977
9 1978 3.99 26.3983333333333 0 0 0 "AQ" 1978
9 1979 7.72333333333333 26.9133333333333 0 0 0 "AQ" 1979
9 1980 13.0966666666667 26.7683333333333 0 0 0 "AQ" 1980
9 1981 3.42666666666667 26.9716666666667 0 0 0 "AQ" 1981
9 1982 5.33666666666667 26.215 0 0 0 "AQ" 1982
9 1983 6.59333333333333 26.755 0 0 0 "AQ" 1983
9 1984 4.43333333333333 26.4183333333333 0 0 0 "AQ" 1984
9 1985 8.09666666666667 26.4916666666667 0 0 0 "AQ" 1985
9 1986 14.9633333333333 26.5933333333333 0 0 0 "AQ" 1986
9 1987 0.536666666666667 26.47 0 0 0 "AQ" 1987
9 1988 5.74333333333333 26.7233333333333 0 0 0 "AQ" 1988
9 1989 1.14333333333333 27.6033333333333 0 0 0 "AQ" 1989
9 1990 3.11666666666667 26.86 0 0 0 "AQ" 1990
9 1991 2.88 26.9266666666667 0 0 0 "AQ" 1991
9 1992 5.88666666666667 27.4916666666667 0 0 0 "AQ" 1992
9 1993 7.85666666666667 26.4933333333333 0 0 0 "AQ" 1993
9 1994 9.78666666666667 26.63 0 0 0 "AQ" 1994
9 1995 6.55333333333333 27.625 0 0 0 "AQ" 1995
9 1996 8.91333333333333 28.0833333333333 0 0 0 "AQ" 1996
9 1997 5.07666666666667 27.7333333333333 0 0 0 "AQ" 1997
9 1998 3.63666666666667 29.0966666666667 0 0 0 "AQ" 1998
9 1999 11.9933333333333 27.3383333333333 0 0 0 "AQ" 1999
9 2000 5.74 27.9533333333333 0 0 0 "AQ" 2000
9 2001 4.00333333333333 27.8216666666667 0 0 0 "AQ" 2001
9 2002 1.37333333333333 28.1866666666667 0 0 0 "AQ" 2002
9 2003 3.65333333333333 27.6283333333333 0 0 0 "AQ" 2003
9 2004 4.19666666666667 27.7533333333333 0 0 0 "AQ" 2004
9 2005 12.2133333333333 27.7366666666667 0 0 0 "AQ" 2005
9 2006 13.4066666666667 27.1716666666667 0 0 0 "AQ" 2006
9 2007 14.4166666666667 28.32 0 0 0 "AQ" 2007
9 2008 5.19666666666667 27.3833333333333 0 0 0 "AQ" 2008
9 2009 5.32 26.8233333333333 0 0 0 "AQ" 2009
9 2010 8.20333333333333 27.16 0 0 0 "AQ" 2010
9 2011 1.62333333333333 27.1983333333333 0 0 0 "AQ" 2011
9 2012 10.79 27.5066666666667 0 0 0 "AQ" 2012
9 2013 6.89 27.425 0 0 0 "AQ" 2013
9 2014 2.21666666666667 27.8666666666667 0 0 0 "AQ" 2014
9 2015 1.01666666666667 26.895 0 0 0 "AQ" 2015
9 2016 4.62333333333333 27.5416666666667 0 0 0 "AQ" 2016
9 2017 5.30666666666667 27.8716666666667 0 0 0 "AQ" 2017
9 2018 7.28666666666667 27.435 0 0 0 "AQ" 2018
10 1970 4.66774193548387 26.5483870967742 0 0 0 "AQ" 1970
10 1971 5.94193548387097 26.2306451612903 0 0 0 "AQ" 1971
10 1972 8.56129032258064 26.75 0 0 0 "AQ" 1972
10 1973 13.2677419354839 25.9790322580645 0 0 0 "AQ" 1973
10 1974 2 27.0838709677419 0 0 0 "AQ" 1974
10 1975 1.72258064516129 27.2741935483871 0 0 0 "AQ" 1975
10 1976 2.87741935483871 27.1032258064516 0 0 0 "AQ" 1976
10 1977 8.24838709677419 26.6241935483871 0 0 0 "AQ" 1977
10 1978 8.2 26.6790322580645 0 0 0 "AQ" 1978
10 1979 9.61935483870968 27.1887096774194 0 0 0 "AQ" 1979
10 1980 17.5967741935484 26.4935483870968 0 0 0 "AQ" 1980
10 1981 13.4193548387097 26.5483870967742 0 0 0 "AQ" 1981
10 1982 3.59354838709677 27.0951612903226 0 0 0 "AQ" 1982
10 1983 5.88064516129032 26.4032258064516 0 0 0 "AQ" 1983
10 1984 12.4645161290323 26.3983870967742 0 0 0 "AQ" 1984
10 1985 8.51935483870968 27.1096774193548 0 0 0 "AQ" 1985
10 1986 7.2741935483871 27.2677419354839 0 0 0 "AQ" 1986
10 1987 3.17741935483871 26.8725806451613 0 0 0 "AQ" 1987
10 1988 7.55161290322581 26.7016129032258 0 0 0 "AQ" 1988
10 1989 8.01612903225806 27.2629032258065 0 0 0 "AQ" 1989
10 1990 7.93870967741935 27.4870967741935 0 0 0 "AQ" 1990
10 1991 7.90645161290323 27.2790322580645 0 0 0 "AQ" 1991
10 1992 5.40322580645161 27.4193548387097 0 0 0 "AQ" 1992
10 1993 7.63225806451613 26.8322580645161 0 0 0 "AQ" 1993
10 1994 14.141935483871 26.8822580645161 0 0 0 "AQ" 1994
10 1995 5.26129032258064 27.741935483871 0 0 0 "AQ" 1995
10 1996 24.2516129032258 27.5741935483871 0 0 0 "AQ" 1996
10 1997 4.82903225806452 28.7241935483871 0 0 0 "AQ" 1997
10 1998 5.17741935483871 29.5209677419355 0 0 0 "AQ" 1998
10 1999 7.14516129032258 27.4016129032258 0 0 0 "AQ" 1999
10 2000 9.08387096774194 27.6258064516129 0 0 0 "AQ" 2000
10 2001 7.21935483870968 27.9806451612903 0 0 0 "AQ" 2001
10 2002 9.72903225806452 27.9177419354839 0 0 0 "AQ" 2002
10 2003 5.30967741935484 28.0306451612903 0 0 0 "AQ" 2003
10 2004 9.44516129032258 28.0354838709677 0 0 0 "AQ" 2004
10 2005 5.53225806451613 28.1064516129032 0 0 0 "AQ" 2005
10 2006 7.99677419354839 27.2161290322581 0 0 0 "AQ" 2006
10 2007 13.2645161290323 28.3951612903226 0 0 0 "AQ" 2007
10 2008 2.65483870967742 28.2338709677419 0 0 0 "AQ" 2008
10 2009 6.1741935483871 27.308064516129 0 0 0 "AQ" 2009
10 2010 12.5612903225806 27.4774193548387 0 0 0 "AQ" 2010
10 2011 10.3838709677419 27.5258064516129 0 0 0 "AQ" 2011
10 2012 4.23 27.9866666666667 0 0 0 "AQ" 2012
10 2013 4.69354838709677 27.6677419354839 0 0 0 "AQ" 2013
10 2014 2.19677419354839 28.5112903225806 0 0 0 "AQ" 2014
10 2015 6.80967741935484 26.8967741935484 0 0 0 "AQ" 2015
10 2016 4.19677419354839 28.6290322580645 0 0 0 "AQ" 2016
10 2017 16.4774193548387 27.4322580645161 0 0 0 "AQ" 2017
10 2018 9.82258064516129 27.658064516129 0 0 0 "AQ" 2018
11 1970 6.75 26.3816666666667 0 0 0 "AQ" 1970
11 1971 7.83 26.6483333333333 0 0 0 "AQ" 1971
11 1972 5.49333333333333 27.1133333333333 0 0 0 "AQ" 1972
11 1973 16.03 26.4266666666667 0 0 0 "AQ" 1973
11 1974 10.7833333333333 26.7733333333333 0 0 0 "AQ" 1974
11 1975 6.51 26.7933333333333 0 0 0 "AQ" 1975
11 1976 10.3166666666667 27.1616666666667 0 0 0 "AQ" 1976
11 1977 12.5466666666667 27.0983333333333 0 0 0 "AQ" 1977
11 1978 21.73 26.285 0 0 0 "AQ" 1978
11 1979 6.68333333333333 26.88 0 0 0 "AQ" 1979
11 1980 6.29666666666667 27.665 0 0 0 "AQ" 1980
11 1981 8.53333333333333 27.085 0 0 0 "AQ" 1981
11 1982 5.38333333333333 26.7566666666667 0 0 0 "AQ" 1982
11 1983 11.2033333333333 26.8533333333333 0 0 0 "AQ" 1983
11 1984 6.84333333333333 27.215 0 0 0 "AQ" 1984
11 1985 7.81666666666667 26.9333333333333 0 0 0 "AQ" 1985
11 1986 7.46 27.645 0 0 0 "AQ" 1986
11 1987 3.24333333333333 27.6766666666667 0 0 0 "AQ" 1987
11 1988 13.62 26.5033333333333 0 0 0 "AQ" 1988
11 1989 15.1433333333333 26.9233333333333 0 0 0 "AQ" 1989
11 1990 9.52333333333333 27.58 0 0 0 "AQ" 1990
11 1991 8.64 27.79 0 0 0 "AQ" 1991
11 1992 19.2966666666667 26.8766666666667 0 0 0 "AQ" 1992
11 1993 7.06333333333333 28.055 0 0 0 "AQ" 1993
11 1994 13.14 27.525 0 0 0 "AQ" 1994
11 1995 12.65 28.2066666666667 0 0 0 "AQ" 1995
11 1996 5.81 28.53 0 0 0 "AQ" 1996
11 1997 4.48333333333333 28.8116666666667 0 0 0 "AQ" 1997
11 1998 2.72666666666667 30.14 0 0 0 "AQ" 1998
11 1999 8.93 28.16 0 0 0 "AQ" 1999
11 2000 7.65666666666667 28.2633333333333 0 0 0 "AQ" 2000
11 2001 7.24 28.5616666666667 0 0 0 "AQ" 2001
11 2002 12.9233333333333 28.89 0 0 0 "AQ" 2002
11 2003 18.11 27.6033333333333 0 0 0 "AQ" 2003
11 2004 3.37666666666667 28.4166666666667 0 0 0 "AQ" 2004
11 2005 8.21 28.6366666666667 0 0 0 "AQ" 2005
11 2006 13.6266666666667 27.3316666666667 0 0 0 "AQ" 2006
11 2007 12.3766666666667 28.6866666666667 0 0 0 "AQ" 2007
11 2008 10.05 28.4566666666667 0 0 0 "AQ" 2008
11 2009 14.0933333333333 27.375 0 0 0 "AQ" 2009
11 2010 7.75 27.1916666666667 0 0 0 "AQ" 2010
11 2011 13.4666666666667 27.1283333333333 0 0 0 "AQ" 2011
11 2012 15.5366666666667 28.31 0 0 0 "AQ" 2012
11 2013 5.01 27.8583333333333 0 0 0 "AQ" 2013
11 2014 11.65 27.5266666666667 0 0 0 "AQ" 2014
11 2015 18.0633333333333 28.1683333333333 0 0 0 "AQ" 2015
11 2016 10.8866666666667 27.94 0 0 0 "AQ" 2016
11 2017 10.9166666666667 27.9783333333333 0 0 0 "AQ" 2017
11 2018 10.07 28.055 0 0 0 "AQ" 2018
12 1970 21.6129032258065 25.9096774193548 0 0 0 "AQ" 1970
12 1971 5.46774193548387 26.7112903225806 0 0 0 "AQ" 1971
12 1972 16.6354838709677 28.0838709677419 0 0 0 "AQ" 1972
12 1973 12.2129032258065 26.6435483870968 0 0 0 "AQ" 1973
12 1974 7.50967741935484 26.6193548387097 0 0 0 "AQ" 1974
12 1975 11.5967741935484 26.3209677419355 0 0 0 "AQ" 1975
12 1976 17.5258064516129 26.7290322580645 0 0 0 "AQ" 1976
12 1977 5.62903225806452 27.8274193548387 0 0 0 "AQ" 1977
12 1978 12.7967741935484 27.1596774193548 0 0 0 "AQ" 1978
12 1979 6.89677419354839 26.9274193548387 0 0 0 "AQ" 1979
12 1980 11.0161290322581 27.5612903225806 0 0 0 "AQ" 1980
12 1981 16.041935483871 27.1774193548387 0 0 0 "AQ" 1981
12 1982 2.3258064516129 27.2677419354839 0 0 0 "AQ" 1982
12 1983 10.7 27.4354838709677 0 0 0 "AQ" 1983
12 1984 22.0903225806452 26.8209677419355 0 0 0 "AQ" 1984
12 1985 5.14838709677419 27.608064516129 0 0 0 "AQ" 1985
12 1986 18.5258064516129 27.6016129032258 0 0 0 "AQ" 1986
12 1987 13.4548387096774 27.9096774193548 0 0 0 "AQ" 1987
12 1988 19.9870967741935 26.608064516129 0 0 0 "AQ" 1988
12 1989 11.5709677419355 26.8483870967742 0 0 0 "AQ" 1989
12 1990 7.6258064516129 27.6290322580645 0 0 0 "AQ" 1990
12 1991 18.4870967741935 27.5161290322581 0 0 0 "AQ" 1991
12 1992 7.33225806451613 27.7806451612903 0 0 0 "AQ" 1992
12 1993 10.341935483871 28.6145161290323 0 0 0 "AQ" 1993
12 1994 13.6838709677419 28.2661290322581 0 0 0 "AQ" 1994
12 1995 1.84516129032258 28.441935483871 0 0 0 "AQ" 1995
12 1996 8.81935483870968 28.6790322580645 0 0 0 "AQ" 1996
12 1997 6.4258064516129 29.1387096774194 0 0 0 "AQ" 1997
12 1998 8.5741935483871 28.4709677419355 0 0 0 "AQ" 1998
12 1999 10.2516129032258 28.6403225806452 0 0 0 "AQ" 1999
12 2000 8.53225806451613 28.6983870967742 0 0 0 "AQ" 2000
12 2001 12.9225806451613 28.4387096774194 0 0 0 "AQ" 2001
12 2002 6.50322580645161 29.2241935483871 0 0 0 "AQ" 2002
12 2003 13.7387096774194 28.0483870967742 0 0 0 "AQ" 2003
12 2004 7.93548387096774 29.241935483871 0 0 0 "AQ" 2004
12 2005 20.3967741935484 28.0306451612903 0 0 0 "AQ" 2005
12 2006 17.7354838709677 27.9258064516129 0 0 0 "AQ" 2006
12 2007 8.07096774193548 28.6161290322581 0 0 0 "AQ" 2007
12 2008 15.1677419354839 29.2225806451613 0 0 0 "AQ" 2008
12 2009 22.4483870967742 27.4096774193548 0 0 0 "AQ" 2009
12 2010 10.1161290322581 27.6548387096774 0 0 0 "AQ" 2010
12 2011 7.95161290322581 27.591935483871 0 0 0 "AQ" 2011
12 2012 14.9967741935484 27.8370967741935 0 0 0 "AQ" 2012
12 2013 10.4161290322581 28.2145161290323 0 0 0 "AQ" 2013
12 2014 13.6741935483871 27.9387096774194 0 0 0 "AQ" 2014
12 2015 19.2806451612903 27.9048387096774 0 0 0 "AQ" 2015
12 2016 11.6741935483871 28.2887096774194 0 0 0 "AQ" 2016
12 2017 9.89032258064516 27.9838709677419 0 0 0 "AQ" 2017
12 2018 20.6782608695652 28.4782608695652 0 0 0 "AQ" 2018
