"MONTH" "YEAR" "ave_precip_mo" "ave_mo_t" "opium_t" "mj_t" "coca_t" "fips" "year"
1 1970 1.36774193548387 3.16612903225806 0 0 0 "BE" 1970
1 1971 1.72903225806452 3.60322580645161 0 0 0 "BE" 1971
1 1972 1.87096774193548 2.04516129032258 0 0 0 "BE" 1972
1 1973 0.945161290322581 3.14032258064516 0 0 0 "BE" 1973
1 1974 2.03225806451613 6.10483870967742 0 0 0 "BE" 1974
1 1975 2.6258064516129 6.55483870967742 0 0 0 "BE" 1975
1 1976 2.00967741935484 4.2741935483871 0 0 0 "BE" 1976
1 1977 1.80967741935484 3.25161290322581 0 0 0 "BE" 1977
1 1978 1.98709677419355 2.96129032258065 0 0 0 "BE" 1978
1 1979 2.19677419354839 -2.26612903225806 0 0 0 "BE" 1979
1 1980 1.66129032258065 1.02096774193548 0 0 0 "BE" 1980
1 1981 3.85161290322581 3.30483870967742 0 0 0 "BE" 1981
1 1982 2.18387096774194 2.1241935483871 0 0 0 "BE" 1982
1 1983 2.62903225806452 5.99354838709677 0 0 0 "BE" 1983
1 1984 3.69677419354839 3.48225806451613 0 0 0 "BE" 1984
1 1985 2.28709677419355 -2.84677419354839 0 0 0 "BE" 1985
1 1986 4.3258064516129 2.99838709677419 0 0 0 "BE" 1986
1 1987 1.20967741935484 -2.58709677419355 0 0 0 "BE" 1987
1 1988 3.89354838709677 6.15322580645161 0 0 0 "BE" 1988
1 1989 1.09677419354839 4.4758064516129 0 0 0 "BE" 1989
1 1990 2.18387096774194 4.85 0 0 0 "BE" 1990
1 1991 2.69354838709677 3.45483870967742 0 0 0 "BE" 1991
1 1992 0.987096774193548 2.67903225806452 0 0 0 "BE" 1992
1 1993 2.73870967741935 5.40806451612903 0 0 0 "BE" 1993
1 1994 3.19354838709677 4.79516129032258 0 0 0 "BE" 1994
1 1995 4.63225806451613 3.9758064516129 0 0 0 "BE" 1995
1 1996 0.483870967741935 2.47258064516129 0 0 0 "BE" 1996
1 1997 0.0838709677419355 -0.180645161290323 0 0 0 "BE" 1997
1 1998 2.36451612903226 4.55967741935484 0 0 0 "BE" 1998
1 1999 3.99677419354839 5.44032258064516 0 0 0 "BE" 1999
1 2000 2.725 6.1375 0 0 0 "BE" 2000
1 2001 10.35 6.0125 0 0 0 "BE" 2001
1 2002 2.35 6.25 0 0 0 "BE" 2002
1 2003 3.7 2.12222222222222 0 0 0 "BE" 2003
1 2004 6.275 4.7 0 0 0 "BE" 2004
1 2005 3 1.2 0 0 0 "BE" 2005
1 2006 0.723076923076923 0.892307692307692 0 0 0 "BE" 2006
1 2007 2.66470588235294 7.73529411764706 0 0 0 "BE" 2007
1 2008 0.6 7.36111111111111 0 0 0 "BE" 2008
1 2009 0.577272727272727 0.725 0 0 0 "BE" 2009
1 2010 0.736363636363636 0.05 0 0 0 "BE" 2010
1 2011 3.53333333333333 6.28333333333333 0 0 0 "BE" 2011
1 2012 3.20769230769231 4.9 0 0 0 "BE" 2012
1 2013 1.20833333333333 0.770833333333333 0 0 0 "BE" 2013
1 2014 1.16666666666667 6.6875 0 0 0 "BE" 2014
1 2015 4.07142857142857 3.175 0 0 0 "BE" 2015
1 2016 4.48181818181818 4.83181818181818 0 0 0 "BE" 2016
1 2017 8.51666666666667 2.71666666666667 0 0 0 "BE" 2017
1 2019 2.46666666666667 3.96666666666667 0 0 0 "BE" 2019
2 1970 3.73571428571429 2.55535714285714 0 0 0 "BE" 1970
2 1971 1.28571428571429 4.11071428571429 0 0 0 "BE" 1971
2 1972 1.11724137931034 4.75344827586207 0 0 0 "BE" 1972
2 1973 1.79285714285714 3.05178571428571 0 0 0 "BE" 1973
2 1974 2.40357142857143 5.23928571428571 0 0 0 "BE" 1974
2 1975 0.660714285714286 4.60178571428571 0 0 0 "BE" 1975
2 1976 1.21034482758621 3.63448275862069 0 0 0 "BE" 1976
2 1977 2.91785714285714 5.74821428571429 0 0 0 "BE" 1977
2 1978 1.02857142857143 2.07142857142857 0 0 0 "BE" 1978
2 1979 1.66785714285714 0.692857142857143 0 0 0 "BE" 1979
2 1980 1.92413793103448 6.30344827586207 0 0 0 "BE" 1980
2 1981 1.53214285714286 2.0125 0 0 0 "BE" 1981
2 1982 0.507142857142857 4.1 0 0 0 "BE" 1982
2 1983 1.70714285714286 1.0125 0 0 0 "BE" 1983
2 1984 2.68620689655172 2.67586206896552 0 0 0 "BE" 1984
2 1985 0.489285714285714 0.239285714285714 0 0 0 "BE" 1985
2 1986 0.332142857142857 -2.90892857142857 0 0 0 "BE" 1986
2 1987 2.8 2.13035714285714 0 0 0 "BE" 1987
2 1988 3.2 4.38275862068966 0 0 0 "BE" 1988
2 1989 2.00714285714286 5.13035714285714 0 0 0 "BE" 1989
2 1990 3.98214285714286 8.1125 0 0 0 "BE" 1990
2 1991 1.34642857142857 -0.0392857142857142 0 0 0 "BE" 1991
2 1992 1.58965517241379 4.90689655172414 0 0 0 "BE" 1992
2 1993 0.960714285714286 2.13928571428571 0 0 0 "BE" 1993
2 1994 1.40357142857143 2.82678571428571 0 0 0 "BE" 1994
2 1995 3.6 6.58928571428571 0 0 0 "BE" 1995
2 1996 2.47586206896552 1.31724137931034 0 0 0 "BE" 1996
2 1997 3.43571428571429 6.39285714285714 0 0 0 "BE" 1997
2 1998 0.517857142857143 5.98571428571429 0 0 0 "BE" 1998
2 1999 2.725 2.84464285714286 0 0 0 "BE" 1999
2 2000 5.43333333333333 7.18333333333333 0 0 0 "BE" 2000
2 2001 6.96666666666667 6.35 0 0 0 "BE" 2001
2 2002 7.18888888888889 7.70555555555556 0 0 0 "BE" 2002
2 2003 0.925 4.13333333333333 0 0 0 "BE" 2003
2 2004 2.75 9.75 0 0 0 "BE" 2004
2 2006 1.86666666666667 2.5 0 0 0 "BE" 2006
2 2007 1.54 7.67 0 0 0 "BE" 2007
2 2008 0.457142857142857 6.64761904761905 0 0 0 "BE" 2008
2 2009 0.938888888888889 3.74166666666667 0 0 0 "BE" 2009
2 2010 0.57 2.48 0 0 0 "BE" 2010
2 2011 1.70909090909091 3.52727272727273 0 0 0 "BE" 2011
2 2012 1.63636363636364 1.84090909090909 0 0 0 "BE" 2012
2 2013 1.47142857142857 1.67857142857143 0 0 0 "BE" 2013
2 2014 1.48571428571429 6.63928571428571 0 0 0 "BE" 2014
2 2015 1.8 3.046875 0 0 0 "BE" 2015
2 2016 1.94444444444444 4.2 0 0 0 "BE" 2016
2 2017 1.1 7.85 0 0 0 "BE" 2017
2 2018 6.2 5.075 0 0 0 "BE" 2018
3 1970 1.95806451612903 3.44838709677419 0 0 0 "BE" 1970
3 1971 1.24838709677419 3.40161290322581 0 0 0 "BE" 1971
3 1972 1.84516129032258 8.01290322580645 0 0 0 "BE" 1972
3 1973 0.551612903225806 6.15806451612903 0 0 0 "BE" 1973
3 1974 2.36774193548387 6.59677419354839 0 0 0 "BE" 1974
3 1975 3.86129032258065 5.24354838709677 0 0 0 "BE" 1975
3 1976 0.919354838709677 4.40161290322581 0 0 0 "BE" 1976
3 1977 2.88387096774194 7.91290322580645 0 0 0 "BE" 1977
3 1978 2.9741935483871 6.95322580645161 0 0 0 "BE" 1978
3 1979 4.21612903225806 5.4758064516129 0 0 0 "BE" 1979
3 1980 3.38387096774194 5.78064516129032 0 0 0 "BE" 1980
3 1981 3.46451612903226 9.35967741935484 0 0 0 "BE" 1981
3 1982 2.29677419354839 6.12741935483871 0 0 0 "BE" 1982
3 1983 2.89354838709677 6.23548387096774 0 0 0 "BE" 1983
3 1984 1.59032258064516 4.53064516129032 0 0 0 "BE" 1984
3 1985 2.55161290322581 4.33870967741935 0 0 0 "BE" 1985
3 1986 4.0741935483871 5.36774193548387 0 0 0 "BE" 1986
3 1987 3.27741935483871 2.95967741935484 0 0 0 "BE" 1987
3 1988 4.45483870967742 5.50967741935484 0 0 0 "BE" 1988
3 1989 2.81612903225806 8.9241935483871 0 0 0 "BE" 1989
3 1990 0.948387096774194 8.69354838709677 0 0 0 "BE" 1990
3 1991 0.793548387096774 9.52903225806452 0 0 0 "BE" 1991
3 1992 2.99354838709677 7.09032258064516 0 0 0 "BE" 1992
3 1993 0.135483870967742 6.53870967741936 0 0 0 "BE" 1993
3 1994 3.0741935483871 7.43548387096774 0 0 0 "BE" 1994
3 1995 2.48064516129032 5.80806451612903 0 0 0 "BE" 1995
3 1996 0.841935483870968 3.88064516129032 0 0 0 "BE" 1996
3 1997 0.783870967741936 8.75806451612903 0 0 0 "BE" 1997
3 1998 2.70967741935484 7.56612903225806 0 0 0 "BE" 1998
3 1999 2.31935483870968 7.63387096774194 0 0 0 "BE" 1999
3 2000 2.425 7.95 0 0 0 "BE" 2000
3 2001 4.48571428571429 8.52857142857143 0 0 0 "BE" 2001
3 2002 5.66666666666667 9.26666666666667 0 0 0 "BE" 2002
3 2003 0.773333333333333 8.62 0 0 0 "BE" 2003
3 2004 3.625 7.1625 0 0 0 "BE" 2004
3 2005 1 9.325 0 0 0 "BE" 2005
3 2006 1.51428571428571 4.97142857142857 0 0 0 "BE" 2006
3 2007 0.725 8.635 0 0 0 "BE" 2007
3 2008 2.76363636363636 6.05227272727273 0 0 0 "BE" 2008
3 2009 2.90952380952381 6.97857142857143 0 0 0 "BE" 2009
3 2010 0.761904761904762 6.99047619047619 0 0 0 "BE" 2010
3 2011 0.775 8.4375 0 0 0 "BE" 2011
3 2012 0.25 9.87727272727273 0 0 0 "BE" 2012
3 2013 0.595 3.3575 0 0 0 "BE" 2013
3 2014 0.228 9.776 0 0 0 "BE" 2014
3 2015 0.422222222222222 7.32777777777778 0 0 0 "BE" 2015
3 2016 0.181818181818182 4.86363636363636 0 0 0 "BE" 2016
3 2017 10.7 8.075 0 0 0 "BE" 2017
3 2018 4.78 9.12 0 0 0 "BE" 2018
4 1970 3.07666666666667 6.62833333333333 0 0 0 "BE" 1970
4 1971 0.866666666666667 9.36666666666667 0 0 0 "BE" 1971
4 1972 2.65333333333333 8.53666666666667 0 0 0 "BE" 1972
4 1973 2.88666666666667 7.02666666666667 0 0 0 "BE" 1973
4 1974 0.88 10.5066666666667 0 0 0 "BE" 1974
4 1975 2.20333333333333 8.42333333333333 0 0 0 "BE" 1975
4 1976 0.336666666666667 8.47333333333333 0 0 0 "BE" 1976
4 1977 2.4 6.90833333333333 0 0 0 "BE" 1977
4 1978 1.83666666666667 7.795 0 0 0 "BE" 1978
4 1979 2.26666666666667 8.60333333333333 0 0 0 "BE" 1979
4 1980 1.54333333333333 8.20666666666667 0 0 0 "BE" 1980
4 1981 1.34666666666667 8.95166666666667 0 0 0 "BE" 1981
4 1982 1.16666666666667 8.54 0 0 0 "BE" 1982
4 1983 2.63666666666667 9.18166666666667 0 0 0 "BE" 1983
4 1984 0.87 8.47666666666667 0 0 0 "BE" 1984
4 1985 3.52333333333333 9.20166666666667 0 0 0 "BE" 1985
4 1986 1.88666666666667 6.99666666666667 0 0 0 "BE" 1986
4 1987 0.75 11.735 0 0 0 "BE" 1987
4 1988 0.75 9.51 0 0 0 "BE" 1988
4 1989 3.10666666666667 7.44666666666667 0 0 0 "BE" 1989
4 1990 2.07666666666667 8.69 0 0 0 "BE" 1990
4 1991 2.31333333333333 9.025 0 0 0 "BE" 1991
4 1992 1.88333333333333 9.18166666666667 0 0 0 "BE" 1992
4 1993 1.06666666666667 11.8116666666667 0 0 0 "BE" 1993
4 1994 1.76 9.16833333333333 0 0 0 "BE" 1994
4 1995 1.71 9.29333333333333 0 0 0 "BE" 1995
4 1996 0.2 10.0916666666667 0 0 0 "BE" 1996
4 1997 0.813333333333333 8.415 0 0 0 "BE" 1997
4 1998 3.57333333333333 9.52833333333333 0 0 0 "BE" 1998
4 1999 2.36666666666667 10.2883333333333 0 0 0 "BE" 1999
4 2000 5.51428571428571 10.7785714285714 0 0 0 "BE" 2000
4 2001 4.99166666666667 8.25833333333333 0 0 0 "BE" 2001
4 2002 4.45 9.25 0 0 0 "BE" 2002
4 2003 0.614285714285714 8.40357142857143 0 0 0 "BE" 2003
4 2004 3.26 8.24 0 0 0 "BE" 2004
4 2005 7.9 6.55 0 0 0 "BE" 2005
4 2006 1.11363636363636 9.49545454545455 0 0 0 "BE" 2006
4 2007 0 14.3655172413793 0 0 0 "BE" 2007
4 2008 0.611538461538461 9.43846153846154 0 0 0 "BE" 2008
4 2009 1.832 12.574 0 0 0 "BE" 2009
4 2010 0.489285714285714 10.2660714285714 0 0 0 "BE" 2010
4 2011 0.738095238095238 15.1404761904762 0 0 0 "BE" 2011
4 2012 2.14782608695652 8.75652173913043 0 0 0 "BE" 2012
4 2013 0.738461538461538 8.925 0 0 0 "BE" 2013
4 2014 0.410714285714286 12.7142857142857 0 0 0 "BE" 2014
4 2016 2.3 8.00333333333333 0 0 0 "BE" 2016
4 2017 1.13333333333333 6.2 0 0 0 "BE" 2017
4 2018 3.65 10.4 0 0 0 "BE" 2018
5 1970 1.07096774193548 13.6596774193548 0 0 0 "BE" 1970
5 1971 4.29354838709677 15.1612903225806 0 0 0 "BE" 1971
5 1972 3.14516129032258 12.2290322580645 0 0 0 "BE" 1972
5 1973 2.54838709677419 13.15 0 0 0 "BE" 1973
5 1974 1.76129032258065 12.2741935483871 0 0 0 "BE" 1974
5 1975 0.625806451612903 12.05 0 0 0 "BE" 1975
5 1976 0.980645161290323 14.491935483871 0 0 0 "BE" 1976
5 1977 2.51290322580645 12.3 0 0 0 "BE" 1977
5 1978 3.92258064516129 12.8129032258065 0 0 0 "BE" 1978
5 1979 1.95806451612903 12.5548387096774 0 0 0 "BE" 1979
5 1980 2.16774193548387 12.1112903225806 0 0 0 "BE" 1980
5 1981 3.39032258064516 13.4645161290323 0 0 0 "BE" 1981
5 1982 1.73548387096774 13.4258064516129 0 0 0 "BE" 1982
5 1983 3.17741935483871 11.3435483870968 0 0 0 "BE" 1983
5 1984 4.29032258064516 10.5983870967742 0 0 0 "BE" 1984
5 1985 1.90645161290323 13.6403225806452 0 0 0 "BE" 1985
5 1986 1.68064516129032 13.9838709677419 0 0 0 "BE" 1986
5 1987 2.60645161290323 10.6854838709677 0 0 0 "BE" 1987
5 1988 3.74193548387097 14.5403225806452 0 0 0 "BE" 1988
5 1989 0.641935483870968 15.5983870967742 0 0 0 "BE" 1989
5 1990 0.612903225806452 15.1241935483871 0 0 0 "BE" 1990
5 1991 0.867741935483871 10.5306451612903 0 0 0 "BE" 1991
5 1992 1.59032258064516 15.5129032258065 0 0 0 "BE" 1992
5 1993 2.37741935483871 14.891935483871 0 0 0 "BE" 1993
5 1994 2.23870967741935 12.9209677419355 0 0 0 "BE" 1994
5 1995 1.94516129032258 13.5387096774194 0 0 0 "BE" 1995
5 1996 2.36774193548387 10.7967741935484 0 0 0 "BE" 1996
5 1997 2.92903225806452 13.3967741935484 0 0 0 "BE" 1997
5 1998 1.14516129032258 15.3645161290323 0 0 0 "BE" 1998
5 1999 1.29032258064516 14.8129032258065 0 0 0 "BE" 1999
5 2000 4.41666666666667 13.5333333333333 0 0 0 "BE" 2000
5 2001 2.3 8.55 0 0 0 "BE" 2001
5 2002 5.28 12.34 0 0 0 "BE" 2002
5 2003 2.05555555555556 14.0888888888889 0 0 0 "BE" 2003
5 2004 7.8 11.3375 0 0 0 "BE" 2004
5 2005 2.03333333333333 12.5833333333333 0 0 0 "BE" 2005
5 2006 2.01363636363636 14.4863636363636 0 0 0 "BE" 2006
5 2007 3.17037037037037 14.9611111111111 0 0 0 "BE" 2007
5 2008 0.827586206896552 16.4431034482759 0 0 0 "BE" 2008
5 2009 1.71071428571429 14.4732142857143 0 0 0 "BE" 2009
5 2010 1.06153846153846 11.6 0 0 0 "BE" 2010
5 2011 0.364 14.64 0 0 0 "BE" 2011
5 2012 1.88260869565217 16.1739130434783 0 0 0 "BE" 2012
5 2013 3.7 11.66875 0 0 0 "BE" 2013
5 2014 1.62083333333333 13.4895833333333 0 0 0 "BE" 2014
5 2016 1.17777777777778 13.825 0 0 0 "BE" 2016
5 2017 3.4 14.3625 0 0 0 "BE" 2017
5 2018 7.9 18.4 0 0 0 "BE" 2018
6 1970 0.826666666666667 18.3033333333333 0 0 0 "BE" 1970
6 1971 3.50333333333333 14.59 0 0 0 "BE" 1971
6 1972 2.54333333333333 14.255 0 0 0 "BE" 1972
6 1973 1.46666666666667 17.1433333333333 0 0 0 "BE" 1973
6 1974 2.93666666666667 15.5783333333333 0 0 0 "BE" 1974
6 1975 1.80666666666667 15.5833333333333 0 0 0 "BE" 1975
6 1976 0.403333333333333 19.1483333333333 0 0 0 "BE" 1976
6 1977 3.88666666666667 14.6266666666667 0 0 0 "BE" 1977
6 1978 2.8 15.3466666666667 0 0 0 "BE" 1978
6 1979 2.23333333333333 15.6533333333333 0 0 0 "BE" 1979
6 1980 3.38 15.03 0 0 0 "BE" 1980
6 1981 4.10333333333333 14.97 0 0 0 "BE" 1981
6 1982 3.59666666666667 17.22 0 0 0 "BE" 1982
6 1983 2.12333333333333 16.7833333333333 0 0 0 "BE" 1983
6 1984 1.48333333333333 14.4683333333333 0 0 0 "BE" 1984
6 1985 4.01 14.6166666666667 0 0 0 "BE" 1985
6 1986 3.02666666666667 17.4066666666667 0 0 0 "BE" 1986
6 1987 4.28666666666667 14.4816666666667 0 0 0 "BE" 1987
6 1988 0.65 15.2816666666667 0 0 0 "BE" 1988
6 1989 1.76333333333333 16.2283333333333 0 0 0 "BE" 1989
6 1990 3.18333333333333 15.5133333333333 0 0 0 "BE" 1990
6 1991 3.34333333333333 13.51 0 0 0 "BE" 1991
6 1992 3.89 16.825 0 0 0 "BE" 1992
6 1993 2.2 16.6916666666667 0 0 0 "BE" 1993
6 1994 1.83333333333333 16.225 0 0 0 "BE" 1994
6 1995 2.50333333333333 14.985 0 0 0 "BE" 1995
6 1996 0.763333333333333 16.3916666666667 0 0 0 "BE" 1996
6 1997 3.04666666666667 16.3983333333333 0 0 0 "BE" 1997
6 1998 2.92333333333333 16.4866666666667 0 0 0 "BE" 1998
6 1999 2.77 15.5216666666667 0 0 0 "BE" 1999
6 2000 2.7 14.425 0 0 0 "BE" 2000
6 2001 4.8 12.175 0 0 0 "BE" 2001
6 2002 7.18333333333333 16.2583333333333 0 0 0 "BE" 2002
6 2003 0 18.4333333333333 0 0 0 "BE" 2003
6 2004 5.05 14 0 0 0 "BE" 2004
6 2005 5.68571428571429 18.8071428571429 0 0 0 "BE" 2005
6 2006 0.448 17.042 0 0 0 "BE" 2006
6 2007 2.752 18.01 0 0 0 "BE" 2007
6 2008 0.508333333333333 16.7666666666667 0 0 0 "BE" 2008
6 2009 5.22758620689655 16.6465517241379 0 0 0 "BE" 2009
6 2010 0.874074074074074 17.2740740740741 0 0 0 "BE" 2010
6 2011 0.89 17.3425 0 0 0 "BE" 2011
6 2012 2.79 15.9175 0 0 0 "BE" 2012
6 2013 1.52916666666667 15.9291666666667 0 0 0 "BE" 2013
6 2014 1.22 16.624 0 0 0 "BE" 2014
6 2016 5.33333333333333 15.7 0 0 0 "BE" 2016
6 2017 5.25 15.775 0 0 0 "BE" 2017
7 1970 2.23225806451613 16.6161290322581 0 0 0 "BE" 1970
7 1971 2.03870967741935 18.9725806451613 0 0 0 "BE" 1971
7 1972 2.74193548387097 17.9258064516129 0 0 0 "BE" 1972
7 1973 2.04193548387097 17.6967741935484 0 0 0 "BE" 1973
7 1974 2.35806451612903 16.0903225806452 0 0 0 "BE" 1974
7 1975 1.48387096774194 18.6951612903226 0 0 0 "BE" 1975
7 1976 3.06774193548387 20.5145161290323 0 0 0 "BE" 1976
7 1977 2.19354838709677 17.0612903225806 0 0 0 "BE" 1977
7 1978 2.77741935483871 15.891935483871 0 0 0 "BE" 1978
7 1979 0.612903225806452 16.6854838709677 0 0 0 "BE" 1979
7 1980 5.71935483870968 15.7951612903226 0 0 0 "BE" 1980
7 1981 1.1258064516129 16.8790322580645 0 0 0 "BE" 1981
7 1982 1.3258064516129 18.9532258064516 0 0 0 "BE" 1982
7 1983 1.0741935483871 21.4370967741935 0 0 0 "BE" 1983
7 1984 1.20645161290323 17.1854838709677 0 0 0 "BE" 1984
7 1985 1.85483870967742 18.2387096774194 0 0 0 "BE" 1985
7 1986 1.05806451612903 17.7951612903226 0 0 0 "BE" 1986
7 1987 3.98387096774194 17.4693548387097 0 0 0 "BE" 1987
7 1988 4.49032258064516 16.3822580645161 0 0 0 "BE" 1988
7 1989 0.638709677419355 18.9677419354839 0 0 0 "BE" 1989
7 1990 0.980645161290323 17.758064516129 0 0 0 "BE" 1990
7 1991 3.56774193548387 18.9709677419355 0 0 0 "BE" 1991
7 1992 2.18064516129032 18.6096774193548 0 0 0 "BE" 1992
7 1993 3.47096774193548 16.9403225806452 0 0 0 "BE" 1993
7 1994 2.21290322580645 21.5677419354839 0 0 0 "BE" 1994
7 1995 1.6258064516129 20.991935483871 0 0 0 "BE" 1995
7 1996 1.80645161290323 17.2548387096774 0 0 0 "BE" 1996
7 1997 2.4 17.6161290322581 0 0 0 "BE" 1997
7 1998 1.41290322580645 16.5225806451613 0 0 0 "BE" 1998
7 1999 1.11290322580645 19.5064516129032 0 0 0 "BE" 1999
7 2000 7.9375 14.74375 0 0 0 "BE" 2000
7 2001 8.825 15.6875 0 0 0 "BE" 2001
7 2002 7.7375 17.3625 0 0 0 "BE" 2002
7 2003 2.804 19.604 0 0 0 "BE" 2003
7 2004 3.9 15.15625 0 0 0 "BE" 2004
7 2005 3.24347826086957 19.0630434782609 0 0 0 "BE" 2005
7 2006 0.95 23.31875 0 0 0 "BE" 2006
7 2007 2.65172413793103 17.5327586206897 0 0 0 "BE" 2007
7 2008 2.08461538461538 18.1865384615385 0 0 0 "BE" 2008
7 2009 1.492 18.984 0 0 0 "BE" 2009
7 2010 1.28636363636364 20.4409090909091 0 0 0 "BE" 2010
7 2011 1.7 16.1071428571429 0 0 0 "BE" 2011
7 2012 1.97272727272727 18.0386363636364 0 0 0 "BE" 2012
7 2013 1.46538461538462 20.7134615384615 0 0 0 "BE" 2013
7 2014 2.00454545454545 19.8409090909091 0 0 0 "BE" 2014
7 2016 1.14117647058824 18.9794117647059 0 0 0 "BE" 2016
7 2017 2.65 16.425 0 0 0 "BE" 2017
8 1970 2.24838709677419 17.6290322580645 0 0 0 "BE" 1970
8 1971 2.03870967741935 17.6935483870968 0 0 0 "BE" 1971
8 1972 1.79032258064516 16.5322580645161 0 0 0 "BE" 1972
8 1973 0.906451612903226 19.2564516129032 0 0 0 "BE" 1973
8 1974 2.53225806451613 17.5983870967742 0 0 0 "BE" 1974
8 1975 2.10645161290323 20.2032258064516 0 0 0 "BE" 1975
8 1976 0.487096774193548 18.7338709677419 0 0 0 "BE" 1976
8 1977 1.39354838709677 16.5709677419355 0 0 0 "BE" 1977
8 1978 0.970967741935484 15.9354838709677 0 0 0 "BE" 1978
8 1979 3.40967741935484 16.2241935483871 0 0 0 "BE" 1979
8 1980 2.24838709677419 17.6612903225806 0 0 0 "BE" 1980
8 1981 2.0258064516129 17.191935483871 0 0 0 "BE" 1981
8 1982 2.43548387096774 17.691935483871 0 0 0 "BE" 1982
8 1983 0.335483870967742 19.0274193548387 0 0 0 "BE" 1983
8 1984 1.00645161290323 18.5951612903226 0 0 0 "BE" 1984
8 1985 1.9741935483871 16.6129032258065 0 0 0 "BE" 1985
8 1986 1.94838709677419 16.4612903225806 0 0 0 "BE" 1986
8 1987 2.66129032258065 16.9887096774194 0 0 0 "BE" 1987
8 1988 2.51935483870968 17.4854838709677 0 0 0 "BE" 1988
8 1989 1.18387096774194 18.1483870967742 0 0 0 "BE" 1989
8 1990 1.42903225806452 19.7048387096774 0 0 0 "BE" 1990
8 1991 0.506451612903226 18.8532258064516 0 0 0 "BE" 1991
8 1992 5.82258064516129 18.3774193548387 0 0 0 "BE" 1992
8 1993 1.29354838709677 15.708064516129 0 0 0 "BE" 1993
8 1994 2.61935483870968 17.9016129032258 0 0 0 "BE" 1994
8 1995 0.696774193548387 20.4564516129032 0 0 0 "BE" 1995
8 1996 7.45806451612903 17.7564516129032 0 0 0 "BE" 1996
8 1997 1.69677419354839 21.1516129032258 0 0 0 "BE" 1997
8 1998 2.08709677419355 16.9870967741935 0 0 0 "BE" 1998
8 1999 2.94193548387097 17.8887096774194 0 0 0 "BE" 1999
8 2000 3.46 18.9 0 0 0 "BE" 2000
8 2001 5.43333333333333 18.05 0 0 0 "BE" 2001
8 2002 10.625 18.0875 0 0 0 "BE" 2002
8 2003 1.81428571428571 21.397619047619 0 0 0 "BE" 2003
8 2004 5.61111111111111 19.4444444444444 0 0 0 "BE" 2004
8 2005 1.49615384615385 17.0807692307692 0 0 0 "BE" 2005
8 2006 5.41538461538462 17.1961538461538 0 0 0 "BE" 2006
8 2007 0.673913043478261 17.4413043478261 0 0 0 "BE" 2007
8 2008 2.332 17.756 0 0 0 "BE" 2008
8 2009 0.685185185185185 19.4388888888889 0 0 0 "BE" 2009
8 2010 5.13703703703704 17.5222222222222 0 0 0 "BE" 2010
8 2011 7.1 17.8090909090909 0 0 0 "BE" 2011
8 2012 0.304 19.848 0 0 0 "BE" 2012
8 2013 0.272727272727273 18.7295454545455 0 0 0 "BE" 2013
8 2014 4.34090909090909 16.6113636363636 0 0 0 "BE" 2014
8 2016 11.05 15.525 0 0 0 "BE" 2016
8 2017 2.8 18.225 0 0 0 "BE" 2017
9 1970 2.32666666666667 16.0866666666667 0 0 0 "BE" 1970
9 1971 0.596666666666667 14.8133333333333 0 0 0 "BE" 1971
9 1972 1.56333333333333 12.8816666666667 0 0 0 "BE" 1972
9 1973 2.61666666666667 15.8616666666667 0 0 0 "BE" 1973
9 1974 4.75 13.6316666666667 0 0 0 "BE" 1974
9 1975 2.64 16.03 0 0 0 "BE" 1975
9 1976 1.71 14.9483333333333 0 0 0 "BE" 1976
9 1977 0.973333333333333 13.7116666666667 0 0 0 "BE" 1977
9 1978 1.48333333333333 13.9033333333333 0 0 0 "BE" 1978
9 1979 0.22 14.7516666666667 0 0 0 "BE" 1979
9 1980 0.52 16.1483333333333 0 0 0 "BE" 1980
9 1981 2.17333333333333 15.325 0 0 0 "BE" 1981
9 1982 1.38666666666667 17.1283333333333 0 0 0 "BE" 1982
9 1983 1.63666666666667 14.8216666666667 0 0 0 "BE" 1983
9 1984 6.62666666666667 13.8866666666667 0 0 0 "BE" 1984
9 1985 0.936666666666667 15.4216666666667 0 0 0 "BE" 1985
9 1986 2.98666666666667 11.785 0 0 0 "BE" 1986
9 1987 1.01666666666667 15.6866666666667 0 0 0 "BE" 1987
9 1988 2.64666666666667 14.3533333333333 0 0 0 "BE" 1988
9 1989 2.09 15.9466666666667 0 0 0 "BE" 1989
9 1990 1.89 13.12 0 0 0 "BE" 1990
9 1991 1.85666666666667 16.155 0 0 0 "BE" 1991
9 1992 1.04333333333333 14.5083333333333 0 0 0 "BE" 1992
9 1993 3.13333333333333 13.69 0 0 0 "BE" 1993
9 1994 3.96333333333333 13.8866666666667 0 0 0 "BE" 1994
9 1995 2.06 14.3833333333333 0 0 0 "BE" 1995
9 1996 1.56666666666667 12.77 0 0 0 "BE" 1996
9 1997 0.55 14.7366666666667 0 0 0 "BE" 1997
9 1998 4.63666666666667 15.475 0 0 0 "BE" 1998
9 1999 1.41666666666667 17.835 0 0 0 "BE" 1999
9 2000 4.98 15.92 0 0 0 "BE" 2000
9 2001 8.27692307692308 13.3269230769231 0 0 0 "BE" 2001
9 2002 0.891666666666667 14.5041666666667 0 0 0 "BE" 2002
9 2003 1.25625 15.93125 0 0 0 "BE" 2003
9 2004 9.3 12.5 0 0 0 "BE" 2004
9 2005 2.11304347826087 17.0978260869565 0 0 0 "BE" 2005
9 2006 0.178571428571429 18.875 0 0 0 "BE" 2006
9 2007 0.608695652173913 14.3586956521739 0 0 0 "BE" 2007
9 2008 1.148 14.072 0 0 0 "BE" 2008
9 2009 0.617391304347826 16.2434782608696 0 0 0 "BE" 2009
9 2010 2.56521739130435 14.9913043478261 0 0 0 "BE" 2010
9 2011 1.08076923076923 17.0673076923077 0 0 0 "BE" 2011
9 2012 0.417391304347826 14.7282608695652 0 0 0 "BE" 2012
9 2013 1.23333333333333 15.1857142857143 0 0 0 "BE" 2013
9 2014 0.191666666666667 16.6270833333333 0 0 0 "BE" 2014
9 2016 0.5 18.1 0 0 0 "BE" 2016
9 2017 3.6 14.825 0 0 0 "BE" 2017
10 1970 2.36774193548387 11.3338709677419 0 0 0 "BE" 1970
10 1971 0.687096774193548 11.3709677419355 0 0 0 "BE" 1971
10 1972 0.725806451612903 10.091935483871 0 0 0 "BE" 1972
10 1973 2.21290322580645 9.90806451612903 0 0 0 "BE" 1973
10 1974 5.26129032258064 7.47903225806452 0 0 0 "BE" 1974
10 1975 0.167741935483871 9.57741935483871 0 0 0 "BE" 1975
10 1976 1.8 12.1274193548387 0 0 0 "BE" 1976
10 1977 1.12258064516129 12.85 0 0 0 "BE" 1977
10 1978 0.838709677419355 11.7532258064516 0 0 0 "BE" 1978
10 1979 1.35161290322581 12.1629032258065 0 0 0 "BE" 1979
10 1980 2.94516129032258 9.74516129032258 0 0 0 "BE" 1980
10 1981 3.99032258064516 9.74354838709677 0 0 0 "BE" 1981
10 1982 4.33548387096774 11.4016129032258 0 0 0 "BE" 1982
10 1983 1.27741935483871 11.0983870967742 0 0 0 "BE" 1983
10 1984 3.33870967741935 11.6983870967742 0 0 0 "BE" 1984
10 1985 0.764516129032258 11.3725806451613 0 0 0 "BE" 1985
10 1986 3.76774193548387 12.1629032258065 0 0 0 "BE" 1986
10 1987 2.87741935483871 11.4403225806452 0 0 0 "BE" 1987
10 1988 2.32903225806452 11.6209677419355 0 0 0 "BE" 1988
10 1989 2.10967741935484 12.991935483871 0 0 0 "BE" 1989
10 1990 2.58064516129032 12.7629032258065 0 0 0 "BE" 1990
10 1991 0.787096774193548 10.8693548387097 0 0 0 "BE" 1991
10 1992 2.62258064516129 8.04677419354839 0 0 0 "BE" 1992
10 1993 2.70967741935484 9.46774193548387 0 0 0 "BE" 1993
10 1994 1.95483870967742 10.3887096774194 0 0 0 "BE" 1994
10 1995 0.193548387096774 13.9016129032258 0 0 0 "BE" 1995
10 1996 1.45806451612903 11.1612903225806 0 0 0 "BE" 1996
10 1997 2.8741935483871 10.4177419354839 0 0 0 "BE" 1997
10 1998 4.15161290322581 9.5741935483871 0 0 0 "BE" 1998
10 1999 1.51612903225806 10.858064516129 0 0 0 "BE" 1999
10 2000 4.38571428571429 10.4928571428571 0 0 0 "BE" 2000
10 2001 5.65 14.325 0 0 0 "BE" 2001
10 2002 3.66666666666667 10.7888888888889 0 0 0 "BE" 2002
10 2003 2.1 8.30833333333333 0 0 0 "BE" 2003
10 2004 0 18 0 0 0 "BE" 2004
10 2005 1.17407407407407 14.7074074074074 0 0 0 "BE" 2005
10 2006 0.515384615384615 15.2038461538462 0 0 0 "BE" 2006
10 2007 1.09615384615385 10.5480769230769 0 0 0 "BE" 2007
10 2008 1.15454545454545 10.9977272727273 0 0 0 "BE" 2008
10 2009 0.55 10.6111111111111 0 0 0 "BE" 2009
10 2010 0.781818181818182 11.2931818181818 0 0 0 "BE" 2010
10 2011 1.46 12.4575 0 0 0 "BE" 2011
10 2012 1.11666666666667 12.0444444444444 0 0 0 "BE" 2012
10 2013 2.465 13.1075 0 0 0 "BE" 2013
10 2014 1.46666666666667 13.9138888888889 0 0 0 "BE" 2014
10 2016 13.2 12.15 0 0 0 "BE" 2016
10 2017 3.125 13.05 0 0 0 "BE" 2017
10 2018 2.15 8.7 0 0 0 "BE" 2018
11 1970 2.07 8.79 0 0 0 "BE" 1970
11 1971 3.92 5.26166666666667 0 0 0 "BE" 1971
11 1972 2.38666666666667 6.11833333333333 0 0 0 "BE" 1972
11 1973 2.86 5.905 0 0 0 "BE" 1973
11 1974 3.53333333333333 6.975 0 0 0 "BE" 1974
11 1975 4.48666666666667 5.52333333333333 0 0 0 "BE" 1975
11 1976 2.98666666666667 6.92333333333333 0 0 0 "BE" 1976
11 1977 4.24333333333333 6.945 0 0 0 "BE" 1977
11 1978 1.00666666666667 6.60833333333333 0 0 0 "BE" 1978
11 1979 3.55 6.18666666666667 0 0 0 "BE" 1979
11 1980 1.63 4.56833333333333 0 0 0 "BE" 1980
11 1981 2.83333333333333 6.99833333333333 0 0 0 "BE" 1981
11 1982 2.24333333333333 8.28166666666667 0 0 0 "BE" 1982
11 1983 1.87333333333333 6.91333333333333 0 0 0 "BE" 1983
11 1984 2.62 9.93833333333333 0 0 0 "BE" 1984
11 1985 2.00333333333333 3.28333333333333 0 0 0 "BE" 1985
11 1986 2.51666666666667 8.015 0 0 0 "BE" 1986
11 1987 3.54 6.21 0 0 0 "BE" 1987
11 1988 1.61333333333333 5.63166666666667 0 0 0 "BE" 1988
11 1989 0.736666666666667 6.04666666666667 0 0 0 "BE" 1989
11 1990 2.20333333333333 6.38 0 0 0 "BE" 1990
11 1991 5.82 5.72 0 0 0 "BE" 1991
11 1992 2.92666666666667 7.65166666666667 0 0 0 "BE" 1992
11 1993 2.44 3.00333333333333 0 0 0 "BE" 1993
11 1994 1.12 10.4466666666667 0 0 0 "BE" 1994
11 1995 1.38 7.07833333333333 0 0 0 "BE" 1995
11 1996 3.89 5.36333333333333 0 0 0 "BE" 1996
11 1997 2.11666666666667 7.26833333333333 0 0 0 "BE" 1997
11 1998 2.92666666666667 3.68166666666667 0 0 0 "BE" 1998
11 1999 1.09 5.97666666666667 0 0 0 "BE" 1999
11 2000 2.2 8.1 0 0 0 "BE" 2000
11 2001 4.4 7.65 0 0 0 "BE" 2001
11 2002 1.48333333333333 8.55833333333333 0 0 0 "BE" 2002
11 2003 5.2 9.00714285714286 0 0 0 "BE" 2003
11 2004 2 6.1 0 0 0 "BE" 2004
11 2005 1.125 6.475 0 0 0 "BE" 2005
11 2006 2.21538461538462 9.53846153846154 0 0 0 "BE" 2006
11 2007 0.785714285714286 6.41904761904762 0 0 0 "BE" 2007
11 2008 0.588235294117647 7.65882352941177 0 0 0 "BE" 2008
11 2009 3.60769230769231 9.89615384615385 0 0 0 "BE" 2009
11 2010 1.16666666666667 4.65416666666667 0 0 0 "BE" 2010
11 2011 0.2 9.465 0 0 0 "BE" 2011
11 2012 2.36666666666667 8.04444444444444 0 0 0 "BE" 2012
11 2013 1.96875 5.671875 0 0 0 "BE" 2013
11 2014 0.784615384615385 9.01923076923077 0 0 0 "BE" 2014
11 2016 3.6 7.21 0 0 0 "BE" 2016
11 2017 2.5 2.45 0 0 0 "BE" 2017
11 2018 4.1 11.3 0 0 0 "BE" 2018
12 1970 0.809677419354839 2.51451612903226 0 0 0 "BE" 1970
12 1971 0.516129032258065 5.42096774193548 0 0 0 "BE" 1971
12 1972 1.0258064516129 4.96451612903226 0 0 0 "BE" 1972
12 1973 2.04193548387097 3.31774193548387 0 0 0 "BE" 1973
12 1974 3.34193548387097 7.12903225806452 0 0 0 "BE" 1974
12 1975 1.44193548387097 2.74677419354839 0 0 0 "BE" 1975
12 1976 1.79354838709677 1.72258064516129 0 0 0 "BE" 1976
12 1977 1.9258064516129 5.78870967741936 0 0 0 "BE" 1977
12 1978 3.46774193548387 3.59677419354839 0 0 0 "BE" 1978
12 1979 3.7741935483871 5.94516129032258 0 0 0 "BE" 1979
12 1980 2.77096774193548 3.30161290322581 0 0 0 "BE" 1980
12 1981 3.42903225806452 1.00967741935484 0 0 0 "BE" 1981
12 1982 2.9 3.89677419354839 0 0 0 "BE" 1982
12 1983 1.62258064516129 4.43225806451613 0 0 0 "BE" 1983
12 1984 1.15806451612903 4.75806451612903 0 0 0 "BE" 1984
12 1985 2.53870967741935 6.2758064516129 0 0 0 "BE" 1985
12 1986 3.29032258064516 4.71612903225806 0 0 0 "BE" 1986
12 1987 0.874193548387097 3.96129032258065 0 0 0 "BE" 1987
12 1988 2.50645161290323 7.05161290322581 0 0 0 "BE" 1988
12 1989 2.88064516129032 5.28064516129032 0 0 0 "BE" 1989
12 1990 3.11935483870968 3.40967741935484 0 0 0 "BE" 1990
12 1991 2.27096774193548 3.58387096774194 0 0 0 "BE" 1991
12 1992 2.45161290322581 3.9741935483871 0 0 0 "BE" 1992
12 1993 5.48709677419355 4.91612903225806 0 0 0 "BE" 1993
12 1994 3.91935483870968 5.38225806451613 0 0 0 "BE" 1994
12 1995 2.39032258064516 0.854838709677419 0 0 0 "BE" 1995
12 1996 1.0741935483871 0.653225806451613 0 0 0 "BE" 1996
12 1997 2.41612903225806 4.9758064516129 0 0 0 "BE" 1997
12 1998 2.63548387096774 4.38870967741935 0 0 0 "BE" 1998
12 1999 5.54516129032258 4.28548387096774 0 0 0 "BE" 1999
12 2000 4.11428571428571 7.43571428571429 0 0 0 "BE" 2000
12 2001 2.44 3.87 0 0 0 "BE" 2001
12 2002 6.3875 4.10625 0 0 0 "BE" 2002
12 2003 4.325 5.35 0 0 0 "BE" 2003
12 2004 0.666666666666667 4.93333333333333 0 0 0 "BE" 2004
12 2005 1.33125 3.34375 0 0 0 "BE" 2005
12 2006 1.60714285714286 5.34642857142857 0 0 0 "BE" 2006
12 2007 1.45882352941176 3.20294117647059 0 0 0 "BE" 2007
12 2008 0.507692307692308 2.41538461538462 0 0 0 "BE" 2008
12 2009 3.04444444444444 0.233333333333333 0 0 0 "BE" 2009
12 2010 2.07142857142857 -0.571428571428571 0 0 0 "BE" 2010
12 2011 4.35454545454545 5.14545454545455 0 0 0 "BE" 2011
12 2012 4.46 4.955 0 0 0 "BE" 2012
12 2013 0.786666666666667 5.60666666666667 0 0 0 "BE" 2013
12 2014 2.22 5.13666666666667 0 0 0 "BE" 2014
12 2015 1.31666666666667 10.4083333333333 0 0 0 "BE" 2015
12 2016 6.75 5.975 0 0 0 "BE" 2016
12 2017 6.16 3.97 0 0 0 "BE" 2017
12 2018 6.28 9.07 0 0 0 "BE" 2018
