"MONTH" "YEAR" "ave_mo_t" "opium_t" "mj_t" "coca_t" "fips" "year"
1 1983 16.8857142857143 0 0 0 "BG" 1983
1 1984 15.25 0 0 0 "BG" 1984
1 1985 16.4928571428571 0 0 0 "BG" 1985
1 1986 18.525 0 0 0 "BG" 1986
1 1987 17.675 0 0 0 "BG" 1987
1 1988 18.5888888888889 0 0 0 "BG" 1988
1 1989 16.66875 0 0 0 "BG" 1989
1 1990 18.9888888888889 0 0 0 "BG" 1990
1 1991 16.4611111111111 0 0 0 "BG" 1991
1 1992 17.485 0 0 0 "BG" 1992
1 1993 16.1 0 0 0 "BG" 1993
1 1994 18.3 0 0 0 "BG" 1994
1 1995 17.25 0 0 0 "BG" 1995
1 1996 17.4625 0 0 0 "BG" 1996
1 2008 17.3 0 0 0 "BG" 2008
1 2014 17.1416666666667 0 0 0 "BG" 2014
1 2015 17.3052631578947 0 0 0 "BG" 2015
1 2016 17.47 0 0 0 "BG" 2016
1 2017 19.5416666666667 0 0 0 "BG" 2017
1 2018 14.853125 0 0 0 "BG" 2018
1 2019 20.1852941176471 0 0 0 "BG" 2019
2 1983 18.8583333333333 0 0 0 "BG" 1983
2 1984 18.2333333333333 0 0 0 "BG" 1984
2 1985 17.9375 0 0 0 "BG" 1985
2 1986 18.15 0 0 0 "BG" 1986
2 1987 20.9333333333333 0 0 0 "BG" 1987
2 1988 20.53 0 0 0 "BG" 1988
2 1989 18.7111111111111 0 0 0 "BG" 1989
2 1990 19.5928571428571 0 0 0 "BG" 1990
2 1991 20.5166666666667 0 0 0 "BG" 1991
2 1992 17.8428571428571 0 0 0 "BG" 1992
2 1993 18.95 0 0 0 "BG" 1993
2 1994 17.7833333333333 0 0 0 "BG" 1994
2 1995 18.5125 0 0 0 "BG" 1995
2 1996 19.7375 0 0 0 "BG" 1996
2 2001 21.875 0 0 0 "BG" 2001
2 2008 18.6 0 0 0 "BG" 2008
2 2009 20.1 0 0 0 "BG" 2009
2 2014 18.89 0 0 0 "BG" 2014
2 2015 19.9230769230769 0 0 0 "BG" 2015
2 2016 21.05 0 0 0 "BG" 2016
2 2018 20.4525 0 0 0 "BG" 2018
3 1983 21.9833333333333 0 0 0 "BG" 1983
3 1984 25.3533333333333 0 0 0 "BG" 1984
3 1985 23.75 0 0 0 "BG" 1985
3 1986 24.38 0 0 0 "BG" 1986
3 1987 22.25 0 0 0 "BG" 1987
3 1988 24.9 0 0 0 "BG" 1988
3 1989 24.15 0 0 0 "BG" 1989
3 1990 22.1888888888889 0 0 0 "BG" 1990
3 1991 24.9 0 0 0 "BG" 1991
3 1992 24.2 0 0 0 "BG" 1992
3 1993 23.95 0 0 0 "BG" 1993
3 1994 21.65 0 0 0 "BG" 1994
3 1995 23.54 0 0 0 "BG" 1995
3 1996 24.1 0 0 0 "BG" 1996
3 2000 24.45 0 0 0 "BG" 2000
3 2001 23.85 0 0 0 "BG" 2001
3 2006 24.4 0 0 0 "BG" 2006
3 2012 23.7 0 0 0 "BG" 2012
3 2013 24.75 0 0 0 "BG" 2013
3 2014 24.1142857142857 0 0 0 "BG" 2014
3 2015 24.75 0 0 0 "BG" 2015
3 2016 24.6111111111111 0 0 0 "BG" 2016
3 2017 22.1458333333333 0 0 0 "BG" 2017
3 2018 24.862 0 0 0 "BG" 2018
4 1983 24.85 0 0 0 "BG" 1983
4 1984 27.8916666666667 0 0 0 "BG" 1984
4 1985 27.275 0 0 0 "BG" 1985
4 1986 27.15 0 0 0 "BG" 1986
4 1987 27.18 0 0 0 "BG" 1987
4 1988 27.62 0 0 0 "BG" 1988
4 1989 27.2333333333333 0 0 0 "BG" 1989
4 1990 24.9 0 0 0 "BG" 1990
4 1991 27.5 0 0 0 "BG" 1991
4 1992 28.2214285714286 0 0 0 "BG" 1992
4 1993 25.675 0 0 0 "BG" 1993
4 1994 27.4333333333333 0 0 0 "BG" 1994
4 1995 27.5875 0 0 0 "BG" 1995
4 1996 27.5 0 0 0 "BG" 1996
4 2001 25.55 0 0 0 "BG" 2001
4 2009 28.5 0 0 0 "BG" 2009
4 2014 27.6631578947368 0 0 0 "BG" 2014
4 2015 24.85 0 0 0 "BG" 2015
4 2016 26.7361111111111 0 0 0 "BG" 2016
4 2017 25.3058823529412 0 0 0 "BG" 2017
4 2018 26.1347826086957 0 0 0 "BG" 2018
5 1983 25.8 0 0 0 "BG" 1983
5 1984 27.2714285714286 0 0 0 "BG" 1984
5 1986 24.175 0 0 0 "BG" 1986
5 1987 25.6 0 0 0 "BG" 1987
5 1988 27.8625 0 0 0 "BG" 1988
5 1989 27.9625 0 0 0 "BG" 1989
5 1990 27.1571428571429 0 0 0 "BG" 1990
5 1991 26.8857142857143 0 0 0 "BG" 1991
5 1992 27.2166666666667 0 0 0 "BG" 1992
5 1993 25.725 0 0 0 "BG" 1993
5 1995 29.6166666666667 0 0 0 "BG" 1995
5 1996 26.375 0 0 0 "BG" 1996
5 2001 26.85 0 0 0 "BG" 2001
5 2003 31.05 0 0 0 "BG" 2003
5 2007 29.6 0 0 0 "BG" 2007
5 2012 30.1 0 0 0 "BG" 2012
5 2014 29.2911764705882 0 0 0 "BG" 2014
5 2015 27.72 0 0 0 "BG" 2015
5 2016 25.7538461538462 0 0 0 "BG" 2016
5 2017 27.7921052631579 0 0 0 "BG" 2017
5 2018 26.3525 0 0 0 "BG" 2018
6 1983 28.46 0 0 0 "BG" 1983
6 1984 29.1916666666667 0 0 0 "BG" 1984
6 1986 26.9 0 0 0 "BG" 1986
6 1987 29.325 0 0 0 "BG" 1987
6 1988 28.1375 0 0 0 "BG" 1988
6 1989 28.8916666666667 0 0 0 "BG" 1989
6 1990 29.95 0 0 0 "BG" 1990
6 1991 28.57 0 0 0 "BG" 1991
6 1992 28.89 0 0 0 "BG" 1992
6 1993 28.045 0 0 0 "BG" 1993
6 1994 27.575 0 0 0 "BG" 1994
6 1995 31.35 0 0 0 "BG" 1995
6 1996 27.9 0 0 0 "BG" 1996
6 2001 29.575 0 0 0 "BG" 2001
6 2002 27.575 0 0 0 "BG" 2002
6 2009 29.6 0 0 0 "BG" 2009
6 2014 29.3690476190476 0 0 0 "BG" 2014
6 2015 28.9 0 0 0 "BG" 2015
6 2016 30.5 0 0 0 "BG" 2016
6 2017 29.33 0 0 0 "BG" 2017
6 2018 29.2113636363636 0 0 0 "BG" 2018
7 1982 29.95 0 0 0 "BG" 1982
7 1983 28.8583333333333 0 0 0 "BG" 1983
7 1984 29.2333333333333 0 0 0 "BG" 1984
7 1985 28.2125 0 0 0 "BG" 1985
7 1987 29.375 0 0 0 "BG" 1987
7 1988 29.38 0 0 0 "BG" 1988
7 1989 28.49375 0 0 0 "BG" 1989
7 1990 29.2 0 0 0 "BG" 1990
7 1991 29.4863636363636 0 0 0 "BG" 1991
7 1992 28.5125 0 0 0 "BG" 1992
7 1993 29.6375 0 0 0 "BG" 1993
7 1994 29.55 0 0 0 "BG" 1994
7 1995 28.85 0 0 0 "BG" 1995
7 1996 28.325 0 0 0 "BG" 1996
7 2003 29.95 0 0 0 "BG" 2003
7 2004 28.75 0 0 0 "BG" 2004
7 2007 29.25 0 0 0 "BG" 2007
7 2009 27.75 0 0 0 "BG" 2009
7 2014 30.0375 0 0 0 "BG" 2014
7 2015 29.6785714285714 0 0 0 "BG" 2015
7 2016 28.9105263157895 0 0 0 "BG" 2016
7 2017 29.7333333333333 0 0 0 "BG" 2017
7 2018 29.9210526315789 0 0 0 "BG" 2018
8 1982 29.55 0 0 0 "BG" 1982
8 1983 29.0833333333333 0 0 0 "BG" 1983
8 1984 29.2125 0 0 0 "BG" 1984
8 1985 29.75 0 0 0 "BG" 1985
8 1987 28.4 0 0 0 "BG" 1987
8 1989 29.75 0 0 0 "BG" 1989
8 1990 29.7454545454545 0 0 0 "BG" 1990
8 1991 29.5291666666667 0 0 0 "BG" 1991
8 1992 29.55 0 0 0 "BG" 1992
8 1993 29.6333333333333 0 0 0 "BG" 1993
8 1994 29.5833333333333 0 0 0 "BG" 1994
8 1995 29.9 0 0 0 "BG" 1995
8 1996 28.5625 0 0 0 "BG" 1996
8 2003 29.625 0 0 0 "BG" 2003
8 2007 30.25 0 0 0 "BG" 2007
8 2014 29.0525 0 0 0 "BG" 2014
8 2015 28.9619047619048 0 0 0 "BG" 2015
8 2016 30.2342105263158 0 0 0 "BG" 2016
8 2017 29.51 0 0 0 "BG" 2017
8 2018 30.3761904761905 0 0 0 "BG" 2018
9 1982 28.6 0 0 0 "BG" 1982
9 1983 27.15 0 0 0 "BG" 1983
9 1984 28.96 0 0 0 "BG" 1984
9 1985 28.675 0 0 0 "BG" 1985
9 1987 28.375 0 0 0 "BG" 1987
9 1988 28.45 0 0 0 "BG" 1988
9 1989 27.15 0 0 0 "BG" 1989
9 1990 28.19 0 0 0 "BG" 1990
9 1991 28.13125 0 0 0 "BG" 1991
9 1992 28.8125 0 0 0 "BG" 1992
9 1993 29.1666666666667 0 0 0 "BG" 1993
9 1994 27.625 0 0 0 "BG" 1994
9 1995 28.4 0 0 0 "BG" 1995
9 1996 29.2 0 0 0 "BG" 1996
9 2003 28.81 0 0 0 "BG" 2003
9 2007 30.45 0 0 0 "BG" 2007
9 2010 24.5 0 0 0 "BG" 2010
9 2014 28.497619047619 0 0 0 "BG" 2014
9 2015 28.7125 0 0 0 "BG" 2015
9 2016 28.746875 0 0 0 "BG" 2016
9 2017 29.6473684210526 0 0 0 "BG" 2017
9 2018 29.44375 0 0 0 "BG" 2018
10 1982 25.75 0 0 0 "BG" 1982
10 1983 27.2166666666667 0 0 0 "BG" 1983
10 1984 26.675 0 0 0 "BG" 1984
10 1985 26.6722222222222 0 0 0 "BG" 1985
10 1986 26.13 0 0 0 "BG" 1986
10 1987 27.39 0 0 0 "BG" 1987
10 1988 26.675 0 0 0 "BG" 1988
10 1989 27.45 0 0 0 "BG" 1989
10 1990 24.846875 0 0 0 "BG" 1990
10 1991 26.8708333333333 0 0 0 "BG" 1991
10 1992 25.9923076923077 0 0 0 "BG" 1992
10 1993 27.2428571428571 0 0 0 "BG" 1993
10 1994 25.05 0 0 0 "BG" 1994
10 1995 26.03 0 0 0 "BG" 1995
10 1996 24.3 0 0 0 "BG" 1996
10 2003 25.55 0 0 0 "BG" 2003
10 2009 28.55 0 0 0 "BG" 2009
10 2011 26.55 0 0 0 "BG" 2011
10 2012 26.2 0 0 0 "BG" 2012
10 2014 27.1342105263158 0 0 0 "BG" 2014
10 2015 27.5138888888889 0 0 0 "BG" 2015
10 2016 28.0558823529412 0 0 0 "BG" 2016
10 2017 27.3875 0 0 0 "BG" 2017
10 2018 26.4615384615385 0 0 0 "BG" 2018
11 1982 23.4333333333333 0 0 0 "BG" 1982
11 1983 21.9625 0 0 0 "BG" 1983
11 1984 22.75 0 0 0 "BG" 1984
11 1985 21.7833333333333 0 0 0 "BG" 1985
11 1986 21.925 0 0 0 "BG" 1986
11 1987 23.41 0 0 0 "BG" 1987
11 1988 22.7863636363636 0 0 0 "BG" 1988
11 1989 21.9416666666667 0 0 0 "BG" 1989
11 1990 24.275 0 0 0 "BG" 1990
11 1991 22 0 0 0 "BG" 1991
11 1992 22.6 0 0 0 "BG" 1992
11 1993 24.75 0 0 0 "BG" 1993
11 1994 23.275 0 0 0 "BG" 1994
11 1995 24.45 0 0 0 "BG" 1995
11 1996 20.25 0 0 0 "BG" 1996
11 2002 21.6 0 0 0 "BG" 2002
11 2014 23.2952380952381 0 0 0 "BG" 2014
11 2015 23.8525 0 0 0 "BG" 2015
11 2016 23.990625 0 0 0 "BG" 2016
11 2017 23.6 0 0 0 "BG" 2017
11 2018 22.8681818181818 0 0 0 "BG" 2018
12 1982 18.05 0 0 0 "BG" 1982
12 1983 18.525 0 0 0 "BG" 1983
12 1984 17.825 0 0 0 "BG" 1984
12 1985 19.8583333333333 0 0 0 "BG" 1985
12 1986 18.325 0 0 0 "BG" 1986
12 1987 19.7346153846154 0 0 0 "BG" 1987
12 1988 20.4083333333333 0 0 0 "BG" 1988
12 1989 17.4583333333333 0 0 0 "BG" 1989
12 1990 19.375 0 0 0 "BG" 1990
12 1991 18.3555555555556 0 0 0 "BG" 1991
12 1992 18.4545454545455 0 0 0 "BG" 1992
12 1993 18.97 0 0 0 "BG" 1993
12 1994 18.8666666666667 0 0 0 "BG" 1994
12 1995 18.77 0 0 0 "BG" 1995
12 1996 19.7916666666667 0 0 0 "BG" 1996
12 2009 21.05 0 0 0 "BG" 2009
12 2011 13.3 0 0 0 "BG" 2011
12 2013 19.075 0 0 0 "BG" 2013
12 2014 18.7875 0 0 0 "BG" 2014
12 2015 19.0392857142857 0 0 0 "BG" 2015
12 2016 20.8944444444444 0 0 0 "BG" 2016
12 2017 20.7147058823529 0 0 0 "BG" 2017
12 2018 20.2833333333333 0 0 0 "BG" 2018
1 1983 17.1692307692308 0 0 0 "BG" 1983
1 1984 18.1285714285714 0 0 0 "BG" 1984
1 1985 19.5722222222222 0 0 0 "BG" 1985
1 1986 18.7894736842105 0 0 0 "BG" 1986
1 1987 19.2 0 0 0 "BG" 1987
1 1988 19.2291666666667 0 0 0 "BG" 1988
1 1989 16.25 0 0 0 "BG" 1989
1 1990 19.2357142857143 0 0 0 "BG" 1990
1 1991 18.15 0 0 0 "BG" 1991
1 1992 18.425 0 0 0 "BG" 1992
1 1993 17.15 0 0 0 "BG" 1993
1 1994 20.45 0 0 0 "BG" 1994
1 1995 18.65 0 0 0 "BG" 1995
1 1996 18.7166666666667 0 0 0 "BG" 1996
1 1997 19.75 0 0 0 "BG" 1997
1 2008 20.55 0 0 0 "BG" 2008
1 2009 19.2 0 0 0 "BG" 2009
1 2014 17.78 0 0 0 "BG" 2014
1 2015 18.1763157894737 0 0 0 "BG" 2015
1 2016 18.4210526315789 0 0 0 "BG" 2016
1 2017 19.4 0 0 0 "BG" 2017
1 2018 15.590625 0 0 0 "BG" 2018
1 2019 21.48125 0 0 0 "BG" 2019
2 1983 20.71875 0 0 0 "BG" 1983
2 1984 18.6 0 0 0 "BG" 1984
2 1985 20.0714285714286 0 0 0 "BG" 1985
2 1986 20.6416666666667 0 0 0 "BG" 1986
2 1987 23.05 0 0 0 "BG" 1987
2 1988 21.31 0 0 0 "BG" 1988
2 1989 20.7 0 0 0 "BG" 1989
2 1990 21.5 0 0 0 "BG" 1990
2 1991 21.27 0 0 0 "BG" 1991
2 1992 18.95 0 0 0 "BG" 1992
2 1993 20.95 0 0 0 "BG" 1993
2 1994 20.2 0 0 0 "BG" 1994
2 1995 18.85 0 0 0 "BG" 1995
2 1996 21.65 0 0 0 "BG" 1996
2 2008 16.6 0 0 0 "BG" 2008
2 2009 21.125 0 0 0 "BG" 2009
2 2014 20.0833333333333 0 0 0 "BG" 2014
2 2015 21.0142857142857 0 0 0 "BG" 2015
2 2016 21.8333333333333 0 0 0 "BG" 2016
2 2018 21.8911764705882 0 0 0 "BG" 2018
3 1982 24.6 0 0 0 "BG" 1982
3 1983 24.95 0 0 0 "BG" 1983
3 1984 27.0625 0 0 0 "BG" 1984
3 1985 26.8166666666667 0 0 0 "BG" 1985
3 1986 25.1266666666667 0 0 0 "BG" 1986
3 1987 25.895 0 0 0 "BG" 1987
3 1988 25.325 0 0 0 "BG" 1988
3 1989 26.3875 0 0 0 "BG" 1989
3 1990 24.5875 0 0 0 "BG" 1990
3 1991 25.4142857142857 0 0 0 "BG" 1991
3 1992 26.5666666666667 0 0 0 "BG" 1992
3 1993 24.2625 0 0 0 "BG" 1993
3 1994 25.8833333333333 0 0 0 "BG" 1994
3 1995 26.88 0 0 0 "BG" 1995
3 1996 24.97 0 0 0 "BG" 1996
3 2000 25.8 0 0 0 "BG" 2000
3 2003 21.75 0 0 0 "BG" 2003
3 2008 25.1 0 0 0 "BG" 2008
3 2012 26.65 0 0 0 "BG" 2012
3 2013 26.7 0 0 0 "BG" 2013
3 2014 24.9477272727273 0 0 0 "BG" 2014
3 2015 25.9166666666667 0 0 0 "BG" 2015
3 2016 26.865625 0 0 0 "BG" 2016
3 2017 23.7791666666667 0 0 0 "BG" 2017
3 2018 26.1152173913043 0 0 0 "BG" 2018
4 1983 28.1055555555556 0 0 0 "BG" 1983
4 1984 29.6583333333333 0 0 0 "BG" 1984
4 1985 29.4357142857143 0 0 0 "BG" 1985
4 1986 27.4846153846154 0 0 0 "BG" 1986
4 1987 29 0 0 0 "BG" 1987
4 1988 29.2888888888889 0 0 0 "BG" 1988
4 1989 27.95 0 0 0 "BG" 1989
4 1990 26.65 0 0 0 "BG" 1990
4 1991 27.4 0 0 0 "BG" 1991
4 1992 29.3222222222222 0 0 0 "BG" 1992
4 1993 26.8 0 0 0 "BG" 1993
4 1994 27.5833333333333 0 0 0 "BG" 1994
4 1995 29.5 0 0 0 "BG" 1995
4 1996 29.6 0 0 0 "BG" 1996
4 2008 24.9 0 0 0 "BG" 2008
4 2014 29.365 0 0 0 "BG" 2014
4 2015 25.74 0 0 0 "BG" 2015
4 2016 30.3970588235294 0 0 0 "BG" 2016
4 2017 27.0941176470588 0 0 0 "BG" 2017
4 2018 26.9404761904762 0 0 0 "BG" 2018
5 1982 30.7875 0 0 0 "BG" 1982
5 1983 27.35625 0 0 0 "BG" 1983
5 1984 27.205 0 0 0 "BG" 1984
5 1985 27.85 0 0 0 "BG" 1985
5 1986 26.68 0 0 0 "BG" 1986
5 1987 28.85 0 0 0 "BG" 1987
5 1988 27.6666666666667 0 0 0 "BG" 1988
5 1989 28.2875 0 0 0 "BG" 1989
5 1990 28.35 0 0 0 "BG" 1990
5 1991 27.4 0 0 0 "BG" 1991
5 1992 29.13125 0 0 0 "BG" 1992
5 1993 28.6 0 0 0 "BG" 1993
5 1994 33.65 0 0 0 "BG" 1994
5 1995 30.7333333333333 0 0 0 "BG" 1995
5 1996 30.7166666666667 0 0 0 "BG" 1996
5 2003 29.1 0 0 0 "BG" 2003
5 2014 30.659375 0 0 0 "BG" 2014
5 2015 28.8386363636364 0 0 0 "BG" 2015
5 2016 27.93 0 0 0 "BG" 2016
5 2017 28.5433333333333 0 0 0 "BG" 2017
5 2018 26.6 0 0 0 "BG" 2018
6 1982 27.225 0 0 0 "BG" 1982
6 1983 30.21875 0 0 0 "BG" 1983
6 1984 28.9375 0 0 0 "BG" 1984
6 1985 29.175 0 0 0 "BG" 1985
6 1986 29.0333333333333 0 0 0 "BG" 1986
6 1987 30.0083333333333 0 0 0 "BG" 1987
6 1988 31.55 0 0 0 "BG" 1988
6 1989 28.875 0 0 0 "BG" 1989
6 1990 29.0833333333333 0 0 0 "BG" 1990
6 1991 28.95 0 0 0 "BG" 1991
6 1992 28.7636363636364 0 0 0 "BG" 1992
6 1993 28.3944444444444 0 0 0 "BG" 1993
6 1995 31.65 0 0 0 "BG" 1995
6 1996 28.15 0 0 0 "BG" 1996
6 2002 27.5 0 0 0 "BG" 2002
6 2007 27 0 0 0 "BG" 2007
6 2014 29.2413043478261 0 0 0 "BG" 2014
6 2015 30.0566666666667 0 0 0 "BG" 2015
6 2016 30.9045454545455 0 0 0 "BG" 2016
6 2017 29.6571428571429 0 0 0 "BG" 2017
6 2018 29.7022727272727 0 0 0 "BG" 2018
7 1982 29.1875 0 0 0 "BG" 1982
7 1983 29.8444444444444 0 0 0 "BG" 1983
7 1984 28.3 0 0 0 "BG" 1984
7 1985 28.34375 0 0 0 "BG" 1985
7 1986 29.0666666666667 0 0 0 "BG" 1986
7 1987 29.9333333333333 0 0 0 "BG" 1987
7 1988 29.1 0 0 0 "BG" 1988
7 1989 28.83 0 0 0 "BG" 1989
7 1990 29.1166666666667 0 0 0 "BG" 1990
7 1991 29.1692307692308 0 0 0 "BG" 1991
7 1992 29.8166666666667 0 0 0 "BG" 1992
7 1993 29.1916666666667 0 0 0 "BG" 1993
7 1994 30.22 0 0 0 "BG" 1994
7 1996 29.52 0 0 0 "BG" 1996
7 2002 30 0 0 0 "BG" 2002
7 2003 30.4875 0 0 0 "BG" 2003
7 2009 28.75 0 0 0 "BG" 2009
7 2014 30.2025 0 0 0 "BG" 2014
7 2015 28.96 0 0 0 "BG" 2015
7 2016 29.278125 0 0 0 "BG" 2016
7 2017 29.7666666666667 0 0 0 "BG" 2017
7 2018 30 0 0 0 "BG" 2018
8 1982 28.62 0 0 0 "BG" 1982
8 1983 29.775 0 0 0 "BG" 1983
8 1984 29.5 0 0 0 "BG" 1984
8 1985 29.74 0 0 0 "BG" 1985
8 1986 29.62 0 0 0 "BG" 1986
8 1987 29.3 0 0 0 "BG" 1987
8 1988 28.7 0 0 0 "BG" 1988
8 1989 29.94 0 0 0 "BG" 1989
8 1990 30.05 0 0 0 "BG" 1990
8 1991 29.9 0 0 0 "BG" 1991
8 1992 29.7107142857143 0 0 0 "BG" 1992
8 1993 28.75 0 0 0 "BG" 1993
8 1994 29.7125 0 0 0 "BG" 1994
8 1995 28.85 0 0 0 "BG" 1995
8 1996 29.4875 0 0 0 "BG" 1996
8 2001 30 0 0 0 "BG" 2001
8 2003 29.49 0 0 0 "BG" 2003
8 2012 30.075 0 0 0 "BG" 2012
8 2014 29.628125 0 0 0 "BG" 2014
8 2015 29.3086956521739 0 0 0 "BG" 2015
8 2016 30.1941176470588 0 0 0 "BG" 2016
8 2017 30.0736842105263 0 0 0 "BG" 2017
8 2018 30.1904761904762 0 0 0 "BG" 2018
9 1982 29.65 0 0 0 "BG" 1982
9 1983 29.2 0 0 0 "BG" 1983
9 1984 27.875 0 0 0 "BG" 1984
9 1985 28.69 0 0 0 "BG" 1985
9 1986 29.375 0 0 0 "BG" 1986
9 1987 29.025 0 0 0 "BG" 1987
9 1989 28.275 0 0 0 "BG" 1989
9 1990 29.6785714285714 0 0 0 "BG" 1990
9 1991 27.7 0 0 0 "BG" 1991
9 1992 29.9944444444444 0 0 0 "BG" 1992
9 1993 29.4 0 0 0 "BG" 1993
9 1994 28.2 0 0 0 "BG" 1994
9 1995 28.975 0 0 0 "BG" 1995
9 1996 28.51 0 0 0 "BG" 1996
9 2003 29.04 0 0 0 "BG" 2003
9 2005 29.25 0 0 0 "BG" 2005
9 2006 29.45 0 0 0 "BG" 2006
9 2007 29.25 0 0 0 "BG" 2007
9 2008 29.8 0 0 0 "BG" 2008
9 2014 29.05 0 0 0 "BG" 2014
9 2015 29.4631578947368 0 0 0 "BG" 2015
9 2016 29.725 0 0 0 "BG" 2016
9 2017 30.025 0 0 0 "BG" 2017
9 2018 30.2233333333333 0 0 0 "BG" 2018
10 1982 27.1681818181818 0 0 0 "BG" 1982
10 1983 27.675 0 0 0 "BG" 1983
10 1984 27.2 0 0 0 "BG" 1984
10 1985 27.1833333333333 0 0 0 "BG" 1985
10 1986 26.5583333333333 0 0 0 "BG" 1986
10 1987 28.57 0 0 0 "BG" 1987
10 1988 27.1333333333333 0 0 0 "BG" 1988
10 1989 27.825 0 0 0 "BG" 1989
10 1990 28.375 0 0 0 "BG" 1990
10 1991 27.6458333333333 0 0 0 "BG" 1991
10 1992 27.2777777777778 0 0 0 "BG" 1992
10 1993 27.6666666666667 0 0 0 "BG" 1993
10 1994 27.2 0 0 0 "BG" 1994
10 1995 27 0 0 0 "BG" 1995
10 1996 28.55 0 0 0 "BG" 1996
10 2003 26.675 0 0 0 "BG" 2003
10 2008 28.75 0 0 0 "BG" 2008
10 2009 28.75 0 0 0 "BG" 2009
10 2011 28 0 0 0 "BG" 2011
10 2012 27.55 0 0 0 "BG" 2012
10 2014 27.9444444444444 0 0 0 "BG" 2014
10 2015 27.921875 0 0 0 "BG" 2015
10 2016 28.546875 0 0 0 "BG" 2016
10 2017 28.2388888888889 0 0 0 "BG" 2017
10 2018 27.6678571428571 0 0 0 "BG" 2018
11 1982 23.3318181818182 0 0 0 "BG" 1982
11 1983 23.8181818181818 0 0 0 "BG" 1983
11 1984 23.5714285714286 0 0 0 "BG" 1984
11 1985 23.165625 0 0 0 "BG" 1985
11 1986 23.9136363636364 0 0 0 "BG" 1986
11 1987 24.2277777777778 0 0 0 "BG" 1987
11 1988 24.6125 0 0 0 "BG" 1988
11 1989 22.925 0 0 0 "BG" 1989
11 1990 25.83125 0 0 0 "BG" 1990
11 1991 23.425 0 0 0 "BG" 1991
11 1992 24.025 0 0 0 "BG" 1992
11 1993 24.7 0 0 0 "BG" 1993
11 1994 23.35 0 0 0 "BG" 1994
11 1995 24.41 0 0 0 "BG" 1995
11 1996 22.475 0 0 0 "BG" 1996
11 2005 23.2 0 0 0 "BG" 2005
11 2008 22.5 0 0 0 "BG" 2008
11 2014 24.1526315789474 0 0 0 "BG" 2014
11 2015 24.9541666666667 0 0 0 "BG" 2015
11 2016 24.825 0 0 0 "BG" 2016
11 2017 24.4352941176471 0 0 0 "BG" 2017
11 2018 24.12 0 0 0 "BG" 2018
12 1982 19.35 0 0 0 "BG" 1982
12 1983 19.6321428571429 0 0 0 "BG" 1983
12 1984 19.0233333333333 0 0 0 "BG" 1984
12 1985 20.653125 0 0 0 "BG" 1985
12 1986 20.5045454545455 0 0 0 "BG" 1986
12 1987 20.603125 0 0 0 "BG" 1987
12 1988 21.15 0 0 0 "BG" 1988
12 1989 19.7083333333333 0 0 0 "BG" 1989
12 1990 21.225 0 0 0 "BG" 1990
12 1991 19.1333333333333 0 0 0 "BG" 1991
12 1992 19.8125 0 0 0 "BG" 1992
12 1993 20.85 0 0 0 "BG" 1993
12 1994 19.92 0 0 0 "BG" 1994
12 1995 19.58 0 0 0 "BG" 1995
12 1996 20.45 0 0 0 "BG" 1996
12 2008 18.375 0 0 0 "BG" 2008
12 2009 21.925 0 0 0 "BG" 2009
12 2013 19.9566666666667 0 0 0 "BG" 2013
12 2014 19.65 0 0 0 "BG" 2014
12 2015 19.9892857142857 0 0 0 "BG" 2015
12 2016 21.5785714285714 0 0 0 "BG" 2016
12 2017 21.5972222222222 0 0 0 "BG" 2017
12 2018 21.075 0 0 0 "BG" 2018
1 1983 17.75 0 0 0 "BG" 1983
1 1984 18.2233333333333 0 0 0 "BG" 1984
1 1985 19.1307692307692 0 0 0 "BG" 1985
1 1986 19.2277777777778 0 0 0 "BG" 1986
1 1987 19.55 0 0 0 "BG" 1987
1 1988 19.5142857142857 0 0 0 "BG" 1988
1 1989 17.6 0 0 0 "BG" 1989
1 1990 19 0 0 0 "BG" 1990
1 1991 18.17 0 0 0 "BG" 1991
1 1992 18.2 0 0 0 "BG" 1992
1 1993 18.3722222222222 0 0 0 "BG" 1993
1 1994 20.6125 0 0 0 "BG" 1994
1 1995 19.7 0 0 0 "BG" 1995
1 1996 19.09 0 0 0 "BG" 1996
1 1997 18 0 0 0 "BG" 1997
1 2007 16.1 0 0 0 "BG" 2007
1 2008 21.15 0 0 0 "BG" 2008
1 2014 20.1071428571429 0 0 0 "BG" 2014
1 2015 21.1214285714286 0 0 0 "BG" 2015
1 2016 19.2552631578947 0 0 0 "BG" 2016
1 2017 21.1928571428571 0 0 0 "BG" 2017
1 2018 18.4214285714286 0 0 0 "BG" 2018
1 2019 22.2527777777778 0 0 0 "BG" 2019
2 1983 18.9235294117647 0 0 0 "BG" 1983
2 1984 20.4 0 0 0 "BG" 1984
2 1985 20.2583333333333 0 0 0 "BG" 1985
2 1986 20.65 0 0 0 "BG" 1986
2 1987 21.7791666666667 0 0 0 "BG" 1987
2 1988 21.9666666666667 0 0 0 "BG" 1988
2 1989 19.75 0 0 0 "BG" 1989
2 1990 22.2666666666667 0 0 0 "BG" 1990
2 1991 22.0642857142857 0 0 0 "BG" 1991
2 1992 18.1666666666667 0 0 0 "BG" 1992
2 1993 21.88 0 0 0 "BG" 1993
2 1994 20.275 0 0 0 "BG" 1994
2 1995 20.0625 0 0 0 "BG" 1995
2 1996 21.82 0 0 0 "BG" 1996
2 2000 21.1 0 0 0 "BG" 2000
2 2002 21.65 0 0 0 "BG" 2002
2 2007 22.1 0 0 0 "BG" 2007
2 2009 22.25 0 0 0 "BG" 2009
2 2014 20.87 0 0 0 "BG" 2014
2 2015 21.4066666666667 0 0 0 "BG" 2015
2 2016 22.5638888888889 0 0 0 "BG" 2016
2 2017 23.1 0 0 0 "BG" 2017
2 2018 22.5425 0 0 0 "BG" 2018
3 1982 20.45 0 0 0 "BG" 1982
3 1983 23.9642857142857 0 0 0 "BG" 1983
3 1984 26.725 0 0 0 "BG" 1984
3 1985 25.4090909090909 0 0 0 "BG" 1985
3 1986 24.325 0 0 0 "BG" 1986
3 1987 26.65 0 0 0 "BG" 1987
3 1988 24.5333333333333 0 0 0 "BG" 1988
3 1989 25.99 0 0 0 "BG" 1989
3 1990 22.475 0 0 0 "BG" 1990
3 1991 25.0642857142857 0 0 0 "BG" 1991
3 1992 24.6375 0 0 0 "BG" 1992
3 1993 23.6 0 0 0 "BG" 1993
3 1994 23.7666666666667 0 0 0 "BG" 1994
3 1995 23.175 0 0 0 "BG" 1995
3 1996 25.1833333333333 0 0 0 "BG" 1996
3 2000 22.81 0 0 0 "BG" 2000
3 2003 26.65 0 0 0 "BG" 2003
3 2007 23.8 0 0 0 "BG" 2007
3 2012 26.5 0 0 0 "BG" 2012
3 2013 26.15 0 0 0 "BG" 2013
3 2014 25.0239130434783 0 0 0 "BG" 2014
3 2015 26.75 0 0 0 "BG" 2015
3 2016 26.3868421052632 0 0 0 "BG" 2016
3 2017 23.4884615384615 0 0 0 "BG" 2017
3 2018 25.6673913043478 0 0 0 "BG" 2018
4 1983 25.91875 0 0 0 "BG" 1983
4 1984 26.7333333333333 0 0 0 "BG" 1984
4 1985 25.3833333333333 0 0 0 "BG" 1985
4 1986 25.1454545454545 0 0 0 "BG" 1986
4 1988 28.3375 0 0 0 "BG" 1988
4 1989 25.0166666666667 0 0 0 "BG" 1989
4 1992 26.3285714285714 0 0 0 "BG" 1992
4 1993 27.06 0 0 0 "BG" 1993
4 1994 25.35 0 0 0 "BG" 1994
4 1995 26.4833333333333 0 0 0 "BG" 1995
4 1996 24.125 0 0 0 "BG" 1996
4 2000 24.5833333333333 0 0 0 "BG" 2000
4 2004 24.2 0 0 0 "BG" 2004
4 2014 28.2941176470588 0 0 0 "BG" 2014
4 2015 24.21 0 0 0 "BG" 2015
4 2016 25.4346153846154 0 0 0 "BG" 2016
4 2017 25.2611111111111 0 0 0 "BG" 2017
4 2018 26.148 0 0 0 "BG" 2018
5 1982 28.85 0 0 0 "BG" 1982
5 1983 26.8227272727273 0 0 0 "BG" 1983
5 1984 27.8642857142857 0 0 0 "BG" 1984
5 1985 25.8875 0 0 0 "BG" 1985
5 1986 25.61 0 0 0 "BG" 1986
5 1988 27.65 0 0 0 "BG" 1988
5 1989 25.45 0 0 0 "BG" 1989
5 1990 28.075 0 0 0 "BG" 1990
5 1992 27.09375 0 0 0 "BG" 1992
5 1993 24.9125 0 0 0 "BG" 1993
5 1995 27.125 0 0 0 "BG" 1995
5 1996 26.5666666666667 0 0 0 "BG" 1996
5 2000 28.4625 0 0 0 "BG" 2000
5 2003 27.6642857142857 0 0 0 "BG" 2003
5 2004 30 0 0 0 "BG" 2004
5 2007 25.25 0 0 0 "BG" 2007
5 2014 27.5147058823529 0 0 0 "BG" 2014
5 2015 26.975 0 0 0 "BG" 2015
5 2016 26.8178571428571 0 0 0 "BG" 2016
5 2017 27.87 0 0 0 "BG" 2017
5 2018 26.0277777777778 0 0 0 "BG" 2018
6 1983 28.4625 0 0 0 "BG" 1983
6 1984 29.6875 0 0 0 "BG" 1984
6 1985 27.95 0 0 0 "BG" 1985
6 1986 29.05 0 0 0 "BG" 1986
6 1988 29.6 0 0 0 "BG" 1988
6 1989 27.62 0 0 0 "BG" 1989
6 1990 29.5 0 0 0 "BG" 1990
6 1991 27.05 0 0 0 "BG" 1991
6 1992 26.46875 0 0 0 "BG" 1992
6 1993 27.4833333333333 0 0 0 "BG" 1993
6 1994 28.8 0 0 0 "BG" 1994
6 1995 29 0 0 0 "BG" 1995
6 1996 26.725 0 0 0 "BG" 1996
6 1997 27.8 0 0 0 "BG" 1997
6 2009 29.3 0 0 0 "BG" 2009
6 2013 29.45 0 0 0 "BG" 2013
6 2014 29.125 0 0 0 "BG" 2014
6 2015 28.5230769230769 0 0 0 "BG" 2015
6 2016 30.36875 0 0 0 "BG" 2016
6 2017 28.34 0 0 0 "BG" 2017
6 2018 28.6675 0 0 0 "BG" 2018
7 1982 28.01 0 0 0 "BG" 1982
7 1983 28.75 0 0 0 "BG" 1983
7 1984 29.225 0 0 0 "BG" 1984
7 1985 28.2 0 0 0 "BG" 1985
7 1986 27.375 0 0 0 "BG" 1986
7 1988 28.5 0 0 0 "BG" 1988
7 1989 27.9 0 0 0 "BG" 1989
7 1991 28.75 0 0 0 "BG" 1991
7 1992 28.0428571428571 0 0 0 "BG" 1992
7 1993 29.2 0 0 0 "BG" 1993
7 1995 28.9 0 0 0 "BG" 1995
7 1996 26.1333333333333 0 0 0 "BG" 1996
7 2003 28.7833333333333 0 0 0 "BG" 2003
7 2009 27.3 0 0 0 "BG" 2009
7 2014 30.1175 0 0 0 "BG" 2014
7 2015 29.1375 0 0 0 "BG" 2015
7 2016 29.0194444444444 0 0 0 "BG" 2016
7 2017 29.395 0 0 0 "BG" 2017
7 2018 29.628125 0 0 0 "BG" 2018
8 1982 28.4166666666667 0 0 0 "BG" 1982
8 1983 30.2666666666667 0 0 0 "BG" 1983
8 1984 29.25 0 0 0 "BG" 1984
8 1985 29.35 0 0 0 "BG" 1985
8 1986 28.11 0 0 0 "BG" 1986
8 1989 28.67 0 0 0 "BG" 1989
8 1990 29.31 0 0 0 "BG" 1990
8 1991 28.94375 0 0 0 "BG" 1991
8 1992 28.525 0 0 0 "BG" 1992
8 1993 28.37 0 0 0 "BG" 1993
8 1994 29.15 0 0 0 "BG" 1994
8 1995 29.4 0 0 0 "BG" 1995
8 1996 28.16 0 0 0 "BG" 1996
8 2001 29.3 0 0 0 "BG" 2001
8 2003 29.35 0 0 0 "BG" 2003
8 2014 29.178125 0 0 0 "BG" 2014
8 2015 28.8104166666667 0 0 0 "BG" 2015
8 2016 29.85 0 0 0 "BG" 2016
8 2017 28.8026315789474 0 0 0 "BG" 2017
8 2018 30.0809523809524 0 0 0 "BG" 2018
9 1982 26.8 0 0 0 "BG" 1982
9 1983 28.8 0 0 0 "BG" 1983
9 1984 27.77 0 0 0 "BG" 1984
9 1985 28.27 0 0 0 "BG" 1985
9 1986 27.6875 0 0 0 "BG" 1986
9 1989 28.4 0 0 0 "BG" 1989
9 1990 28.2 0 0 0 "BG" 1990
9 1991 26.85 0 0 0 "BG" 1991
9 1992 27.3111111111111 0 0 0 "BG" 1992
9 1993 28.6916666666667 0 0 0 "BG" 1993
9 1995 27.55 0 0 0 "BG" 1995
9 1996 29.2 0 0 0 "BG" 1996
9 2002 29.5 0 0 0 "BG" 2002
9 2003 28.82 0 0 0 "BG" 2003
9 2005 30.6 0 0 0 "BG" 2005
9 2008 28.1 0 0 0 "BG" 2008
9 2009 28.5 0 0 0 "BG" 2009
9 2014 28.8045454545455 0 0 0 "BG" 2014
9 2015 28.625 0 0 0 "BG" 2015
9 2016 29.271875 0 0 0 "BG" 2016
9 2017 29.1809523809524 0 0 0 "BG" 2017
9 2018 29.2678571428571 0 0 0 "BG" 2018
10 1982 26.8833333333333 0 0 0 "BG" 1982
10 1983 27.5875 0 0 0 "BG" 1983
10 1984 26.85 0 0 0 "BG" 1984
10 1985 27.5708333333333 0 0 0 "BG" 1985
10 1986 25.16 0 0 0 "BG" 1986
10 1988 26.3333333333333 0 0 0 "BG" 1988
10 1989 25.7375 0 0 0 "BG" 1989
10 1990 26.98 0 0 0 "BG" 1990
10 1991 27.02 0 0 0 "BG" 1991
10 1992 26.4807692307692 0 0 0 "BG" 1992
10 1993 27.75 0 0 0 "BG" 1993
10 1994 27.8 0 0 0 "BG" 1994
10 1996 28.8 0 0 0 "BG" 1996
10 2005 21.8 0 0 0 "BG" 2005
10 2006 25.45 0 0 0 "BG" 2006
10 2008 29.5 0 0 0 "BG" 2008
10 2009 28.3 0 0 0 "BG" 2009
10 2011 27.7 0 0 0 "BG" 2011
10 2014 28.055 0 0 0 "BG" 2014
10 2015 27.8315789473684 0 0 0 "BG" 2015
10 2016 28.6631578947368 0 0 0 "BG" 2016
10 2017 28.14 0 0 0 "BG" 2017
10 2018 27.0307692307692 0 0 0 "BG" 2018
11 1982 23.1277777777778 0 0 0 "BG" 1982
11 1983 24.7714285714286 0 0 0 "BG" 1983
11 1984 23.2833333333333 0 0 0 "BG" 1984
11 1985 22.6964285714286 0 0 0 "BG" 1985
11 1986 22.4416666666667 0 0 0 "BG" 1986
11 1988 23.575 0 0 0 "BG" 1988
11 1989 22.4611111111111 0 0 0 "BG" 1989
11 1990 24.9125 0 0 0 "BG" 1990
11 1991 22.1833333333333 0 0 0 "BG" 1991
11 1992 23.23 0 0 0 "BG" 1992
11 1993 23.25 0 0 0 "BG" 1993
11 1994 24 0 0 0 "BG" 1994
11 1995 24.05 0 0 0 "BG" 1995
11 1996 22.6 0 0 0 "BG" 1996
11 2004 26.5 0 0 0 "BG" 2004
11 2005 21.85 0 0 0 "BG" 2005
11 2008 24.35 0 0 0 "BG" 2008
11 2014 24.8666666666667 0 0 0 "BG" 2014
11 2015 24.6977272727273 0 0 0 "BG" 2015
11 2016 24.1642857142857 0 0 0 "BG" 2016
11 2017 25.4285714285714 0 0 0 "BG" 2017
11 2018 23.875 0 0 0 "BG" 2018
12 1982 19.3666666666667 0 0 0 "BG" 1982
12 1983 19.25 0 0 0 "BG" 1983
12 1984 18.4541666666667 0 0 0 "BG" 1984
12 1985 20.925 0 0 0 "BG" 1985
12 1986 19.7066666666667 0 0 0 "BG" 1986
12 1987 19.4 0 0 0 "BG" 1987
12 1988 21.2833333333333 0 0 0 "BG" 1988
12 1989 19.6583333333333 0 0 0 "BG" 1989
12 1990 20.75 0 0 0 "BG" 1990
12 1991 18.2833333333333 0 0 0 "BG" 1991
12 1992 19.3458333333333 0 0 0 "BG" 1992
12 1993 20.45 0 0 0 "BG" 1993
12 1994 20.9 0 0 0 "BG" 1994
12 1995 20.6277777777778 0 0 0 "BG" 1995
12 1996 21.1 0 0 0 "BG" 1996
12 2004 22.85 0 0 0 "BG" 2004
12 2005 23.3 0 0 0 "BG" 2005
12 2009 22.85 0 0 0 "BG" 2009
12 2013 20.1653846153846 0 0 0 "BG" 2013
12 2014 21.5333333333333 0 0 0 "BG" 2014
12 2015 20.428125 0 0 0 "BG" 2015
12 2016 22.3470588235294 0 0 0 "BG" 2016
12 2017 21.5941176470588 0 0 0 "BG" 2017
12 2018 21.8111111111111 0 0 0 "BG" 2018
1 1983 16.2607142857143 0 0 0 "BG" 1983
1 1984 17.76875 0 0 0 "BG" 1984
1 1985 18.7375 0 0 0 "BG" 1985
1 1986 18.3833333333333 0 0 0 "BG" 1986
1 1987 16.9 0 0 0 "BG" 1987
1 1990 16.59 0 0 0 "BG" 1990
1 1991 17.4958333333333 0 0 0 "BG" 1991
1 1992 16.7642857142857 0 0 0 "BG" 1992
1 1993 16.7833333333333 0 0 0 "BG" 1993
1 1994 18.53 0 0 0 "BG" 1994
1 1995 16.7277777777778 0 0 0 "BG" 1995
1 1996 15.8 0 0 0 "BG" 1996
1 1997 16.5 0 0 0 "BG" 1997
1 2014 17.325 0 0 0 "BG" 2014
1 2015 17.0704545454545 0 0 0 "BG" 2015
1 2016 17.5578947368421 0 0 0 "BG" 2016
1 2017 18.83125 0 0 0 "BG" 2017
1 2018 15.3266666666667 0 0 0 "BG" 2018
1 2019 21.0294117647059 0 0 0 "BG" 2019
2 1982 22.275 0 0 0 "BG" 1982
2 1983 18.6642857142857 0 0 0 "BG" 1983
2 1984 19.0777777777778 0 0 0 "BG" 1984
2 1985 19.525 0 0 0 "BG" 1985
2 1986 20.8142857142857 0 0 0 "BG" 1986
2 1987 21.825 0 0 0 "BG" 1987
2 1989 24 0 0 0 "BG" 1989
2 1990 19.5 0 0 0 "BG" 1990
2 1991 20.65 0 0 0 "BG" 1991
2 1992 20.2 0 0 0 "BG" 1992
2 1993 20.675 0 0 0 "BG" 1993
2 1994 18.6785714285714 0 0 0 "BG" 1994
2 1995 18.55 0 0 0 "BG" 1995
2 1996 20.625 0 0 0 "BG" 1996
2 2009 19.6 0 0 0 "BG" 2009
2 2014 20.05 0 0 0 "BG" 2014
2 2015 20.38 0 0 0 "BG" 2015
2 2016 21.609375 0 0 0 "BG" 2016
2 2017 20 0 0 0 "BG" 2017
2 2018 21.8058823529412 0 0 0 "BG" 2018
3 1982 24.06 0 0 0 "BG" 1982
3 1983 24.11875 0 0 0 "BG" 1983
3 1984 29.25 0 0 0 "BG" 1984
3 1985 26.5333333333333 0 0 0 "BG" 1985
3 1986 26 0 0 0 "BG" 1986
3 1987 25.9 0 0 0 "BG" 1987
3 1989 27.3125 0 0 0 "BG" 1989
3 1990 22.05 0 0 0 "BG" 1990
3 1991 27.3166666666667 0 0 0 "BG" 1991
3 1992 27.73 0 0 0 "BG" 1992
3 1993 23.7083333333333 0 0 0 "BG" 1993
3 1994 24.455 0 0 0 "BG" 1994
3 1995 25.6642857142857 0 0 0 "BG" 1995
3 1996 24.15 0 0 0 "BG" 1996
3 2003 26.6 0 0 0 "BG" 2003
3 2006 22.9 0 0 0 "BG" 2006
3 2012 25.75 0 0 0 "BG" 2012
3 2013 26.75 0 0 0 "BG" 2013
3 2014 24.8289473684211 0 0 0 "BG" 2014
3 2015 26.7714285714286 0 0 0 "BG" 2015
3 2016 26.8766666666667 0 0 0 "BG" 2016
3 2017 24.9033333333333 0 0 0 "BG" 2017
3 2018 25.9025 0 0 0 "BG" 2018
4 1982 26.7 0 0 0 "BG" 1982
4 1983 27.8666666666667 0 0 0 "BG" 1983
4 1984 32.9333333333333 0 0 0 "BG" 1984
4 1985 28.9666666666667 0 0 0 "BG" 1985
4 1986 26.565 0 0 0 "BG" 1986
4 1987 24 0 0 0 "BG" 1987
4 1989 31.15 0 0 0 "BG" 1989
4 1991 28.25 0 0 0 "BG" 1991
4 1992 32.2416666666667 0 0 0 "BG" 1992
4 1993 27.5681818181818 0 0 0 "BG" 1993
4 1994 29.0555555555556 0 0 0 "BG" 1994
4 1995 30.01 0 0 0 "BG" 1995
4 1996 31.9833333333333 0 0 0 "BG" 1996
4 2007 32.7 0 0 0 "BG" 2007
4 2014 29.8447368421053 0 0 0 "BG" 2014
4 2015 27.33 0 0 0 "BG" 2015
4 2016 30.9323529411765 0 0 0 "BG" 2016
4 2017 28.0535714285714 0 0 0 "BG" 2017
4 2018 27.2 0 0 0 "BG" 2018
5 1982 29.3 0 0 0 "BG" 1982
5 1983 28.57 0 0 0 "BG" 1983
5 1984 26.2166666666667 0 0 0 "BG" 1984
5 1985 28.125 0 0 0 "BG" 1985
5 1986 26.9166666666667 0 0 0 "BG" 1986
5 1989 26.2 0 0 0 "BG" 1989
5 1990 29.25 0 0 0 "BG" 1990
5 1992 30.395 0 0 0 "BG" 1992
5 1993 27.475 0 0 0 "BG" 1993
5 1994 31.375 0 0 0 "BG" 1994
5 1995 31.3944444444444 0 0 0 "BG" 1995
5 1996 29.225 0 0 0 "BG" 1996
5 2003 31.5214285714286 0 0 0 "BG" 2003
5 2004 32.5 0 0 0 "BG" 2004
5 2006 29.7 0 0 0 "BG" 2006
5 2012 32.75 0 0 0 "BG" 2012
5 2014 32.0352941176471 0 0 0 "BG" 2014
5 2015 30.1125 0 0 0 "BG" 2015
5 2016 29.35 0 0 0 "BG" 2016
5 2017 29.7466666666667 0 0 0 "BG" 2017
5 2018 27.9166666666667 0 0 0 "BG" 2018
6 1982 25.65 0 0 0 "BG" 1982
6 1983 30.53125 0 0 0 "BG" 1983
6 1984 29.35 0 0 0 "BG" 1984
6 1985 29.6142857142857 0 0 0 "BG" 1985
6 1986 29.5916666666667 0 0 0 "BG" 1986
6 1987 27.75 0 0 0 "BG" 1987
6 1989 29.25 0 0 0 "BG" 1989
6 1991 29.5583333333333 0 0 0 "BG" 1991
6 1992 30.2625 0 0 0 "BG" 1992
6 1993 28.0875 0 0 0 "BG" 1993
6 1994 28.0833333333333 0 0 0 "BG" 1994
6 1995 31.7 0 0 0 "BG" 1995
6 1996 28.025 0 0 0 "BG" 1996
6 2001 28.9 0 0 0 "BG" 2001
6 2002 29.15 0 0 0 "BG" 2002
6 2006 29 0 0 0 "BG" 2006
6 2014 29.325 0 0 0 "BG" 2014
6 2015 30.2357142857143 0 0 0 "BG" 2015
6 2016 31.1727272727273 0 0 0 "BG" 2016
6 2017 29.8866666666667 0 0 0 "BG" 2017
6 2018 30.825 0 0 0 "BG" 2018
7 1982 28.925 0 0 0 "BG" 1982
7 1983 29.96 0 0 0 "BG" 1983
7 1984 28.025 0 0 0 "BG" 1984
7 1985 29.8 0 0 0 "BG" 1985
7 1987 29.0357142857143 0 0 0 "BG" 1987
7 1990 29.125 0 0 0 "BG" 1990
7 1991 30.1666666666667 0 0 0 "BG" 1991
7 1992 29.1375 0 0 0 "BG" 1992
7 1993 29.3136363636364 0 0 0 "BG" 1993
7 1994 29.4285714285714 0 0 0 "BG" 1994
7 1995 28.55 0 0 0 "BG" 1995
7 2003 30.2 0 0 0 "BG" 2003
7 2005 27.5 0 0 0 "BG" 2005
7 2014 29.8347826086957 0 0 0 "BG" 2014
7 2015 29.4815789473684 0 0 0 "BG" 2015
7 2016 29.45625 0 0 0 "BG" 2016
7 2017 29.7625 0 0 0 "BG" 2017
7 2018 30.1095238095238 0 0 0 "BG" 2018
8 1982 28.475 0 0 0 "BG" 1982
8 1983 29.9625 0 0 0 "BG" 1983
8 1984 29.3 0 0 0 "BG" 1984
8 1985 29.6 0 0 0 "BG" 1985
8 1986 29.8928571428571 0 0 0 "BG" 1986
8 1990 29.275 0 0 0 "BG" 1990
8 1991 29.6625 0 0 0 "BG" 1991
8 1992 29.2363636363636 0 0 0 "BG" 1992
8 1993 29.145 0 0 0 "BG" 1993
8 1994 28.6 0 0 0 "BG" 1994
8 1995 28.4375 0 0 0 "BG" 1995
8 1996 28.4166666666667 0 0 0 "BG" 1996
8 2003 30.0333333333333 0 0 0 "BG" 2003
8 2005 28.9 0 0 0 "BG" 2005
8 2006 29.9 0 0 0 "BG" 2006
8 2014 29.6863636363636 0 0 0 "BG" 2014
8 2015 29.6840909090909 0 0 0 "BG" 2015
8 2016 29.8083333333333 0 0 0 "BG" 2016
8 2017 30.1825 0 0 0 "BG" 2017
8 2018 30.2411764705882 0 0 0 "BG" 2018
9 1982 29.6 0 0 0 "BG" 1982
9 1983 29.2 0 0 0 "BG" 1983
9 1984 28.85 0 0 0 "BG" 1984
9 1985 28.9071428571429 0 0 0 "BG" 1985
9 1989 29.7 0 0 0 "BG" 1989
9 1990 29.075 0 0 0 "BG" 1990
9 1992 29.455 0 0 0 "BG" 1992
9 1993 28.51 0 0 0 "BG" 1993
9 1994 28.25 0 0 0 "BG" 1994
9 1995 28.725 0 0 0 "BG" 1995
9 1996 29.975 0 0 0 "BG" 1996
9 2001 28.2 0 0 0 "BG" 2001
9 2003 28.8166666666667 0 0 0 "BG" 2003
9 2007 26.3 0 0 0 "BG" 2007
9 2008 29.7 0 0 0 "BG" 2008
9 2014 29.5375 0 0 0 "BG" 2014
9 2015 29.7166666666667 0 0 0 "BG" 2015
9 2016 29.6076923076923 0 0 0 "BG" 2016
9 2017 30.1210526315789 0 0 0 "BG" 2017
9 2018 29.9692307692308 0 0 0 "BG" 2018
10 1982 27.08 0 0 0 "BG" 1982
10 1983 26.4722222222222 0 0 0 "BG" 1983
10 1984 28.12 0 0 0 "BG" 1984
10 1985 27.015 0 0 0 "BG" 1985
10 1986 26.04 0 0 0 "BG" 1986
10 1988 26.4 0 0 0 "BG" 1988
10 1989 26.1 0 0 0 "BG" 1989
10 1990 27.25 0 0 0 "BG" 1990
10 1991 28.2166666666667 0 0 0 "BG" 1991
10 1992 26.909375 0 0 0 "BG" 1992
10 1993 27.08 0 0 0 "BG" 1993
10 1994 27.2 0 0 0 "BG" 1994
10 1995 27.83 0 0 0 "BG" 1995
10 1996 27.1 0 0 0 "BG" 1996
10 2002 26.4 0 0 0 "BG" 2002
10 2003 26.35 0 0 0 "BG" 2003
10 2007 27.1 0 0 0 "BG" 2007
10 2008 28.05 0 0 0 "BG" 2008
10 2009 28.9 0 0 0 "BG" 2009
10 2011 26.75 0 0 0 "BG" 2011
10 2012 26.75 0 0 0 "BG" 2012
10 2014 26.6394736842105 0 0 0 "BG" 2014
10 2015 27.75 0 0 0 "BG" 2015
10 2016 28.6807692307692 0 0 0 "BG" 2016
10 2017 28.4363636363636 0 0 0 "BG" 2017
10 2018 27.2318181818182 0 0 0 "BG" 2018
11 1982 22.49 0 0 0 "BG" 1982
11 1983 23.2083333333333 0 0 0 "BG" 1983
11 1984 22.7944444444444 0 0 0 "BG" 1984
11 1985 21.8727272727273 0 0 0 "BG" 1985
11 1986 22.925 0 0 0 "BG" 1986
11 1988 23.25 0 0 0 "BG" 1988
11 1989 22.1 0 0 0 "BG" 1989
11 1990 24.71 0 0 0 "BG" 1990
11 1991 22.35 0 0 0 "BG" 1991
11 1992 23.0538461538462 0 0 0 "BG" 1992
11 1993 23.7416666666667 0 0 0 "BG" 1993
11 1994 23.165 0 0 0 "BG" 1994
11 1995 23.9 0 0 0 "BG" 1995
11 1996 22.4 0 0 0 "BG" 1996
11 2004 21.4 0 0 0 "BG" 2004
11 2005 22.25 0 0 0 "BG" 2005
11 2011 22.55 0 0 0 "BG" 2011
11 2014 22.2025 0 0 0 "BG" 2014
11 2015 24.0055555555556 0 0 0 "BG" 2015
11 2016 23.8807692307692 0 0 0 "BG" 2016
11 2017 23.5911764705882 0 0 0 "BG" 2017
11 2018 22.7055555555556 0 0 0 "BG" 2018
12 1982 18.3272727272727 0 0 0 "BG" 1982
12 1983 17.9166666666667 0 0 0 "BG" 1983
12 1984 17.9 0 0 0 "BG" 1984
12 1985 19.06875 0 0 0 "BG" 1985
12 1986 19.8611111111111 0 0 0 "BG" 1986
12 1988 21.3166666666667 0 0 0 "BG" 1988
12 1989 19.68 0 0 0 "BG" 1989
12 1990 19.5833333333333 0 0 0 "BG" 1990
12 1991 18.4142857142857 0 0 0 "BG" 1991
12 1992 18.2863636363636 0 0 0 "BG" 1992
12 1993 19.85 0 0 0 "BG" 1993
12 1994 18.8111111111111 0 0 0 "BG" 1994
12 1995 18.91 0 0 0 "BG" 1995
12 1996 19.85 0 0 0 "BG" 1996
12 2009 20.775 0 0 0 "BG" 2009
12 2013 19.1607142857143 0 0 0 "BG" 2013
12 2014 18.222 0 0 0 "BG" 2014
12 2015 19.0958333333333 0 0 0 "BG" 2015
12 2016 20.3541666666667 0 0 0 "BG" 2016
12 2017 20.1153846153846 0 0 0 "BG" 2017
12 2018 20.03 0 0 0 "BG" 2018
1 1983 18.6153846153846 0 0 0 "BG" 1983
1 1984 18.7846153846154 0 0 0 "BG" 1984
1 1985 19.9916666666667 0 0 0 "BG" 1985
1 1986 20.3382352941176 0 0 0 "BG" 1986
1 1987 19.7055555555556 0 0 0 "BG" 1987
1 1988 20.2458333333333 0 0 0 "BG" 1988
1 1989 18.6666666666667 0 0 0 "BG" 1989
1 1990 18.2875 0 0 0 "BG" 1990
1 1991 19.16875 0 0 0 "BG" 1991
1 1992 18.7166666666667 0 0 0 "BG" 1992
1 1993 18.68 0 0 0 "BG" 1993
1 1994 20.3333333333333 0 0 0 "BG" 1994
1 1995 17.9166666666667 0 0 0 "BG" 1995
1 1996 19.3 0 0 0 "BG" 1996
1 2005 21.35 0 0 0 "BG" 2005
1 2009 20.75 0 0 0 "BG" 2009
1 2014 19.5833333333333 0 0 0 "BG" 2014
1 2015 19.9625 0 0 0 "BG" 2015
1 2016 19.6184210526316 0 0 0 "BG" 2016
1 2017 20.625 0 0 0 "BG" 2017
1 2018 17.6714285714286 0 0 0 "BG" 2018
1 2019 23.2323529411765 0 0 0 "BG" 2019
2 1982 24 0 0 0 "BG" 1982
2 1983 20.7681818181818 0 0 0 "BG" 1983
2 1984 20.9958333333333 0 0 0 "BG" 1984
2 1985 22.50625 0 0 0 "BG" 1985
2 1986 22.8566666666667 0 0 0 "BG" 1986
2 1987 24.5625 0 0 0 "BG" 1987
2 1988 22.55625 0 0 0 "BG" 1988
2 1989 22.6 0 0 0 "BG" 1989
2 1990 22 0 0 0 "BG" 1990
2 1991 23.69 0 0 0 "BG" 1991
2 1992 20.725 0 0 0 "BG" 1992
2 1993 22.2833333333333 0 0 0 "BG" 1993
2 1994 20.4875 0 0 0 "BG" 1994
2 1995 22.2 0 0 0 "BG" 1995
2 1996 22.4 0 0 0 "BG" 1996
2 2007 21.3 0 0 0 "BG" 2007
2 2009 22.225 0 0 0 "BG" 2009
2 2014 21.9 0 0 0 "BG" 2014
2 2015 22.2375 0 0 0 "BG" 2015
2 2016 24.028125 0 0 0 "BG" 2016
2 2018 23.785 0 0 0 "BG" 2018
3 1982 24.1333333333333 0 0 0 "BG" 1982
3 1983 25.6041666666667 0 0 0 "BG" 1983
3 1984 29.1166666666667 0 0 0 "BG" 1984
3 1985 28.46 0 0 0 "BG" 1985
3 1986 26.3571428571429 0 0 0 "BG" 1986
3 1987 28.1346153846154 0 0 0 "BG" 1987
3 1988 25.1 0 0 0 "BG" 1988
3 1989 28.4875 0 0 0 "BG" 1989
3 1990 25.175 0 0 0 "BG" 1990
3 1991 26.5833333333333 0 0 0 "BG" 1991
3 1992 28.9285714285714 0 0 0 "BG" 1992
3 1993 24.5 0 0 0 "BG" 1993
3 1994 23.4 0 0 0 "BG" 1994
3 1995 30.2 0 0 0 "BG" 1995
3 1996 27.6125 0 0 0 "BG" 1996
3 1998 23.7 0 0 0 "BG" 1998
3 2003 26.25 0 0 0 "BG" 2003
3 2005 28 0 0 0 "BG" 2005
3 2006 25.2 0 0 0 "BG" 2006
3 2009 27.3 0 0 0 "BG" 2009
3 2012 27.6 0 0 0 "BG" 2012
3 2014 26.1595238095238 0 0 0 "BG" 2014
3 2015 27.56875 0 0 0 "BG" 2015
3 2016 27.9382352941176 0 0 0 "BG" 2016
3 2017 24.8428571428571 0 0 0 "BG" 2017
3 2018 27.5354166666667 0 0 0 "BG" 2018
4 1982 31.55 0 0 0 "BG" 1982
4 1983 28.69 0 0 0 "BG" 1983
4 1984 29.125 0 0 0 "BG" 1984
4 1985 28.8625 0 0 0 "BG" 1985
4 1986 27.6928571428571 0 0 0 "BG" 1986
4 1987 29.7875 0 0 0 "BG" 1987
4 1988 30.975 0 0 0 "BG" 1988
4 1989 31.9 0 0 0 "BG" 1989
4 1990 29.8 0 0 0 "BG" 1990
4 1991 24.775 0 0 0 "BG" 1991
4 1992 30.9111111111111 0 0 0 "BG" 1992
4 1993 27.71875 0 0 0 "BG" 1993
4 1994 27.7875 0 0 0 "BG" 1994
4 1995 31.65 0 0 0 "BG" 1995
4 1996 29.6 0 0 0 "BG" 1996
4 2005 25.7 0 0 0 "BG" 2005
4 2007 27.65 0 0 0 "BG" 2007
4 2009 28.35 0 0 0 "BG" 2009
4 2014 30.3441176470588 0 0 0 "BG" 2014
4 2015 26.6125 0 0 0 "BG" 2015
4 2016 30.5305555555556 0 0 0 "BG" 2016
4 2017 28.4861111111111 0 0 0 "BG" 2017
4 2018 27.5416666666667 0 0 0 "BG" 2018
5 1982 30.50625 0 0 0 "BG" 1982
5 1983 29.825 0 0 0 "BG" 1983
5 1984 28.5636363636364 0 0 0 "BG" 1984
5 1985 28.025 0 0 0 "BG" 1985
5 1986 29 0 0 0 "BG" 1986
5 1988 28.3 0 0 0 "BG" 1988
5 1989 27.0666666666667 0 0 0 "BG" 1989
5 1990 29.45 0 0 0 "BG" 1990
5 1991 26.45 0 0 0 "BG" 1991
5 1992 29.6909090909091 0 0 0 "BG" 1992
5 1993 27.8666666666667 0 0 0 "BG" 1993
5 1994 31.575 0 0 0 "BG" 1994
5 1995 31.7 0 0 0 "BG" 1995
5 1996 32.15 0 0 0 "BG" 1996
5 2003 29.475 0 0 0 "BG" 2003
5 2012 32.2 0 0 0 "BG" 2012
5 2014 31.2071428571429 0 0 0 "BG" 2014
5 2015 29.6760869565217 0 0 0 "BG" 2015
5 2016 28.7884615384615 0 0 0 "BG" 2016
5 2017 30.2625 0 0 0 "BG" 2017
5 2018 27.59375 0 0 0 "BG" 2018
6 1982 29.95 0 0 0 "BG" 1982
6 1983 29.34 0 0 0 "BG" 1983
6 1984 28.55 0 0 0 "BG" 1984
6 1985 29.1227272727273 0 0 0 "BG" 1985
6 1986 29.6375 0 0 0 "BG" 1986
6 1987 30.7388888888889 0 0 0 "BG" 1987
6 1988 30.22 0 0 0 "BG" 1988
6 1989 29.8 0 0 0 "BG" 1989
6 1990 30.5 0 0 0 "BG" 1990
6 1991 29.0888888888889 0 0 0 "BG" 1991
6 1992 30.55 0 0 0 "BG" 1992
6 1993 28.175 0 0 0 "BG" 1993
6 1995 30.875 0 0 0 "BG" 1995
6 1996 29.775 0 0 0 "BG" 1996
6 2014 29.4815789473684 0 0 0 "BG" 2014
6 2015 30.2233333333333 0 0 0 "BG" 2015
6 2016 31.2181818181818 0 0 0 "BG" 2016
6 2017 29.9636363636364 0 0 0 "BG" 2017
6 2018 29.7058823529412 0 0 0 "BG" 2018
7 1982 29.92 0 0 0 "BG" 1982
7 1983 29.25 0 0 0 "BG" 1983
7 1984 28.7277777777778 0 0 0 "BG" 1984
7 1985 29.2833333333333 0 0 0 "BG" 1985
7 1986 29.3 0 0 0 "BG" 1986
7 1987 28.92 0 0 0 "BG" 1987
7 1988 29.15 0 0 0 "BG" 1988
7 1989 30.075 0 0 0 "BG" 1989
7 1990 28.7 0 0 0 "BG" 1990
7 1991 30.23 0 0 0 "BG" 1991
7 1992 28.95 0 0 0 "BG" 1992
7 1993 29.4416666666667 0 0 0 "BG" 1993
7 1994 29.05 0 0 0 "BG" 1994
7 1995 28 0 0 0 "BG" 1995
7 1996 29.775 0 0 0 "BG" 1996
7 2003 29.875 0 0 0 "BG" 2003
7 2004 28.8 0 0 0 "BG" 2004
7 2014 29.8704545454545 0 0 0 "BG" 2014
7 2015 28.665 0 0 0 "BG" 2015
7 2016 29.1875 0 0 0 "BG" 2016
7 2017 30.015 0 0 0 "BG" 2017
7 2018 29.8388888888889 0 0 0 "BG" 2018
8 1982 29.32 0 0 0 "BG" 1982
8 1983 30.1375 0 0 0 "BG" 1983
8 1984 28.5875 0 0 0 "BG" 1984
8 1985 28.8576923076923 0 0 0 "BG" 1985
8 1986 30.02 0 0 0 "BG" 1986
8 1987 29.675 0 0 0 "BG" 1987
8 1988 28.95 0 0 0 "BG" 1988
8 1989 30.025 0 0 0 "BG" 1989
8 1990 30.04 0 0 0 "BG" 1990
8 1991 29.2333333333333 0 0 0 "BG" 1991
8 1992 28.95 0 0 0 "BG" 1992
8 1993 29.1666666666667 0 0 0 "BG" 1993
8 1994 29.1 0 0 0 "BG" 1994
8 1995 30.65 0 0 0 "BG" 1995
8 1996 28.5857142857143 0 0 0 "BG" 1996
8 2001 28.55 0 0 0 "BG" 2001
8 2003 28.56 0 0 0 "BG" 2003
8 2009 27.15 0 0 0 "BG" 2009
8 2014 29.0921052631579 0 0 0 "BG" 2014
8 2015 29.7086956521739 0 0 0 "BG" 2015
8 2016 30.0105263157895 0 0 0 "BG" 2016
8 2017 29.62 0 0 0 "BG" 2017
8 2018 30.4475 0 0 0 "BG" 2018
9 1982 29.4 0 0 0 "BG" 1982
9 1983 28.9285714285714 0 0 0 "BG" 1983
9 1984 28.75 0 0 0 "BG" 1984
9 1985 29.5142857142857 0 0 0 "BG" 1985
9 1986 29.20625 0 0 0 "BG" 1986
9 1987 29.82 0 0 0 "BG" 1987
9 1989 28.95 0 0 0 "BG" 1989
9 1990 29.7 0 0 0 "BG" 1990
9 1991 28.6 0 0 0 "BG" 1991
9 1992 29.63 0 0 0 "BG" 1992
9 1993 29.575 0 0 0 "BG" 1993
9 1995 29.225 0 0 0 "BG" 1995
9 1996 29.925 0 0 0 "BG" 1996
9 2003 28.44375 0 0 0 "BG" 2003
9 2007 27.2 0 0 0 "BG" 2007
9 2008 29.675 0 0 0 "BG" 2008
9 2009 29.15 0 0 0 "BG" 2009
9 2012 29.425 0 0 0 "BG" 2012
9 2014 29.8340909090909 0 0 0 "BG" 2014
9 2015 29.37 0 0 0 "BG" 2015
9 2016 29.8035714285714 0 0 0 "BG" 2016
9 2017 29.9526315789474 0 0 0 "BG" 2017
9 2018 30.5133333333333 0 0 0 "BG" 2018
10 1982 27.8041666666667 0 0 0 "BG" 1982
10 1983 27.2227272727273 0 0 0 "BG" 1983
10 1984 28.8857142857143 0 0 0 "BG" 1984
10 1985 27.88125 0 0 0 "BG" 1985
10 1986 26.9 0 0 0 "BG" 1986
10 1987 28.7538461538462 0 0 0 "BG" 1987
10 1988 27.2666666666667 0 0 0 "BG" 1988
10 1989 27.925 0 0 0 "BG" 1989
10 1990 27.68 0 0 0 "BG" 1990
10 1991 28.0916666666667 0 0 0 "BG" 1991
10 1992 27.9769230769231 0 0 0 "BG" 1992
10 1993 25.55 0 0 0 "BG" 1993
10 1995 29.2166666666667 0 0 0 "BG" 1995
10 1996 30.55 0 0 0 "BG" 1996
10 2003 28.125 0 0 0 "BG" 2003
10 2006 28.05 0 0 0 "BG" 2006
10 2008 26.65 0 0 0 "BG" 2008
10 2009 29 0 0 0 "BG" 2009
10 2011 27.75 0 0 0 "BG" 2011
10 2012 28.35 0 0 0 "BG" 2012
10 2014 27.8375 0 0 0 "BG" 2014
10 2015 27.8692307692308 0 0 0 "BG" 2015
10 2016 29.27 0 0 0 "BG" 2016
10 2017 28.5681818181818 0 0 0 "BG" 2017
10 2018 27.4916666666667 0 0 0 "BG" 2018
11 1982 23.075 0 0 0 "BG" 1982
11 1983 24.7923076923077 0 0 0 "BG" 1983
11 1984 23.9454545454545 0 0 0 "BG" 1984
11 1985 23.9272727272727 0 0 0 "BG" 1985
11 1986 23.2833333333333 0 0 0 "BG" 1986
11 1987 24.7181818181818 0 0 0 "BG" 1987
11 1988 25.63 0 0 0 "BG" 1988
11 1989 23.9333333333333 0 0 0 "BG" 1989
11 1990 26.9 0 0 0 "BG" 1990
11 1991 23.55 0 0 0 "BG" 1991
11 1992 23.7041666666667 0 0 0 "BG" 1992
11 1994 22.5 0 0 0 "BG" 1994
11 1995 26.525 0 0 0 "BG" 1995
11 1996 26.05 0 0 0 "BG" 1996
11 2002 23.1 0 0 0 "BG" 2002
11 2005 25.25 0 0 0 "BG" 2005
11 2014 24.2852941176471 0 0 0 "BG" 2014
11 2015 24.8236842105263 0 0 0 "BG" 2015
11 2016 24.45 0 0 0 "BG" 2016
11 2017 25.56 0 0 0 "BG" 2017
11 2018 24.0222222222222 0 0 0 "BG" 2018
12 1982 19.4807692307692 0 0 0 "BG" 1982
12 1983 19.925 0 0 0 "BG" 1983
12 1984 19.4875 0 0 0 "BG" 1984
12 1985 21.8538461538462 0 0 0 "BG" 1985
12 1986 21.175 0 0 0 "BG" 1986
12 1987 21.18 0 0 0 "BG" 1987
12 1988 21.7625 0 0 0 "BG" 1988
12 1989 20.2357142857143 0 0 0 "BG" 1989
12 1990 20.9722222222222 0 0 0 "BG" 1990
12 1991 18.5625 0 0 0 "BG" 1991
12 1992 19.2033333333333 0 0 0 "BG" 1992
12 1993 19.4 0 0 0 "BG" 1993
12 1994 20.44 0 0 0 "BG" 1994
12 1995 19.825 0 0 0 "BG" 1995
12 1996 19.7333333333333 0 0 0 "BG" 1996
12 2002 21.65 0 0 0 "BG" 2002
12 2007 20.65 0 0 0 "BG" 2007
12 2009 22.3 0 0 0 "BG" 2009
12 2013 20.9692307692308 0 0 0 "BG" 2013
12 2014 20.1625 0 0 0 "BG" 2014
12 2015 21.175 0 0 0 "BG" 2015
12 2016 22.5617647058824 0 0 0 "BG" 2016
12 2017 21.6366666666667 0 0 0 "BG" 2017
12 2018 22.16875 0 0 0 "BG" 2018
1 1983 18.1 0 0 0 "BG" 1983
1 1984 18.075 0 0 0 "BG" 1984
1 1985 19.8545454545455 0 0 0 "BG" 1985
1 1987 18.5833333333333 0 0 0 "BG" 1987
1 1988 19.15625 0 0 0 "BG" 1988
1 1989 18.2375 0 0 0 "BG" 1989
1 1990 18.0833333333333 0 0 0 "BG" 1990
1 1991 17.1875 0 0 0 "BG" 1991
1 1992 16.9642857142857 0 0 0 "BG" 1992
1 1993 19.23 0 0 0 "BG" 1993
1 1994 19.15 0 0 0 "BG" 1994
1 1995 17.1166666666667 0 0 0 "BG" 1995
1 1996 18.5166666666667 0 0 0 "BG" 1996
1 1997 18.5 0 0 0 "BG" 1997
1 2004 20.3 0 0 0 "BG" 2004
1 2014 18.4583333333333 0 0 0 "BG" 2014
1 2015 18.6913043478261 0 0 0 "BG" 2015
1 2016 18.4694444444444 0 0 0 "BG" 2016
1 2017 19.26 0 0 0 "BG" 2017
1 2018 16.4115384615385 0 0 0 "BG" 2018
1 2019 22.7294117647059 0 0 0 "BG" 2019
2 1982 21.19 0 0 0 "BG" 1982
2 1983 19.3285714285714 0 0 0 "BG" 1983
2 1984 19.9666666666667 0 0 0 "BG" 1984
2 1985 20.9642857142857 0 0 0 "BG" 1985
2 1986 21.38 0 0 0 "BG" 1986
2 1987 23.3916666666667 0 0 0 "BG" 1987
2 1988 22.0071428571429 0 0 0 "BG" 1988
2 1989 20.1 0 0 0 "BG" 1989
2 1990 22.7333333333333 0 0 0 "BG" 1990
2 1991 23.8 0 0 0 "BG" 1991
2 1992 21.125 0 0 0 "BG" 1992
2 1993 22.05 0 0 0 "BG" 1993
2 1994 20.375 0 0 0 "BG" 1994
2 1995 18.375 0 0 0 "BG" 1995
2 1996 21.8083333333333 0 0 0 "BG" 1996
2 1997 18.7 0 0 0 "BG" 1997
2 2002 18.1 0 0 0 "BG" 2002
2 2009 21.35 0 0 0 "BG" 2009
2 2014 20.99 0 0 0 "BG" 2014
2 2015 22.0730769230769 0 0 0 "BG" 2015
2 2016 23.5527777777778 0 0 0 "BG" 2016
2 2018 23.14 0 0 0 "BG" 2018
3 1982 23.63125 0 0 0 "BG" 1982
3 1983 25.8625 0 0 0 "BG" 1983
3 1984 29.26 0 0 0 "BG" 1984
3 1985 28.8428571428571 0 0 0 "BG" 1985
3 1986 27.0423076923077 0 0 0 "BG" 1986
3 1987 26.7192307692308 0 0 0 "BG" 1987
3 1988 25.35 0 0 0 "BG" 1988
3 1989 27.38 0 0 0 "BG" 1989
3 1990 18.3 0 0 0 "BG" 1990
3 1991 27.86 0 0 0 "BG" 1991
3 1992 28.65 0 0 0 "BG" 1992
3 1993 24.0583333333333 0 0 0 "BG" 1993
3 1994 26.8 0 0 0 "BG" 1994
3 1995 26.8875 0 0 0 "BG" 1995
3 1996 25.95 0 0 0 "BG" 1996
3 1997 26.15 0 0 0 "BG" 1997
3 2000 27 0 0 0 "BG" 2000
3 2002 25.85 0 0 0 "BG" 2002
3 2003 27.3 0 0 0 "BG" 2003
3 2007 27 0 0 0 "BG" 2007
3 2012 28.35 0 0 0 "BG" 2012
3 2014 25.9 0 0 0 "BG" 2014
3 2015 27.1 0 0 0 "BG" 2015
3 2016 27.8529411764706 0 0 0 "BG" 2016
3 2017 25.2384615384615 0 0 0 "BG" 2017
3 2018 27.5685185185185 0 0 0 "BG" 2018
4 1982 26.15 0 0 0 "BG" 1982
4 1983 31.325 0 0 0 "BG" 1983
4 1984 31.7833333333333 0 0 0 "BG" 1984
4 1985 31.2125 0 0 0 "BG" 1985
4 1986 28.875 0 0 0 "BG" 1986
4 1987 31.225 0 0 0 "BG" 1987
4 1988 30.275 0 0 0 "BG" 1988
4 1991 28.925 0 0 0 "BG" 1991
4 1992 31.5 0 0 0 "BG" 1992
4 1993 28.9 0 0 0 "BG" 1993
4 1994 29.525 0 0 0 "BG" 1994
4 1995 30.875 0 0 0 "BG" 1995
4 1996 29.2875 0 0 0 "BG" 1996
4 2002 26.9 0 0 0 "BG" 2002
4 2003 29 0 0 0 "BG" 2003
4 2007 30.85 0 0 0 "BG" 2007
4 2014 31.1333333333333 0 0 0 "BG" 2014
4 2015 28.0666666666667 0 0 0 "BG" 2015
4 2016 31.3416666666667 0 0 0 "BG" 2016
4 2017 30.2266666666667 0 0 0 "BG" 2017
4 2018 28.3882352941176 0 0 0 "BG" 2018
5 1982 29.475 0 0 0 "BG" 1982
5 1983 28.2 0 0 0 "BG" 1983
5 1984 31.4 0 0 0 "BG" 1984
5 1985 29.175 0 0 0 "BG" 1985
5 1986 28.825 0 0 0 "BG" 1986
5 1989 29.75 0 0 0 "BG" 1989
5 1991 29.9 0 0 0 "BG" 1991
5 1992 28.9 0 0 0 "BG" 1992
5 1993 28.72 0 0 0 "BG" 1993
5 1994 33.6166666666667 0 0 0 "BG" 1994
5 1995 32.19 0 0 0 "BG" 1995
5 1996 30.3583333333333 0 0 0 "BG" 1996
5 2003 33.7666666666667 0 0 0 "BG" 2003
5 2004 33 0 0 0 "BG" 2004
5 2014 32.9970588235294 0 0 0 "BG" 2014
5 2015 31.2117647058824 0 0 0 "BG" 2015
5 2016 29.9192307692308 0 0 0 "BG" 2016
5 2017 30.8733333333333 0 0 0 "BG" 2017
5 2018 29.05625 0 0 0 "BG" 2018
6 1982 27.4166666666667 0 0 0 "BG" 1982
6 1983 29.6136363636364 0 0 0 "BG" 1983
6 1984 28.9071428571429 0 0 0 "BG" 1984
6 1985 29.04375 0 0 0 "BG" 1985
6 1986 28.65 0 0 0 "BG" 1986
6 1987 30.41875 0 0 0 "BG" 1987
6 1988 28.62 0 0 0 "BG" 1988
6 1989 29.15 0 0 0 "BG" 1989
6 1990 29.8 0 0 0 "BG" 1990
6 1991 29.8375 0 0 0 "BG" 1991
6 1992 30.6178571428571 0 0 0 "BG" 1992
6 1993 29.47 0 0 0 "BG" 1993
6 1995 28.65 0 0 0 "BG" 1995
6 1996 28.125 0 0 0 "BG" 1996
6 2002 28.6833333333333 0 0 0 "BG" 2002
6 2009 30.4 0 0 0 "BG" 2009
6 2014 29.8 0 0 0 "BG" 2014
6 2015 30.8722222222222 0 0 0 "BG" 2015
6 2016 30.715 0 0 0 "BG" 2016
6 2017 30.0153846153846 0 0 0 "BG" 2017
6 2018 30.8794117647059 0 0 0 "BG" 2018
7 1982 29.6714285714286 0 0 0 "BG" 1982
7 1983 29.405 0 0 0 "BG" 1983
7 1984 28.45 0 0 0 "BG" 1984
7 1985 28.0090909090909 0 0 0 "BG" 1985
7 1986 27.5333333333333 0 0 0 "BG" 1986
7 1987 28.9583333333333 0 0 0 "BG" 1987
7 1988 30.15 0 0 0 "BG" 1988
7 1989 28.55 0 0 0 "BG" 1989
7 1990 29.8 0 0 0 "BG" 1990
7 1991 29.5769230769231 0 0 0 "BG" 1991
7 1992 28.9111111111111 0 0 0 "BG" 1992
7 1993 29.0125 0 0 0 "BG" 1993
7 1994 29.175 0 0 0 "BG" 1994
7 1995 29.4 0 0 0 "BG" 1995
7 1996 28.35 0 0 0 "BG" 1996
7 2003 30.1833333333333 0 0 0 "BG" 2003
7 2009 28.9 0 0 0 "BG" 2009
7 2014 29.87 0 0 0 "BG" 2014
7 2015 29.0285714285714 0 0 0 "BG" 2015
7 2016 29.5583333333333 0 0 0 "BG" 2016
7 2017 29.11 0 0 0 "BG" 2017
7 2018 30.0472222222222 0 0 0 "BG" 2018
8 1982 28.8785714285714 0 0 0 "BG" 1982
8 1983 29.0388888888889 0 0 0 "BG" 1983
8 1984 28.7125 0 0 0 "BG" 1984
8 1985 28.8571428571429 0 0 0 "BG" 1985
8 1986 29.23125 0 0 0 "BG" 1986
8 1987 29.35 0 0 0 "BG" 1987
8 1988 28.3666666666667 0 0 0 "BG" 1988
8 1990 28.975 0 0 0 "BG" 1990
8 1991 29.5454545454545 0 0 0 "BG" 1991
8 1992 29.3 0 0 0 "BG" 1992
8 1993 29.5 0 0 0 "BG" 1993
8 1994 29.275 0 0 0 "BG" 1994
8 1995 28.6 0 0 0 "BG" 1995
8 1996 28.025 0 0 0 "BG" 1996
8 2000 29.9 0 0 0 "BG" 2000
8 2001 30.15 0 0 0 "BG" 2001
8 2003 29.96 0 0 0 "BG" 2003
8 2008 28.6 0 0 0 "BG" 2008
8 2014 29.9880952380952 0 0 0 "BG" 2014
8 2015 29.9738095238095 0 0 0 "BG" 2015
8 2016 29.58 0 0 0 "BG" 2016
8 2017 30.0625 0 0 0 "BG" 2017
8 2018 30.2575 0 0 0 "BG" 2018
9 1982 30.275 0 0 0 "BG" 1982
9 1983 29.3642857142857 0 0 0 "BG" 1983
9 1984 29.05 0 0 0 "BG" 1984
9 1985 28.91 0 0 0 "BG" 1985
9 1986 29.2714285714286 0 0 0 "BG" 1986
9 1987 29.44375 0 0 0 "BG" 1987
9 1989 28.32 0 0 0 "BG" 1989
9 1990 29.1833333333333 0 0 0 "BG" 1990
9 1991 29.55 0 0 0 "BG" 1991
9 1992 28.3 0 0 0 "BG" 1992
9 1993 27.5 0 0 0 "BG" 1993
9 1995 29.5875 0 0 0 "BG" 1995
9 1996 28.94 0 0 0 "BG" 1996
9 2001 30.4 0 0 0 "BG" 2001
9 2002 28.6 0 0 0 "BG" 2002
9 2003 29.6071428571429 0 0 0 "BG" 2003
9 2007 26.65 0 0 0 "BG" 2007
9 2008 29 0 0 0 "BG" 2008
9 2012 28.025 0 0 0 "BG" 2012
9 2014 29.744 0 0 0 "BG" 2014
9 2015 29.9233333333333 0 0 0 "BG" 2015
9 2016 30.2029411764706 0 0 0 "BG" 2016
9 2017 30.6369565217391 0 0 0 "BG" 2017
9 2018 30.1088235294118 0 0 0 "BG" 2018
10 1982 27.305 0 0 0 "BG" 1982
10 1983 27.85 0 0 0 "BG" 1983
10 1984 29.4 0 0 0 "BG" 1984
10 1985 27.0888888888889 0 0 0 "BG" 1985
10 1986 26.5583333333333 0 0 0 "BG" 1986
10 1987 28.40625 0 0 0 "BG" 1987
10 1988 26.7 0 0 0 "BG" 1988
10 1989 27.1 0 0 0 "BG" 1989
10 1990 25.5590909090909 0 0 0 "BG" 1990
10 1991 26.9333333333333 0 0 0 "BG" 1991
10 1992 27.34375 0 0 0 "BG" 1992
10 1993 25.0666666666667 0 0 0 "BG" 1993
10 1994 27.925 0 0 0 "BG" 1994
10 1995 28.6 0 0 0 "BG" 1995
10 1996 26.1333333333333 0 0 0 "BG" 1996
10 1998 30.05 0 0 0 "BG" 1998
10 2003 26.9 0 0 0 "BG" 2003
10 2008 28.95 0 0 0 "BG" 2008
10 2011 27.55 0 0 0 "BG" 2011
10 2012 26.475 0 0 0 "BG" 2012
10 2014 27.3473684210526 0 0 0 "BG" 2014
10 2015 28.3333333333333 0 0 0 "BG" 2015
10 2016 28.935 0 0 0 "BG" 2016
10 2017 28.3909090909091 0 0 0 "BG" 2017
10 2018 27.9416666666667 0 0 0 "BG" 2018
11 1982 22.8681818181818 0 0 0 "BG" 1982
11 1983 23.675 0 0 0 "BG" 1983
11 1984 22.99 0 0 0 "BG" 1984
11 1985 22.58 0 0 0 "BG" 1985
11 1986 23.9555555555556 0 0 0 "BG" 1986
11 1987 24.5875 0 0 0 "BG" 1987
11 1988 24.1625 0 0 0 "BG" 1988
11 1989 22.9583333333333 0 0 0 "BG" 1989
11 1990 25.0214285714286 0 0 0 "BG" 1990
11 1991 23.325 0 0 0 "BG" 1991
11 1992 23.3916666666667 0 0 0 "BG" 1992
11 1994 23.55 0 0 0 "BG" 1994
11 1995 23.4857142857143 0 0 0 "BG" 1995
11 1996 20.9 0 0 0 "BG" 1996
11 2014 23.1571428571429 0 0 0 "BG" 2014
11 2015 24.4840909090909 0 0 0 "BG" 2015
11 2016 23.6264705882353 0 0 0 "BG" 2016
11 2017 24.415625 0 0 0 "BG" 2017
11 2018 22.975 0 0 0 "BG" 2018
12 1982 19.0857142857143 0 0 0 "BG" 1982
12 1983 19.75625 0 0 0 "BG" 1983
12 1984 17.9642857142857 0 0 0 "BG" 1984
12 1985 20.9857142857143 0 0 0 "BG" 1985
12 1986 20.4409090909091 0 0 0 "BG" 1986
12 1987 20.4954545454545 0 0 0 "BG" 1987
12 1988 21.65 0 0 0 "BG" 1988
12 1989 18.55 0 0 0 "BG" 1989
12 1990 18.6 0 0 0 "BG" 1990
12 1991 18.3357142857143 0 0 0 "BG" 1991
12 1992 18.845 0 0 0 "BG" 1992
12 1993 20.625 0 0 0 "BG" 1993
12 1994 19.6166666666667 0 0 0 "BG" 1994
12 1995 19.49375 0 0 0 "BG" 1995
12 1996 19.75 0 0 0 "BG" 1996
12 2009 21.15 0 0 0 "BG" 2009
12 2013 20.0266666666667 0 0 0 "BG" 2013
12 2014 19.0041666666667 0 0 0 "BG" 2014
12 2015 20.0357142857143 0 0 0 "BG" 2015
12 2016 20.5535714285714 0 0 0 "BG" 2016
12 2017 20.3777777777778 0 0 0 "BG" 2017
12 2018 20.0666666666667 0 0 0 "BG" 2018
1 2014 19.3333333333333 0 0 0 "BG" 2014
1 2015 19.9434782608696 0 0 0 "BG" 2015
1 2016 19.16 0 0 0 "BG" 2016
1 2017 20.7555555555556 0 0 0 "BG" 2017
1 2018 18.003125 0 0 0 "BG" 2018
1 2019 22.7142857142857 0 0 0 "BG" 2019
2 2005 21.15 0 0 0 "BG" 2005
2 2009 20.95 0 0 0 "BG" 2009
2 2014 21.32 0 0 0 "BG" 2014
2 2015 21.78 0 0 0 "BG" 2015
2 2016 23.9176470588235 0 0 0 "BG" 2016
2 2017 23.6 0 0 0 "BG" 2017
2 2018 23.5470588235294 0 0 0 "BG" 2018
3 2000 26.25 0 0 0 "BG" 2000
3 2003 26.15 0 0 0 "BG" 2003
3 2012 27.55 0 0 0 "BG" 2012
3 2014 25.1527777777778 0 0 0 "BG" 2014
3 2015 26.775 0 0 0 "BG" 2015
3 2016 27.2205882352941 0 0 0 "BG" 2016
3 2017 24.4214285714286 0 0 0 "BG" 2017
3 2018 26.8318181818182 0 0 0 "BG" 2018
4 2014 29.9888888888889 0 0 0 "BG" 2014
4 2015 26 0 0 0 "BG" 2015
4 2016 28.9305555555556 0 0 0 "BG" 2016
4 2017 27.721875 0 0 0 "BG" 2017
4 2018 27.7833333333333 0 0 0 "BG" 2018
5 2003 29.8375 0 0 0 "BG" 2003
5 2007 27.8 0 0 0 "BG" 2007
5 2012 30.3 0 0 0 "BG" 2012
5 2014 30.0366666666667 0 0 0 "BG" 2014
5 2015 29.0452380952381 0 0 0 "BG" 2015
5 2016 28.3625 0 0 0 "BG" 2016
5 2017 29.9666666666667 0 0 0 "BG" 2017
5 2018 27.8472222222222 0 0 0 "BG" 2018
6 2014 28.5285714285714 0 0 0 "BG" 2014
6 2015 28.9633333333333 0 0 0 "BG" 2015
6 2016 29.9681818181818 0 0 0 "BG" 2016
6 2017 29.0166666666667 0 0 0 "BG" 2017
6 2018 28.6823529411765 0 0 0 "BG" 2018
7 2007 29.05 0 0 0 "BG" 2007
7 2014 29.0380952380952 0 0 0 "BG" 2014
7 2015 27.845 0 0 0 "BG" 2015
7 2016 28.15 0 0 0 "BG" 2016
7 2017 28.7076923076923 0 0 0 "BG" 2017
7 2018 28.8921052631579 0 0 0 "BG" 2018
8 2001 29 0 0 0 "BG" 2001
8 2014 28.1973684210526 0 0 0 "BG" 2014
8 2015 28.8642857142857 0 0 0 "BG" 2015
8 2016 28.9794117647059 0 0 0 "BG" 2016
8 2017 29.2431818181818 0 0 0 "BG" 2017
8 2018 29.1404761904762 0 0 0 "BG" 2018
9 2003 28.46875 0 0 0 "BG" 2003
9 2005 29.4 0 0 0 "BG" 2005
9 2007 27.95 0 0 0 "BG" 2007
9 2008 30 0 0 0 "BG" 2008
9 2014 28.878 0 0 0 "BG" 2014
9 2015 28.5352941176471 0 0 0 "BG" 2015
9 2016 29.3088235294118 0 0 0 "BG" 2016
9 2017 29.097619047619 0 0 0 "BG" 2017
9 2018 29.2214285714286 0 0 0 "BG" 2018
10 2003 28.425 0 0 0 "BG" 2003
10 2008 29.1 0 0 0 "BG" 2008
10 2009 27.7 0 0 0 "BG" 2009
10 2011 27.6 0 0 0 "BG" 2011
10 2012 28.475 0 0 0 "BG" 2012
10 2014 28.0194444444444 0 0 0 "BG" 2014
10 2015 27.5178571428571 0 0 0 "BG" 2015
10 2016 28.7194444444444 0 0 0 "BG" 2016
10 2017 27.895 0 0 0 "BG" 2017
10 2018 26.8208333333333 0 0 0 "BG" 2018
11 2002 23 0 0 0 "BG" 2002
11 2014 24.3325 0 0 0 "BG" 2014
11 2015 24.7916666666667 0 0 0 "BG" 2015
11 2016 23.9638888888889 0 0 0 "BG" 2016
11 2017 25.5 0 0 0 "BG" 2017
11 2018 23.255 0 0 0 "BG" 2018
12 2009 22.8 0 0 0 "BG" 2009
12 2013 20.645 0 0 0 "BG" 2013
12 2014 20.604 0 0 0 "BG" 2014
12 2015 20.4928571428571 0 0 0 "BG" 2015
12 2016 22.0676470588235 0 0 0 "BG" 2016
12 2017 21.4823529411765 0 0 0 "BG" 2017
12 2018 20.89375 0 0 0 "BG" 2018
1 1961 20.7 0 0 0 "BG" 1961
1 1962 19.34 0 0 0 "BG" 1962
1 1997 17.8625 0 0 0 "BG" 1997
1 2003 21.7 0 0 0 "BG" 2003
1 2008 20.45 0 0 0 "BG" 2008
1 2014 18.4416666666667 0 0 0 "BG" 2014
1 2015 19.5020833333333 0 0 0 "BG" 2015
1 2016 19.2578947368421 0 0 0 "BG" 2016
1 2017 20.2 0 0 0 "BG" 2017
1 2018 17.2333333333333 0 0 0 "BG" 2018
1 2019 22.15 0 0 0 "BG" 2019
2 1961 20.9333333333333 0 0 0 "BG" 1961
2 1962 22.5764705882353 0 0 0 "BG" 1962
2 1997 20.05 0 0 0 "BG" 1997
2 2009 20.5 0 0 0 "BG" 2009
2 2014 20.94 0 0 0 "BG" 2014
2 2015 21.4892857142857 0 0 0 "BG" 2015
2 2016 24.1736842105263 0 0 0 "BG" 2016
2 2018 23.6970588235294 0 0 0 "BG" 2018
3 1961 24.45 0 0 0 "BG" 1961
3 1962 26.0055555555556 0 0 0 "BG" 1962
3 2000 25.9 0 0 0 "BG" 2000
3 2003 26.65 0 0 0 "BG" 2003
3 2012 27.75 0 0 0 "BG" 2012
3 2014 26.1925 0 0 0 "BG" 2014
3 2015 27.05 0 0 0 "BG" 2015
3 2016 28.05 0 0 0 "BG" 2016
3 2017 25.3266666666667 0 0 0 "BG" 2017
3 2018 27.0104166666667 0 0 0 "BG" 2018
4 1961 27.84 0 0 0 "BG" 1961
4 1962 27.7325 0 0 0 "BG" 1962
4 2014 30.221875 0 0 0 "BG" 2014
4 2015 27.56 0 0 0 "BG" 2015
4 2016 30.2684210526316 0 0 0 "BG" 2016
4 2017 29.0368421052632 0 0 0 "BG" 2017
4 2018 27.847619047619 0 0 0 "BG" 2018
5 1961 29.5333333333333 0 0 0 "BG" 1961
5 1962 28.625 0 0 0 "BG" 1962
5 2003 30.5875 0 0 0 "BG" 2003
5 2006 27.5 0 0 0 "BG" 2006
5 2007 29.4 0 0 0 "BG" 2007
5 2014 30.7882352941176 0 0 0 "BG" 2014
5 2015 30.6904761904762 0 0 0 "BG" 2015
5 2016 29.1916666666667 0 0 0 "BG" 2016
5 2017 30.45 0 0 0 "BG" 2017
5 2018 28.6125 0 0 0 "BG" 2018
6 1961 28 0 0 0 "BG" 1961
6 1962 27.3428571428571 0 0 0 "BG" 1962
6 2002 29.3 0 0 0 "BG" 2002
6 2005 26.25 0 0 0 "BG" 2005
6 2006 28.2 0 0 0 "BG" 2006
6 2010 30 0 0 0 "BG" 2010
6 2014 29.5055555555556 0 0 0 "BG" 2014
6 2015 29.8888888888889 0 0 0 "BG" 2015
6 2016 30.5863636363636 0 0 0 "BG" 2016
6 2017 29.1708333333333 0 0 0 "BG" 2017
6 2018 29.6794117647059 0 0 0 "BG" 2018
7 1961 27.195 0 0 0 "BG" 1961
7 1962 27.8722222222222 0 0 0 "BG" 1962
7 2003 29.4166666666667 0 0 0 "BG" 2003
7 2006 28.75 0 0 0 "BG" 2006
7 2014 29.302380952381 0 0 0 "BG" 2014
7 2015 28.2547619047619 0 0 0 "BG" 2015
7 2016 28.69 0 0 0 "BG" 2016
7 2017 29.15 0 0 0 "BG" 2017
7 2018 29.3021739130435 0 0 0 "BG" 2018
8 1961 27.3857142857143 0 0 0 "BG" 1961
8 2001 28.2 0 0 0 "BG" 2001
8 2003 28.875 0 0 0 "BG" 2003
8 2014 29.0194444444444 0 0 0 "BG" 2014
8 2015 28.954347826087 0 0 0 "BG" 2015
8 2016 29.134375 0 0 0 "BG" 2016
8 2017 29.5333333333333 0 0 0 "BG" 2017
8 2018 29.552 0 0 0 "BG" 2018
9 1961 26.15 0 0 0 "BG" 1961
9 2003 29.215 0 0 0 "BG" 2003
9 2007 29.9 0 0 0 "BG" 2007
9 2012 26.65 0 0 0 "BG" 2012
9 2014 29.3805555555556 0 0 0 "BG" 2014
9 2015 29.0766666666667 0 0 0 "BG" 2015
9 2016 29.1194444444444 0 0 0 "BG" 2016
9 2017 29.145 0 0 0 "BG" 2017
9 2018 29.790625 0 0 0 "BG" 2018
10 1961 27.3153846153846 0 0 0 "BG" 1961
10 2008 29.4 0 0 0 "BG" 2008
10 2009 28.75 0 0 0 "BG" 2009
10 2011 27.95 0 0 0 "BG" 2011
10 2012 28.75 0 0 0 "BG" 2012
10 2014 27.5705882352941 0 0 0 "BG" 2014
10 2015 27.6785714285714 0 0 0 "BG" 2015
10 2016 28.2944444444444 0 0 0 "BG" 2016
10 2017 28.3444444444444 0 0 0 "BG" 2017
10 2018 27.8222222222222 0 0 0 "BG" 2018
11 1961 24.72 0 0 0 "BG" 1961
11 2002 23.1 0 0 0 "BG" 2002
11 2005 23.725 0 0 0 "BG" 2005
11 2014 23.98 0 0 0 "BG" 2014
11 2015 24.697619047619 0 0 0 "BG" 2015
11 2016 23.70625 0 0 0 "BG" 2016
11 2017 25.0846153846154 0 0 0 "BG" 2017
11 2018 23.2 0 0 0 "BG" 2018
12 1961 20.0705882352941 0 0 0 "BG" 1961
12 1996 19.5 0 0 0 "BG" 1996
12 2006 20.4 0 0 0 "BG" 2006
12 2009 21.8 0 0 0 "BG" 2009
12 2013 20.6642857142857 0 0 0 "BG" 2013
12 2014 19.945652173913 0 0 0 "BG" 2014
12 2015 21.3181818181818 0 0 0 "BG" 2015
12 2016 21.65 0 0 0 "BG" 2016
12 2017 20.8964285714286 0 0 0 "BG" 2017
12 2018 20.3125 0 0 0 "BG" 2018
1 1983 19.3958333333333 0 0 0 "BG" 1983
1 1984 19.575 0 0 0 "BG" 1984
1 1985 20.4428571428571 0 0 0 "BG" 1985
1 1986 20.6142857142857 0 0 0 "BG" 1986
1 1987 20.6 0 0 0 "BG" 1987
1 1988 20.2416666666667 0 0 0 "BG" 1988
1 1989 18.5 0 0 0 "BG" 1989
1 1990 20.825 0 0 0 "BG" 1990
1 1991 19.8333333333333 0 0 0 "BG" 1991
1 1992 19.2666666666667 0 0 0 "BG" 1992
1 1993 19.66 0 0 0 "BG" 1993
1 1995 19.9 0 0 0 "BG" 1995
1 1996 19.9666666666667 0 0 0 "BG" 1996
1 1997 17.3 0 0 0 "BG" 1997
1 2003 21 0 0 0 "BG" 2003
1 2014 20.4642857142857 0 0 0 "BG" 2014
1 2015 21.6058823529412 0 0 0 "BG" 2015
1 2016 20.1441176470588 0 0 0 "BG" 2016
1 2017 21.6555555555556 0 0 0 "BG" 2017
1 2018 19.1233333333333 0 0 0 "BG" 2018
1 2019 23.0045454545455 0 0 0 "BG" 2019
2 1982 22.3666666666667 0 0 0 "BG" 1982
2 1983 20.3833333333333 0 0 0 "BG" 1983
2 1984 21.09375 0 0 0 "BG" 1984
2 1985 21.125 0 0 0 "BG" 1985
2 1986 22.46875 0 0 0 "BG" 1986
2 1987 23.9222222222222 0 0 0 "BG" 1987
2 1988 22.13 0 0 0 "BG" 1988
2 1989 20.575 0 0 0 "BG" 1989
2 1990 23.225 0 0 0 "BG" 1990
2 1991 22.45 0 0 0 "BG" 1991
2 1992 20.96875 0 0 0 "BG" 1992
2 1993 22.85 0 0 0 "BG" 1993
2 1994 19.8 0 0 0 "BG" 1994
2 1995 21.55 0 0 0 "BG" 1995
2 1996 23.3125 0 0 0 "BG" 1996
2 2004 24.6 0 0 0 "BG" 2004
2 2014 22.475 0 0 0 "BG" 2014
2 2015 22.65 0 0 0 "BG" 2015
2 2016 23.6166666666667 0 0 0 "BG" 2016
2 2017 22.55 0 0 0 "BG" 2017
2 2018 23.6638888888889 0 0 0 "BG" 2018
3 1982 24.3666666666667 0 0 0 "BG" 1982
3 1983 24.575 0 0 0 "BG" 1983
3 1984 25.50625 0 0 0 "BG" 1984
3 1985 25.7444444444444 0 0 0 "BG" 1985
3 1986 25.85 0 0 0 "BG" 1986
3 1987 26.2833333333333 0 0 0 "BG" 1987
3 1988 25.875 0 0 0 "BG" 1988
3 1989 28.35 0 0 0 "BG" 1989
3 1990 25.65 0 0 0 "BG" 1990
3 1991 24.8875 0 0 0 "BG" 1991
3 1992 26.25 0 0 0 "BG" 1992
3 1993 23.99375 0 0 0 "BG" 1993
3 1994 25.06 0 0 0 "BG" 1994
3 1995 24.475 0 0 0 "BG" 1995
3 1996 25.35 0 0 0 "BG" 1996
3 2000 24.25 0 0 0 "BG" 2000
3 2003 27.25 0 0 0 "BG" 2003
3 2004 27.625 0 0 0 "BG" 2004
3 2014 25.20625 0 0 0 "BG" 2014
3 2015 27.4666666666667 0 0 0 "BG" 2015
3 2016 26.96 0 0 0 "BG" 2016
3 2017 25.2863636363636 0 0 0 "BG" 2017
3 2018 26.8925 0 0 0 "BG" 2018
4 1982 27.0166666666667 0 0 0 "BG" 1982
4 1983 27.45 0 0 0 "BG" 1983
4 1984 27.6428571428571 0 0 0 "BG" 1984
4 1985 28.4833333333333 0 0 0 "BG" 1985
4 1986 27.98 0 0 0 "BG" 1986
4 1987 28.6375 0 0 0 "BG" 1987
4 1988 28.56875 0 0 0 "BG" 1988
4 1989 28.45 0 0 0 "BG" 1989
4 1990 26.9333333333333 0 0 0 "BG" 1990
4 1991 27.8 0 0 0 "BG" 1991
4 1992 28.7409090909091 0 0 0 "BG" 1992
4 1993 27.55 0 0 0 "BG" 1993
4 1994 29.05 0 0 0 "BG" 1994
4 1995 28.4833333333333 0 0 0 "BG" 1995
4 1996 29.275 0 0 0 "BG" 1996
4 2011 25.45 0 0 0 "BG" 2011
4 2014 28.48 0 0 0 "BG" 2014
4 2015 26 0 0 0 "BG" 2015
4 2016 28.4222222222222 0 0 0 "BG" 2016
4 2017 27.9529411764706 0 0 0 "BG" 2017
4 2018 28.3825 0 0 0 "BG" 2018
5 1982 29.6 0 0 0 "BG" 1982
5 1983 28.4125 0 0 0 "BG" 1983
5 1984 28.19 0 0 0 "BG" 1984
5 1985 29.225 0 0 0 "BG" 1985
5 1986 28.1125 0 0 0 "BG" 1986
5 1987 30.7 0 0 0 "BG" 1987
5 1988 28.65 0 0 0 "BG" 1988
5 1989 29.7 0 0 0 "BG" 1989
5 1990 28.975 0 0 0 "BG" 1990
5 1991 29.1 0 0 0 "BG" 1991
5 1992 29.2625 0 0 0 "BG" 1992
5 1993 27.4875 0 0 0 "BG" 1993
5 1994 29.95 0 0 0 "BG" 1994
5 1995 30.65 0 0 0 "BG" 1995
5 1996 28.95 0 0 0 "BG" 1996
5 2003 30.025 0 0 0 "BG" 2003
5 2005 28 0 0 0 "BG" 2005
5 2012 29.75 0 0 0 "BG" 2012
5 2014 29.5318181818182 0 0 0 "BG" 2014
5 2015 30.0777777777778 0 0 0 "BG" 2015
5 2016 28.7888888888889 0 0 0 "BG" 2016
5 2017 30.51 0 0 0 "BG" 2017
5 2018 28.4821428571429 0 0 0 "BG" 2018
6 1982 27.75 0 0 0 "BG" 1982
6 1983 28.9583333333333 0 0 0 "BG" 1983
6 1984 29.025 0 0 0 "BG" 1984
6 1985 28.8625 0 0 0 "BG" 1985
6 1986 28.97 0 0 0 "BG" 1986
6 1987 29.5166666666667 0 0 0 "BG" 1987
6 1988 29.3 0 0 0 "BG" 1988
6 1989 29.18 0 0 0 "BG" 1989
6 1990 29.725 0 0 0 "BG" 1990
6 1991 29.0625 0 0 0 "BG" 1991
6 1992 28.78 0 0 0 "BG" 1992
6 1993 28.3375 0 0 0 "BG" 1993
6 1994 29.6 0 0 0 "BG" 1994
6 1995 30.3 0 0 0 "BG" 1995
6 2002 29.5 0 0 0 "BG" 2002
6 2014 27.8736842105263 0 0 0 "BG" 2014
6 2015 29.7428571428571 0 0 0 "BG" 2015
6 2016 30.1944444444444 0 0 0 "BG" 2016
6 2017 28.8583333333333 0 0 0 "BG" 2017
6 2018 29.0375 0 0 0 "BG" 2018
7 1982 29.25 0 0 0 "BG" 1982
7 1983 29.5125 0 0 0 "BG" 1983
7 1984 27.1166666666667 0 0 0 "BG" 1984
7 1985 27.15 0 0 0 "BG" 1985
7 1986 28.925 0 0 0 "BG" 1986
7 1987 28.1 0 0 0 "BG" 1987
7 1988 29.7 0 0 0 "BG" 1988
7 1989 29.45 0 0 0 "BG" 1989
7 1990 26.3 0 0 0 "BG" 1990
7 1991 29.1785714285714 0 0 0 "BG" 1991
7 1992 28.2571428571429 0 0 0 "BG" 1992
7 1993 28.8875 0 0 0 "BG" 1993
7 1994 28.9 0 0 0 "BG" 1994
7 1995 28.75 0 0 0 "BG" 1995
7 1996 29.775 0 0 0 "BG" 1996
7 2003 28.775 0 0 0 "BG" 2003
7 2009 28.4 0 0 0 "BG" 2009
7 2014 28.559375 0 0 0 "BG" 2014
7 2015 28.21 0 0 0 "BG" 2015
7 2016 28.8166666666667 0 0 0 "BG" 2016
7 2017 29.03125 0 0 0 "BG" 2017
7 2018 28.925 0 0 0 "BG" 2018
8 1982 28.125 0 0 0 "BG" 1982
8 1983 28.2285714285714 0 0 0 "BG" 1983
8 1984 28 0 0 0 "BG" 1984
8 1985 28.49 0 0 0 "BG" 1985
8 1986 28.3875 0 0 0 "BG" 1986
8 1987 28.6166666666667 0 0 0 "BG" 1987
8 1988 28.35 0 0 0 "BG" 1988
8 1989 29 0 0 0 "BG" 1989
8 1990 28.96 0 0 0 "BG" 1990
8 1991 27.8833333333333 0 0 0 "BG" 1991
8 1992 28.7555555555556 0 0 0 "BG" 1992
8 1993 28.5 0 0 0 "BG" 1993
8 1994 29.225 0 0 0 "BG" 1994
8 1995 29.45 0 0 0 "BG" 1995
8 1996 25.45 0 0 0 "BG" 1996
8 2001 28.95 0 0 0 "BG" 2001
8 2005 27.25 0 0 0 "BG" 2005
8 2007 29.4 0 0 0 "BG" 2007
8 2014 28.1961538461538 0 0 0 "BG" 2014
8 2015 28.9222222222222 0 0 0 "BG" 2015
8 2016 29.29 0 0 0 "BG" 2016
8 2017 29.3361111111111 0 0 0 "BG" 2017
8 2018 29.4425 0 0 0 "BG" 2018
9 1982 28.7166666666667 0 0 0 "BG" 1982
9 1983 28.625 0 0 0 "BG" 1983
9 1984 26.5 0 0 0 "BG" 1984
9 1985 28.475 0 0 0 "BG" 1985
9 1986 28.2666666666667 0 0 0 "BG" 1986
9 1987 29.1125 0 0 0 "BG" 1987
9 1990 28.7 0 0 0 "BG" 1990
9 1991 28.675 0 0 0 "BG" 1991
9 1992 28.4928571428571 0 0 0 "BG" 1992
9 1993 27.7 0 0 0 "BG" 1993
9 1995 29.45 0 0 0 "BG" 1995
9 1996 28.325 0 0 0 "BG" 1996
9 2003 29.29 0 0 0 "BG" 2003
9 2004 27.9 0 0 0 "BG" 2004
9 2008 28.0833333333333 0 0 0 "BG" 2008
9 2009 28.05 0 0 0 "BG" 2009
9 2012 29.55 0 0 0 "BG" 2012
9 2014 28.15 0 0 0 "BG" 2014
9 2015 29.4785714285714 0 0 0 "BG" 2015
9 2016 29.2076923076923 0 0 0 "BG" 2016
9 2017 29.0425 0 0 0 "BG" 2017
9 2018 29.2583333333333 0 0 0 "BG" 2018
10 1982 27.6423076923077 0 0 0 "BG" 1982
10 1983 27.275 0 0 0 "BG" 1983
10 1984 27.7416666666667 0 0 0 "BG" 1984
10 1985 27.9714285714286 0 0 0 "BG" 1985
10 1986 27.4722222222222 0 0 0 "BG" 1986
10 1987 28.0285714285714 0 0 0 "BG" 1987
10 1989 27.525 0 0 0 "BG" 1989
10 1990 27.65 0 0 0 "BG" 1990
10 1991 27.25 0 0 0 "BG" 1991
10 1992 27.6136363636364 0 0 0 "BG" 1992
10 1993 27.775 0 0 0 "BG" 1993
10 1995 29.19375 0 0 0 "BG" 1995
10 2002 28.675 0 0 0 "BG" 2002
10 2003 26.75 0 0 0 "BG" 2003
10 2004 29.7 0 0 0 "BG" 2004
10 2008 29.1 0 0 0 "BG" 2008
10 2011 27.75 0 0 0 "BG" 2011
10 2012 28.85 0 0 0 "BG" 2012
10 2014 27.7833333333333 0 0 0 "BG" 2014
10 2015 28.3807692307692 0 0 0 "BG" 2015
10 2016 29.3566666666667 0 0 0 "BG" 2016
10 2017 28.2590909090909 0 0 0 "BG" 2017
10 2018 27.9611111111111 0 0 0 "BG" 2018
11 1982 23.7214285714286 0 0 0 "BG" 1982
11 1983 25.2055555555556 0 0 0 "BG" 1983
11 1984 24.3125 0 0 0 "BG" 1984
11 1985 23.8923076923077 0 0 0 "BG" 1985
11 1986 24.39 0 0 0 "BG" 1986
11 1987 26.5285714285714 0 0 0 "BG" 1987
11 1988 26.1583333333333 0 0 0 "BG" 1988
11 1989 23.55 0 0 0 "BG" 1989
11 1990 26.2 0 0 0 "BG" 1990
11 1991 21.65 0 0 0 "BG" 1991
11 1992 25.0444444444444 0 0 0 "BG" 1992
11 1995 26.8875 0 0 0 "BG" 1995
11 1996 23.075 0 0 0 "BG" 1996
11 1997 25.85 0 0 0 "BG" 1997
11 2007 25.2 0 0 0 "BG" 2007
11 2008 24.375 0 0 0 "BG" 2008
11 2014 25.75 0 0 0 "BG" 2014
11 2015 25.475 0 0 0 "BG" 2015
11 2016 24.5772727272727 0 0 0 "BG" 2016
11 2017 26.8666666666667 0 0 0 "BG" 2017
11 2018 24.6727272727273 0 0 0 "BG" 2018
12 1982 20.1785714285714 0 0 0 "BG" 1982
12 1983 20.74 0 0 0 "BG" 1983
12 1984 20.67 0 0 0 "BG" 1984
12 1985 22.35 0 0 0 "BG" 1985
12 1986 22.45 0 0 0 "BG" 1986
12 1987 22.1083333333333 0 0 0 "BG" 1987
12 1988 24.25 0 0 0 "BG" 1988
12 1989 20.73 0 0 0 "BG" 1989
12 1990 22.01 0 0 0 "BG" 1990
12 1991 20.7 0 0 0 "BG" 1991
12 1992 20.68 0 0 0 "BG" 1992
12 1993 21.25 0 0 0 "BG" 1993
12 1994 21.4833333333333 0 0 0 "BG" 1994
12 1995 21.2916666666667 0 0 0 "BG" 1995
12 2006 20.25 0 0 0 "BG" 2006
12 2009 23.275 0 0 0 "BG" 2009
12 2013 20.9291666666667 0 0 0 "BG" 2013
12 2014 22.2190476190476 0 0 0 "BG" 2014
12 2015 21.6035714285714 0 0 0 "BG" 2015
12 2016 23.4361111111111 0 0 0 "BG" 2016
12 2017 22.275 0 0 0 "BG" 2017
12 2018 21.8416666666667 0 0 0 "BG" 2018
1 1983 20.3714285714286 0 0 0 "BG" 1983
1 1984 21.2681818181818 0 0 0 "BG" 1984
1 1985 21.4545454545455 0 0 0 "BG" 1985
1 1986 21.42 0 0 0 "BG" 1986
1 1987 22.2583333333333 0 0 0 "BG" 1987
1 1988 21.8388888888889 0 0 0 "BG" 1988
1 1989 19.725 0 0 0 "BG" 1989
1 1990 20.73 0 0 0 "BG" 1990
1 1991 21.575 0 0 0 "BG" 1991
1 1992 20.1 0 0 0 "BG" 1992
1 1993 20.73125 0 0 0 "BG" 1993
1 1994 21.675 0 0 0 "BG" 1994
1 1995 19.1 0 0 0 "BG" 1995
1 1996 20.7 0 0 0 "BG" 1996
1 1997 17.75 0 0 0 "BG" 1997
1 2015 22.7472222222222 0 0 0 "BG" 2015
1 2016 20.5444444444444 0 0 0 "BG" 2016
1 2017 22.975 0 0 0 "BG" 2017
1 2018 20.1375 0 0 0 "BG" 2018
1 2019 23.7916666666667 0 0 0 "BG" 2019
2 1982 24.05 0 0 0 "BG" 1982
2 1983 21.97 0 0 0 "BG" 1983
2 1984 21.81 0 0 0 "BG" 1984
2 1985 22.5833333333333 0 0 0 "BG" 1985
2 1986 23.8 0 0 0 "BG" 1986
2 1987 23.63125 0 0 0 "BG" 1987
2 1988 22.7833333333333 0 0 0 "BG" 1988
2 1989 20.475 0 0 0 "BG" 1989
2 1990 23.4666666666667 0 0 0 "BG" 1990
2 1991 23.675 0 0 0 "BG" 1991
2 1992 21.95 0 0 0 "BG" 1992
2 1993 23.65 0 0 0 "BG" 1993
2 1994 23.6 0 0 0 "BG" 1994
2 1995 22.425 0 0 0 "BG" 1995
2 1996 23.75 0 0 0 "BG" 1996
2 1997 22.6 0 0 0 "BG" 1997
2 2015 23.8681818181818 0 0 0 "BG" 2015
2 2016 24.7882352941176 0 0 0 "BG" 2016
2 2018 24.2522727272727 0 0 0 "BG" 2018
3 1982 24.5 0 0 0 "BG" 1982
3 1983 25.8625 0 0 0 "BG" 1983
3 1984 26.75 0 0 0 "BG" 1984
3 1985 26.80625 0 0 0 "BG" 1985
3 1986 26.95 0 0 0 "BG" 1986
3 1987 26.3785714285714 0 0 0 "BG" 1987
3 1988 26.5 0 0 0 "BG" 1988
3 1989 27.95 0 0 0 "BG" 1989
3 1991 27.3625 0 0 0 "BG" 1991
3 1992 26.3583333333333 0 0 0 "BG" 1992
3 1993 25.1666666666667 0 0 0 "BG" 1993
3 1994 28.25 0 0 0 "BG" 1994
3 1995 27 0 0 0 "BG" 1995
3 1996 25.65 0 0 0 "BG" 1996
3 2000 26.05 0 0 0 "BG" 2000
3 2003 26.5 0 0 0 "BG" 2003
3 2007 28.4 0 0 0 "BG" 2007
3 2012 27 0 0 0 "BG" 2012
3 2015 27.88125 0 0 0 "BG" 2015
3 2016 27.7441176470588 0 0 0 "BG" 2016
3 2017 25.1857142857143 0 0 0 "BG" 2017
3 2018 27.0615384615385 0 0 0 "BG" 2018
4 1982 27.175 0 0 0 "BG" 1982
4 1983 28.1875 0 0 0 "BG" 1983
4 1984 27.98 0 0 0 "BG" 1984
4 1985 29.975 0 0 0 "BG" 1985
4 1986 28.125 0 0 0 "BG" 1986
4 1987 29.3 0 0 0 "BG" 1987
4 1988 28.24375 0 0 0 "BG" 1988
4 1989 28.2125 0 0 0 "BG" 1989
4 1992 28.7642857142857 0 0 0 "BG" 1992
4 1993 27.9375 0 0 0 "BG" 1993
4 1994 28.35 0 0 0 "BG" 1994
4 1995 29.4833333333333 0 0 0 "BG" 1995
4 1996 28.0928571428571 0 0 0 "BG" 1996
4 1997 25.25 0 0 0 "BG" 1997
4 2008 28.85 0 0 0 "BG" 2008
4 2015 28.75 0 0 0 "BG" 2015
4 2016 29.56875 0 0 0 "BG" 2016
4 2017 28.1575 0 0 0 "BG" 2017
4 2018 28.9645833333333 0 0 0 "BG" 2018
5 1983 29.05 0 0 0 "BG" 1983
5 1984 30 0 0 0 "BG" 1984
5 1985 28.95 0 0 0 "BG" 1985
5 1986 27.875 0 0 0 "BG" 1986
5 1988 28.75 0 0 0 "BG" 1988
5 1989 29.2333333333333 0 0 0 "BG" 1989
5 1990 29.3 0 0 0 "BG" 1990
5 1991 27.2 0 0 0 "BG" 1991
5 1992 29.4142857142857 0 0 0 "BG" 1992
5 1993 27.7166666666667 0 0 0 "BG" 1993
5 1994 28.5 0 0 0 "BG" 1994
5 1995 31.025 0 0 0 "BG" 1995
5 1996 29.9666666666667 0 0 0 "BG" 1996
5 1997 30.4 0 0 0 "BG" 1997
5 2003 30.6333333333333 0 0 0 "BG" 2003
5 2004 29.95 0 0 0 "BG" 2004
5 2012 30.95 0 0 0 "BG" 2012
5 2015 30.0210526315789 0 0 0 "BG" 2015
5 2016 29.9 0 0 0 "BG" 2016
5 2017 30.1235294117647 0 0 0 "BG" 2017
5 2018 28.5375 0 0 0 "BG" 2018
6 1983 29.1625 0 0 0 "BG" 1983
6 1985 28.6333333333333 0 0 0 "BG" 1985
6 1986 28.15 0 0 0 "BG" 1986
6 1987 29.5083333333333 0 0 0 "BG" 1987
6 1988 28.1833333333333 0 0 0 "BG" 1988
6 1990 29.425 0 0 0 "BG" 1990
6 1991 26.78 0 0 0 "BG" 1991
6 1992 29.9333333333333 0 0 0 "BG" 1992
6 1993 28.3 0 0 0 "BG" 1993
6 1995 28.5 0 0 0 "BG" 1995
6 1996 29.25 0 0 0 "BG" 1996
6 2015 28.3583333333333 0 0 0 "BG" 2015
6 2016 29.8227272727273 0 0 0 "BG" 2016
6 2017 28.4208333333333 0 0 0 "BG" 2017
6 2018 28.5066666666667 0 0 0 "BG" 2018
7 1982 27.65 0 0 0 "BG" 1982
7 1984 27.5 0 0 0 "BG" 1984
7 1985 27.9 0 0 0 "BG" 1985
7 1987 28.35 0 0 0 "BG" 1987
7 1988 26.9833333333333 0 0 0 "BG" 1988
7 1989 28 0 0 0 "BG" 1989
7 1991 27.855 0 0 0 "BG" 1991
7 1992 28.35 0 0 0 "BG" 1992
7 1993 29.075 0 0 0 "BG" 1993
7 1995 31.75 0 0 0 "BG" 1995
7 1996 28.0333333333333 0 0 0 "BG" 1996
7 2003 28.8166666666667 0 0 0 "BG" 2003
7 2015 27.52 0 0 0 "BG" 2015
7 2016 27.7805555555556 0 0 0 "BG" 2016
7 2017 28.4409090909091 0 0 0 "BG" 2017
7 2018 28.1285714285714 0 0 0 "BG" 2018
8 1982 27 0 0 0 "BG" 1982
8 1983 27.775 0 0 0 "BG" 1983
8 1984 27.925 0 0 0 "BG" 1984
8 1985 27.875 0 0 0 "BG" 1985
8 1986 28.1 0 0 0 "BG" 1986
8 1987 28.1 0 0 0 "BG" 1987
8 1988 29.25 0 0 0 "BG" 1988
8 1989 28.3166666666667 0 0 0 "BG" 1989
8 1990 28.65 0 0 0 "BG" 1990
8 1991 27.975 0 0 0 "BG" 1991
8 1992 28.4 0 0 0 "BG" 1992
8 1993 27.9083333333333 0 0 0 "BG" 1993
8 1994 27.9875 0 0 0 "BG" 1994
8 1995 28.225 0 0 0 "BG" 1995
8 1996 27.01 0 0 0 "BG" 1996
8 2001 28.85 0 0 0 "BG" 2001
8 2003 27.8 0 0 0 "BG" 2003
8 2007 29.75 0 0 0 "BG" 2007
8 2015 28.3 0 0 0 "BG" 2015
8 2016 28.45 0 0 0 "BG" 2016
8 2017 28.23 0 0 0 "BG" 2017
8 2018 28.7295454545455 0 0 0 "BG" 2018
9 1982 28.2666666666667 0 0 0 "BG" 1982
9 1984 28.7666666666667 0 0 0 "BG" 1984
9 1985 27.8166666666667 0 0 0 "BG" 1985
9 1986 26.2 0 0 0 "BG" 1986
9 1987 28.6928571428571 0 0 0 "BG" 1987
9 1989 26.95 0 0 0 "BG" 1989
9 1990 28.57 0 0 0 "BG" 1990
9 1991 28.6125 0 0 0 "BG" 1991
9 1992 27.925 0 0 0 "BG" 1992
9 1993 28.0333333333333 0 0 0 "BG" 1993
9 1996 27.7285714285714 0 0 0 "BG" 1996
9 2003 29.1277777777778 0 0 0 "BG" 2003
9 2008 28.3 0 0 0 "BG" 2008
9 2012 26.5 0 0 0 "BG" 2012
9 2015 28.7875 0 0 0 "BG" 2015
9 2016 28.6944444444444 0 0 0 "BG" 2016
9 2017 28.1944444444444 0 0 0 "BG" 2017
9 2018 28.559375 0 0 0 "BG" 2018
10 1982 28.25 0 0 0 "BG" 1982
10 1983 27.75 0 0 0 "BG" 1983
10 1984 28.1 0 0 0 "BG" 1984
10 1985 28.5666666666667 0 0 0 "BG" 1985
10 1986 27.5833333333333 0 0 0 "BG" 1986
10 1987 28.275 0 0 0 "BG" 1987
10 1988 28.7 0 0 0 "BG" 1988
10 1989 29.0833333333333 0 0 0 "BG" 1989
10 1990 28.3611111111111 0 0 0 "BG" 1990
10 1991 28.45 0 0 0 "BG" 1991
10 1992 27.9375 0 0 0 "BG" 1992
10 1993 28.65 0 0 0 "BG" 1993
10 1995 28.55 0 0 0 "BG" 1995
10 1996 28.6833333333333 0 0 0 "BG" 1996
10 2003 29.05 0 0 0 "BG" 2003
10 2008 30.2 0 0 0 "BG" 2008
10 2009 29.15 0 0 0 "BG" 2009
10 2011 28.3 0 0 0 "BG" 2011
10 2012 29.8 0 0 0 "BG" 2012
10 2015 27.9366666666667 0 0 0 "BG" 2015
10 2016 28.3714285714286 0 0 0 "BG" 2016
10 2017 28.1333333333333 0 0 0 "BG" 2017
10 2018 27.2423076923077 0 0 0 "BG" 2018
11 1982 24.5166666666667 0 0 0 "BG" 1982
11 1983 25.2285714285714 0 0 0 "BG" 1983
11 1984 25.93125 0 0 0 "BG" 1984
11 1985 24.3125 0 0 0 "BG" 1985
11 1986 24.6166666666667 0 0 0 "BG" 1986
11 1987 26.27 0 0 0 "BG" 1987
11 1988 27.1 0 0 0 "BG" 1988
11 1989 23.89 0 0 0 "BG" 1989
11 1990 25.8285714285714 0 0 0 "BG" 1990
11 1991 24.175 0 0 0 "BG" 1991
11 1992 25.0409090909091 0 0 0 "BG" 1992
11 1993 25.5 0 0 0 "BG" 1993
11 1994 24.9166666666667 0 0 0 "BG" 1994
11 1995 26.4125 0 0 0 "BG" 1995
11 1996 24.2 0 0 0 "BG" 1996
11 2002 23.9 0 0 0 "BG" 2002
11 2015 25.5261904761905 0 0 0 "BG" 2015
11 2016 25.6766666666667 0 0 0 "BG" 2016
11 2017 27.425 0 0 0 "BG" 2017
11 2018 25.1227272727273 0 0 0 "BG" 2018
12 1982 21.0111111111111 0 0 0 "BG" 1982
12 1983 20.695 0 0 0 "BG" 1983
12 1984 22.0214285714286 0 0 0 "BG" 1984
12 1985 23.7 0 0 0 "BG" 1985
12 1986 22.3357142857143 0 0 0 "BG" 1986
12 1987 22.8590909090909 0 0 0 "BG" 1987
12 1988 24.1333333333333 0 0 0 "BG" 1988
12 1989 21.5285714285714 0 0 0 "BG" 1989
12 1990 22.55 0 0 0 "BG" 1990
12 1991 21.2222222222222 0 0 0 "BG" 1991
12 1992 21.245 0 0 0 "BG" 1992
12 1993 23 0 0 0 "BG" 1993
12 1994 22.0625 0 0 0 "BG" 1994
12 1995 21.95 0 0 0 "BG" 1995
12 1996 22.675 0 0 0 "BG" 1996
12 2009 23.4 0 0 0 "BG" 2009
12 2013 22.4958333333333 0 0 0 "BG" 2013
12 2015 21.99 0 0 0 "BG" 2015
12 2016 24.10625 0 0 0 "BG" 2016
12 2017 23.509375 0 0 0 "BG" 2017
12 2018 22.4888888888889 0 0 0 "BG" 2018
