"MONTH" "YEAR" "ave_mo_t" "opium_t" "mj_t" "coca_t" "fips" "year"
1 2002 -2.75 0 0 0 "BK" 2002
1 2003 0.0566666666666666 0 0 0 "BK" 2003
1 2004 -0.79 0 0 0 "BK" 2004
1 2005 2.90625 0 0 0 "BK" 2005
1 2006 -1.78461538461538 0 0 0 "BK" 2006
1 2007 7.25625 0 0 0 "BK" 2007
1 2008 3.02727272727273 0 0 0 "BK" 2008
1 2009 -1.49722222222222 0 0 0 "BK" 2009
1 2010 -0.210526315789474 0 0 0 "BK" 2010
1 2011 3.06052631578947 0 0 0 "BK" 2011
1 2012 2.96875 0 0 0 "BK" 2012
1 2013 4.12 0 0 0 "BK" 2013
1 2015 4.81875 0 0 0 "BK" 2015
1 2019 1 0 0 0 "BK" 2019
2 2003 -0.33 0 0 0 "BK" 2003
2 2004 4.87916666666667 0 0 0 "BK" 2004
2 2005 -1.06538461538462 0 0 0 "BK" 2005
2 2006 2.51052631578947 0 0 0 "BK" 2006
2 2007 7.60833333333333 0 0 0 "BK" 2007
2 2008 5.928 0 0 0 "BK" 2008
2 2009 3.75714285714286 0 0 0 "BK" 2009
2 2010 2.440625 0 0 0 "BK" 2010
2 2011 2.6452380952381 0 0 0 "BK" 2011
2 2012 -1.93125 0 0 0 "BK" 2012
2 2013 2.55 0 0 0 "BK" 2013
2 2015 2.55909090909091 0 0 0 "BK" 2015
2 2018 1.44 0 0 0 "BK" 2018
3 2002 8.95 0 0 0 "BK" 2002
3 2003 7.2578947368421 0 0 0 "BK" 2003
3 2004 8.24736842105263 0 0 0 "BK" 2004
3 2005 3.39666666666667 0 0 0 "BK" 2005
3 2006 6.07708333333333 0 0 0 "BK" 2006
3 2007 9.18333333333333 0 0 0 "BK" 2007
3 2008 8.62291666666667 0 0 0 "BK" 2008
3 2009 8.11842105263158 0 0 0 "BK" 2009
3 2010 7.67826086956522 0 0 0 "BK" 2010
3 2011 6.88863636363636 0 0 0 "BK" 2011
3 2012 9.67222222222222 0 0 0 "BK" 2012
3 2013 7.425 0 0 0 "BK" 2013
3 2015 5.4 0 0 0 "BK" 2015
3 2016 7.75 0 0 0 "BK" 2016
3 2017 12.725 0 0 0 "BK" 2017
3 2018 0.8 0 0 0 "BK" 2018
4 2002 14.075 0 0 0 "BK" 2002
4 2003 12.6692307692308 0 0 0 "BK" 2003
4 2004 12.9857142857143 0 0 0 "BK" 2004
4 2005 12.740625 0 0 0 "BK" 2005
4 2006 13.1239130434783 0 0 0 "BK" 2006
4 2007 14.316 0 0 0 "BK" 2007
4 2008 12.837037037037 0 0 0 "BK" 2008
4 2009 14.5522727272727 0 0 0 "BK" 2009
4 2010 12.5275 0 0 0 "BK" 2010
4 2011 14.148 0 0 0 "BK" 2011
4 2012 12.6928571428571 0 0 0 "BK" 2012
4 2013 14.7425 0 0 0 "BK" 2013
4 2017 15 0 0 0 "BK" 2017
4 2018 17.825 0 0 0 "BK" 2018
5 2002 18.56875 0 0 0 "BK" 2002
5 2003 19.525 0 0 0 "BK" 2003
5 2004 14.80625 0 0 0 "BK" 2004
5 2005 17.1583333333333 0 0 0 "BK" 2005
5 2006 16.6666666666667 0 0 0 "BK" 2006
5 2007 19.1454545454545 0 0 0 "BK" 2007
5 2008 17.4913793103448 0 0 0 "BK" 2008
5 2009 19.1196428571429 0 0 0 "BK" 2009
5 2010 16.8447368421053 0 0 0 "BK" 2010
5 2011 16.188 0 0 0 "BK" 2011
5 2012 16.6547619047619 0 0 0 "BK" 2012
5 2013 16.8708333333333 0 0 0 "BK" 2013
5 2015 13.125 0 0 0 "BK" 2015
6 2002 17.825 0 0 0 "BK" 2002
6 2003 24.4588235294118 0 0 0 "BK" 2003
6 2004 19.7615384615385 0 0 0 "BK" 2004
6 2005 19.140625 0 0 0 "BK" 2005
6 2006 20.7096153846154 0 0 0 "BK" 2006
6 2007 23.214 0 0 0 "BK" 2007
6 2008 21.8130434782609 0 0 0 "BK" 2008
6 2009 20.83125 0 0 0 "BK" 2009
6 2010 20.4775 0 0 0 "BK" 2010
6 2011 21.7958333333333 0 0 0 "BK" 2011
6 2012 23.0545454545455 0 0 0 "BK" 2012
6 2013 20.6282608695652 0 0 0 "BK" 2013
6 2017 28.15 0 0 0 "BK" 2017
7 2002 23.0916666666667 0 0 0 "BK" 2002
7 2003 23.302380952381 0 0 0 "BK" 2003
7 2004 22.6025 0 0 0 "BK" 2004
7 2005 20.75 0 0 0 "BK" 2005
7 2006 22.5363636363636 0 0 0 "BK" 2006
7 2007 24.3788461538462 0 0 0 "BK" 2007
7 2008 23.0846153846154 0 0 0 "BK" 2008
7 2009 23.6913043478261 0 0 0 "BK" 2009
7 2010 23.74375 0 0 0 "BK" 2010
7 2011 23.5620689655172 0 0 0 "BK" 2011
7 2012 24.55 0 0 0 "BK" 2012
7 2013 23.3958333333333 0 0 0 "BK" 2013
7 2015 28.9 0 0 0 "BK" 2015
7 2018 22.5833333333333 0 0 0 "BK" 2018
8 2001 23.25 0 0 0 "BK" 2001
8 2002 21.175 0 0 0 "BK" 2002
8 2003 24.37 0 0 0 "BK" 2003
8 2004 23.1307692307692 0 0 0 "BK" 2004
8 2005 19.0142857142857 0 0 0 "BK" 2005
8 2006 20.855 0 0 0 "BK" 2006
8 2007 23.4809523809524 0 0 0 "BK" 2007
8 2008 23.406 0 0 0 "BK" 2008
8 2009 24.0934782608696 0 0 0 "BK" 2009
8 2010 22.8185185185185 0 0 0 "BK" 2010
8 2011 24.465 0 0 0 "BK" 2011
8 2012 25.2239130434783 0 0 0 "BK" 2012
8 2013 24.2875 0 0 0 "BK" 2013
8 2015 27.0833333333333 0 0 0 "BK" 2015
8 2017 19.2 0 0 0 "BK" 2017
8 2018 24.75 0 0 0 "BK" 2018
9 2001 15.8 0 0 0 "BK" 2001
9 2002 15.7352941176471 0 0 0 "BK" 2002
9 2003 16.8105263157895 0 0 0 "BK" 2003
9 2004 16.37 0 0 0 "BK" 2004
9 2005 15.725 0 0 0 "BK" 2005
9 2006 18.1413043478261 0 0 0 "BK" 2006
9 2007 15.7375 0 0 0 "BK" 2007
9 2008 15.5447368421053 0 0 0 "BK" 2008
9 2009 19.5108695652174 0 0 0 "BK" 2009
9 2010 15.9923076923077 0 0 0 "BK" 2010
9 2011 21.452 0 0 0 "BK" 2011
9 2012 20.1175 0 0 0 "BK" 2012
9 2013 18.1708333333333 0 0 0 "BK" 2013
9 2016 21.75 0 0 0 "BK" 2016
9 2018 18.1166666666667 0 0 0 "BK" 2018
10 2001 19.9 0 0 0 "BK" 2001
10 2002 13.0176470588235 0 0 0 "BK" 2002
10 2003 10.1866666666667 0 0 0 "BK" 2003
10 2004 15.921875 0 0 0 "BK" 2004
10 2005 13.925 0 0 0 "BK" 2005
10 2006 14.3642857142857 0 0 0 "BK" 2006
10 2007 10.6326086956522 0 0 0 "BK" 2007
10 2008 14.6788461538462 0 0 0 "BK" 2008
10 2009 12.425 0 0 0 "BK" 2009
10 2010 11.07 0 0 0 "BK" 2010
10 2011 12.4285714285714 0 0 0 "BK" 2011
10 2012 13.8368421052632 0 0 0 "BK" 2012
10 2013 14.9340909090909 0 0 0 "BK" 2013
10 2015 16.55 0 0 0 "BK" 2015
10 2018 14.85625 0 0 0 "BK" 2018
11 2001 1.51666666666667 0 0 0 "BK" 2001
11 2002 9.61538461538461 0 0 0 "BK" 2002
11 2003 9.62333333333333 0 0 0 "BK" 2003
11 2004 5.95 0 0 0 "BK" 2004
11 2005 4.08333333333333 0 0 0 "BK" 2005
11 2006 9.87391304347826 0 0 0 "BK" 2006
11 2007 5.11052631578947 0 0 0 "BK" 2007
11 2008 9.26428571428571 0 0 0 "BK" 2008
11 2009 9.81086956521739 0 0 0 "BK" 2009
11 2010 10.7113636363636 0 0 0 "BK" 2010
11 2011 3.25714285714286 0 0 0 "BK" 2011
11 2012 10.934375 0 0 0 "BK" 2012
11 2013 8.7 0 0 0 "BK" 2013
11 2016 8.6 0 0 0 "BK" 2016
11 2017 11.7 0 0 0 "BK" 2017
12 2001 -2.56 0 0 0 "BK" 2001
12 2002 2.984375 0 0 0 "BK" 2002
12 2003 1.91538461538462 0 0 0 "BK" 2003
12 2004 1.27142857142857 0 0 0 "BK" 2004
12 2005 2.565 0 0 0 "BK" 2005
12 2006 5.83571428571429 0 0 0 "BK" 2006
12 2007 0.228947368421053 0 0 0 "BK" 2007
12 2008 4.84444444444444 0 0 0 "BK" 2008
12 2009 5.795 0 0 0 "BK" 2009
12 2010 2.33636363636364 0 0 0 "BK" 2010
12 2011 2.795 0 0 0 "BK" 2011
12 2012 2.12307692307692 0 0 0 "BK" 2012
12 2013 3.87142857142857 0 0 0 "BK" 2013
12 2017 6.9 0 0 0 "BK" 2017
12 2018 0.2 0 0 0 "BK" 2018
1 2002 -1.6875 0 0 0 "BK" 2002
1 2003 1.63888888888889 0 0 0 "BK" 2003
1 2004 -0.127272727272727 0 0 0 "BK" 2004
1 2005 -0.675 0 0 0 "BK" 2005
1 2006 -1.3625 0 0 0 "BK" 2006
1 2007 7.25 0 0 0 "BK" 2007
1 2008 3.562 0 0 0 "BK" 2008
1 2010 0.3125 0 0 0 "BK" 2010
1 2011 2.42 0 0 0 "BK" 2011
1 2012 1.28888888888889 0 0 0 "BK" 2012
1 2013 3.69285714285714 0 0 0 "BK" 2013
1 2014 7.24 0 0 0 "BK" 2014
1 2015 3.59090909090909 0 0 0 "BK" 2015
1 2016 -1.71666666666667 0 0 0 "BK" 2016
1 2018 4.2 0 0 0 "BK" 2018
1 2019 -2.75 0 0 0 "BK" 2019
2 2002 5 0 0 0 "BK" 2002
2 2003 -3.36428571428571 0 0 0 "BK" 2003
2 2004 2.7225 0 0 0 "BK" 2004
2 2006 -0.8375 0 0 0 "BK" 2006
2 2007 7.05833333333333 0 0 0 "BK" 2007
2 2008 5.27391304347826 0 0 0 "BK" 2008
2 2009 -0.075 0 0 0 "BK" 2009
2 2010 2.30909090909091 0 0 0 "BK" 2010
2 2011 2.13571428571429 0 0 0 "BK" 2011
2 2012 -2.01875 0 0 0 "BK" 2012
2 2013 3.63636363636364 0 0 0 "BK" 2013
2 2014 8.43 0 0 0 "BK" 2014
2 2015 4.3625 0 0 0 "BK" 2015
2 2016 10.1583333333333 0 0 0 "BK" 2016
2 2018 0.25 0 0 0 "BK" 2018
3 2002 7.31923076923077 0 0 0 "BK" 2002
3 2003 3.15833333333333 0 0 0 "BK" 2003
3 2004 5.185 0 0 0 "BK" 2004
3 2005 8.675 0 0 0 "BK" 2005
3 2006 5.2 0 0 0 "BK" 2006
3 2007 8.73181818181818 0 0 0 "BK" 2007
3 2008 8.57272727272727 0 0 0 "BK" 2008
3 2009 7.77727272727273 0 0 0 "BK" 2009
3 2010 7.55277777777778 0 0 0 "BK" 2010
3 2011 8.87916666666667 0 0 0 "BK" 2011
3 2012 10.355 0 0 0 "BK" 2012
3 2013 7.25 0 0 0 "BK" 2013
3 2014 9.85555555555556 0 0 0 "BK" 2014
3 2015 7.81 0 0 0 "BK" 2015
3 2016 7.70666666666667 0 0 0 "BK" 2016
3 2018 1.975 0 0 0 "BK" 2018
4 2002 9.84375 0 0 0 "BK" 2002
4 2003 7.94583333333333 0 0 0 "BK" 2003
4 2004 11.4366666666667 0 0 0 "BK" 2004
4 2005 11.6166666666667 0 0 0 "BK" 2005
4 2006 12.42 0 0 0 "BK" 2006
4 2007 12.5183333333333 0 0 0 "BK" 2007
4 2008 12.2018518518519 0 0 0 "BK" 2008
4 2009 13.95 0 0 0 "BK" 2009
4 2010 12.6083333333333 0 0 0 "BK" 2010
4 2011 15.00625 0 0 0 "BK" 2011
4 2012 13.3 0 0 0 "BK" 2012
4 2013 13.3944444444444 0 0 0 "BK" 2013
4 2014 13.7611111111111 0 0 0 "BK" 2014
4 2015 5.55 0 0 0 "BK" 2015
4 2016 12.35 0 0 0 "BK" 2016
5 2002 17.3653846153846 0 0 0 "BK" 2002
5 2003 18.65625 0 0 0 "BK" 2003
5 2004 14.8692307692308 0 0 0 "BK" 2004
5 2005 14.2125 0 0 0 "BK" 2005
5 2006 12.8916666666667 0 0 0 "BK" 2006
5 2007 17.3053571428571 0 0 0 "BK" 2007
5 2008 16.3962962962963 0 0 0 "BK" 2008
5 2009 18.325 0 0 0 "BK" 2009
5 2010 16.8027777777778 0 0 0 "BK" 2010
5 2011 16.8555555555556 0 0 0 "BK" 2011
5 2012 16.9833333333333 0 0 0 "BK" 2012
5 2013 17.8392857142857 0 0 0 "BK" 2013
5 2014 15.365 0 0 0 "BK" 2014
5 2015 14.9875 0 0 0 "BK" 2015
5 2016 14.6 0 0 0 "BK" 2016
5 2017 17.025 0 0 0 "BK" 2017
5 2018 18.52 0 0 0 "BK" 2018
6 2002 17.9666666666667 0 0 0 "BK" 2002
6 2003 21.9142857142857 0 0 0 "BK" 2003
6 2004 17.6777777777778 0 0 0 "BK" 2004
6 2005 21.4833333333333 0 0 0 "BK" 2005
6 2006 18.9045454545455 0 0 0 "BK" 2006
6 2007 21.3875 0 0 0 "BK" 2007
6 2008 19.4725 0 0 0 "BK" 2008
6 2009 18.5636363636364 0 0 0 "BK" 2009
6 2010 21.2642857142857 0 0 0 "BK" 2010
6 2011 19.4923076923077 0 0 0 "BK" 2011
6 2012 21.8857142857143 0 0 0 "BK" 2012
6 2013 19.7607142857143 0 0 0 "BK" 2013
6 2014 20.6 0 0 0 "BK" 2014
6 2015 17.8318181818182 0 0 0 "BK" 2015
6 2016 20.7583333333333 0 0 0 "BK" 2016
6 2017 24.75 0 0 0 "BK" 2017
6 2018 19.7666666666667 0 0 0 "BK" 2018
7 2001 21.875 0 0 0 "BK" 2001
7 2002 21.4384615384615 0 0 0 "BK" 2002
7 2003 20.5633333333333 0 0 0 "BK" 2003
7 2004 19.4576923076923 0 0 0 "BK" 2004
7 2005 19.2214285714286 0 0 0 "BK" 2005
7 2006 21.12 0 0 0 "BK" 2006
7 2007 22.8410714285714 0 0 0 "BK" 2007
7 2008 22.02 0 0 0 "BK" 2008
7 2009 22.475 0 0 0 "BK" 2009
7 2010 23.3636363636364 0 0 0 "BK" 2010
7 2011 22.1125 0 0 0 "BK" 2011
7 2012 25.2807692307692 0 0 0 "BK" 2012
7 2013 22.2863636363636 0 0 0 "BK" 2013
7 2014 21.19375 0 0 0 "BK" 2014
7 2015 23.07 0 0 0 "BK" 2015
7 2016 22.89 0 0 0 "BK" 2016
7 2017 22.91875 0 0 0 "BK" 2017
7 2018 21.3375 0 0 0 "BK" 2018
8 2002 20.91 0 0 0 "BK" 2002
8 2003 23.63 0 0 0 "BK" 2003
8 2004 21.94 0 0 0 "BK" 2004
8 2005 18.31875 0 0 0 "BK" 2005
8 2006 20.6777777777778 0 0 0 "BK" 2006
8 2007 22.2425925925926 0 0 0 "BK" 2007
8 2008 22.9333333333333 0 0 0 "BK" 2008
8 2009 23.8230769230769 0 0 0 "BK" 2009
8 2010 22.6357142857143 0 0 0 "BK" 2010
8 2011 23.38 0 0 0 "BK" 2011
8 2012 24.66 0 0 0 "BK" 2012
8 2013 22.38125 0 0 0 "BK" 2013
8 2014 21.45625 0 0 0 "BK" 2014
8 2015 20.8571428571429 0 0 0 "BK" 2015
8 2016 20.9 0 0 0 "BK" 2016
8 2018 21.5666666666667 0 0 0 "BK" 2018
9 2001 15.025 0 0 0 "BK" 2001
9 2002 14.35 0 0 0 "BK" 2002
9 2003 18.4875 0 0 0 "BK" 2003
9 2004 14 0 0 0 "BK" 2004
9 2005 18.25 0 0 0 "BK" 2005
9 2006 15.4166666666667 0 0 0 "BK" 2006
9 2007 14.452 0 0 0 "BK" 2007
9 2008 14.7260869565217 0 0 0 "BK" 2008
9 2009 19.4388888888889 0 0 0 "BK" 2009
9 2010 16.8666666666667 0 0 0 "BK" 2010
9 2011 20.2 0 0 0 "BK" 2011
9 2012 21.795 0 0 0 "BK" 2012
9 2013 16.5333333333333 0 0 0 "BK" 2013
9 2014 18.4208333333333 0 0 0 "BK" 2014
9 2015 15 0 0 0 "BK" 2015
9 2018 14.925 0 0 0 "BK" 2018
10 2001 17.85 0 0 0 "BK" 2001
10 2002 12.7230769230769 0 0 0 "BK" 2002
10 2003 9.7625 0 0 0 "BK" 2003
10 2004 14.84 0 0 0 "BK" 2004
10 2005 12.2 0 0 0 "BK" 2005
10 2006 11.12 0 0 0 "BK" 2006
10 2007 10.4891304347826 0 0 0 "BK" 2007
10 2008 14.0978260869565 0 0 0 "BK" 2008
10 2009 9.53571428571429 0 0 0 "BK" 2009
10 2010 9.54 0 0 0 "BK" 2010
10 2011 11.8769230769231 0 0 0 "BK" 2011
10 2012 14.7961538461538 0 0 0 "BK" 2012
10 2013 15.1111111111111 0 0 0 "BK" 2013
10 2014 13.975 0 0 0 "BK" 2014
10 2015 12.1227272727273 0 0 0 "BK" 2015
10 2016 10.2 0 0 0 "BK" 2016
11 2001 6.24166666666667 0 0 0 "BK" 2001
11 2002 7.24375 0 0 0 "BK" 2002
11 2003 9.71538461538462 0 0 0 "BK" 2003
11 2004 6.32272727272727 0 0 0 "BK" 2004
11 2005 8.06666666666667 0 0 0 "BK" 2005
11 2006 2.625 0 0 0 "BK" 2006
11 2007 3.37608695652174 0 0 0 "BK" 2007
11 2008 9.4 0 0 0 "BK" 2008
11 2009 10.1 0 0 0 "BK" 2009
11 2010 12.8333333333333 0 0 0 "BK" 2010
11 2011 5.6125 0 0 0 "BK" 2011
11 2012 10.0214285714286 0 0 0 "BK" 2012
11 2013 10.3038461538462 0 0 0 "BK" 2013
11 2014 8.1125 0 0 0 "BK" 2014
11 2015 3.86666666666667 0 0 0 "BK" 2015
11 2016 1.4 0 0 0 "BK" 2016
11 2017 6.83 0 0 0 "BK" 2017
12 2001 -4.00416666666667 0 0 0 "BK" 2001
12 2002 1.975 0 0 0 "BK" 2002
12 2003 1.80454545454545 0 0 0 "BK" 2003
12 2004 5.55 0 0 0 "BK" 2004
12 2005 1.22142857142857 0 0 0 "BK" 2005
12 2006 4.732 0 0 0 "BK" 2006
12 2007 -0.610416666666667 0 0 0 "BK" 2007
12 2008 6.75625 0 0 0 "BK" 2008
12 2009 4.22222222222222 0 0 0 "BK" 2009
12 2010 -0.764285714285714 0 0 0 "BK" 2010
12 2011 5.35833333333333 0 0 0 "BK" 2011
12 2012 3.55 0 0 0 "BK" 2012
12 2013 1.625 0 0 0 "BK" 2013
12 2014 3.3 0 0 0 "BK" 2014
12 2015 2.68125 0 0 0 "BK" 2015
12 2016 -2.3 0 0 0 "BK" 2016
12 2017 2.375 0 0 0 "BK" 2017
12 2018 5.25 0 0 0 "BK" 2018
1 2002 7.05833333333333 0 0 0 "BK" 2002
1 2003 7.08571428571429 0 0 0 "BK" 2003
1 2004 4.465625 0 0 0 "BK" 2004
1 2005 4.69130434782609 0 0 0 "BK" 2005
1 2006 4.60357142857143 0 0 0 "BK" 2006
1 2007 8.20227272727273 0 0 0 "BK" 2007
1 2008 7.754 0 0 0 "BK" 2008
1 2009 6.17857142857143 0 0 0 "BK" 2009
1 2010 5.725 0 0 0 "BK" 2010
1 2011 6.436 0 0 0 "BK" 2011
1 2012 4.50526315789474 0 0 0 "BK" 2012
1 2013 5.83529411764706 0 0 0 "BK" 2013
1 2014 9.34736842105263 0 0 0 "BK" 2014
1 2015 6.19090909090909 0 0 0 "BK" 2015
1 2016 4.775 0 0 0 "BK" 2016
1 2019 5.35 0 0 0 "BK" 2019
2 2002 11.2222222222222 0 0 0 "BK" 2002
2 2003 4.2575 0 0 0 "BK" 2003
2 2004 7.5375 0 0 0 "BK" 2004
2 2005 4.17619047619048 0 0 0 "BK" 2005
2 2006 6.8125 0 0 0 "BK" 2006
2 2007 10.1619047619048 0 0 0 "BK" 2007
2 2008 8.93409090909091 0 0 0 "BK" 2008
2 2009 6.2925 0 0 0 "BK" 2009
2 2010 6.5 0 0 0 "BK" 2010
2 2011 8.65909090909091 0 0 0 "BK" 2011
2 2012 2.255 0 0 0 "BK" 2012
2 2013 7.37 0 0 0 "BK" 2013
2 2014 10.29 0 0 0 "BK" 2014
2 2015 6.95 0 0 0 "BK" 2015
2 2016 17.65 0 0 0 "BK" 2016
2 2018 5.35 0 0 0 "BK" 2018
3 2002 14.7 0 0 0 "BK" 2002
3 2003 10.8166666666667 0 0 0 "BK" 2003
3 2004 11.4738095238095 0 0 0 "BK" 2004
3 2005 10.2809523809524 0 0 0 "BK" 2005
3 2006 8.99583333333333 0 0 0 "BK" 2006
3 2007 12.274 0 0 0 "BK" 2007
3 2008 11.2978260869565 0 0 0 "BK" 2008
3 2009 10.05 0 0 0 "BK" 2009
3 2010 9.85185185185185 0 0 0 "BK" 2010
3 2011 10.326 0 0 0 "BK" 2011
3 2012 13.948275862069 0 0 0 "BK" 2012
3 2013 9.39772727272727 0 0 0 "BK" 2013
3 2014 12.394 0 0 0 "BK" 2014
3 2015 10.29375 0 0 0 "BK" 2015
3 2016 11.2666666666667 0 0 0 "BK" 2016
4 2002 14.1125 0 0 0 "BK" 2002
4 2003 15.484375 0 0 0 "BK" 2003
4 2004 15.5055555555556 0 0 0 "BK" 2004
4 2005 14.1478260869565 0 0 0 "BK" 2005
4 2006 15.5777777777778 0 0 0 "BK" 2006
4 2007 17.552 0 0 0 "BK" 2007
4 2008 14.8134615384615 0 0 0 "BK" 2008
4 2009 16.4120689655172 0 0 0 "BK" 2009
4 2010 15.4826923076923 0 0 0 "BK" 2010
4 2011 16.5153846153846 0 0 0 "BK" 2011
4 2012 13.9391304347826 0 0 0 "BK" 2012
4 2013 16.6115384615385 0 0 0 "BK" 2013
4 2014 15.1571428571429 0 0 0 "BK" 2014
4 2015 10.6071428571429 0 0 0 "BK" 2015
4 2016 16.925 0 0 0 "BK" 2016
5 2002 19.7208333333333 0 0 0 "BK" 2002
5 2003 23.145 0 0 0 "BK" 2003
5 2004 16.1625 0 0 0 "BK" 2004
5 2005 20.435 0 0 0 "BK" 2005
5 2006 19.2648148148148 0 0 0 "BK" 2006
5 2007 20.8833333333333 0 0 0 "BK" 2007
5 2008 20.3483333333333 0 0 0 "BK" 2008
5 2009 21.8172413793103 0 0 0 "BK" 2009
5 2010 18.0775862068966 0 0 0 "BK" 2010
5 2011 20.0962962962963 0 0 0 "BK" 2011
5 2012 18.552 0 0 0 "BK" 2012
5 2013 19.036 0 0 0 "BK" 2013
5 2014 18.0783333333333 0 0 0 "BK" 2014
5 2015 17.8875 0 0 0 "BK" 2015
5 2016 17.875 0 0 0 "BK" 2016
5 2017 19.45 0 0 0 "BK" 2017
6 2002 23.02 0 0 0 "BK" 2002
6 2003 27.29375 0 0 0 "BK" 2003
6 2004 22.6931818181818 0 0 0 "BK" 2004
6 2005 23.3727272727273 0 0 0 "BK" 2005
6 2006 24.0057692307692 0 0 0 "BK" 2006
6 2007 24.962 0 0 0 "BK" 2007
6 2008 24.2481481481482 0 0 0 "BK" 2008
6 2009 22.2944444444444 0 0 0 "BK" 2009
6 2010 23.05 0 0 0 "BK" 2010
6 2011 24.5203703703704 0 0 0 "BK" 2011
6 2012 25.7 0 0 0 "BK" 2012
6 2013 23.0931034482759 0 0 0 "BK" 2013
6 2014 23.3239130434783 0 0 0 "BK" 2014
6 2015 23.75 0 0 0 "BK" 2015
7 2001 23.9833333333333 0 0 0 "BK" 2001
7 2002 26.1533333333333 0 0 0 "BK" 2002
7 2003 24.4625 0 0 0 "BK" 2003
7 2004 26.2021739130435 0 0 0 "BK" 2004
7 2005 23.7708333333333 0 0 0 "BK" 2005
7 2006 27.96875 0 0 0 "BK" 2006
7 2007 28.101724137931 0 0 0 "BK" 2007
7 2008 27.15 0 0 0 "BK" 2008
7 2009 26.6161290322581 0 0 0 "BK" 2009
7 2010 27.9017857142857 0 0 0 "BK" 2010
7 2011 25.7333333333333 0 0 0 "BK" 2011
7 2012 29.0782608695652 0 0 0 "BK" 2012
7 2013 27.35625 0 0 0 "BK" 2013
7 2014 24.5113636363636 0 0 0 "BK" 2014
7 2015 30.0777777777778 0 0 0 "BK" 2015
7 2018 25.92 0 0 0 "BK" 2018
8 2001 28 0 0 0 "BK" 2001
8 2002 23.4333333333333 0 0 0 "BK" 2002
8 2003 29.8333333333333 0 0 0 "BK" 2003
8 2004 24.9861111111111 0 0 0 "BK" 2004
8 2005 22.81 0 0 0 "BK" 2005
8 2006 25.3775 0 0 0 "BK" 2006
8 2007 27.6769230769231 0 0 0 "BK" 2007
8 2008 28.4592592592593 0 0 0 "BK" 2008
8 2009 27.9076923076923 0 0 0 "BK" 2009
8 2010 27.3967741935484 0 0 0 "BK" 2010
8 2011 27.7741379310345 0 0 0 "BK" 2011
8 2012 29.5375 0 0 0 "BK" 2012
8 2013 28.75 0 0 0 "BK" 2013
8 2014 25.3545454545455 0 0 0 "BK" 2014
8 2015 27.425 0 0 0 "BK" 2015
8 2016 24.85 0 0 0 "BK" 2016
8 2017 26.15 0 0 0 "BK" 2017
8 2018 28.35 0 0 0 "BK" 2018
9 2001 17.7958333333333 0 0 0 "BK" 2001
9 2002 19.6636363636364 0 0 0 "BK" 2002
9 2003 21.9083333333333 0 0 0 "BK" 2003
9 2004 21.447619047619 0 0 0 "BK" 2004
9 2005 21.3818181818182 0 0 0 "BK" 2005
9 2006 21.8583333333333 0 0 0 "BK" 2006
9 2007 19.9934782608696 0 0 0 "BK" 2007
9 2008 20.5166666666667 0 0 0 "BK" 2008
9 2009 23.3576923076923 0 0 0 "BK" 2009
9 2010 21.2038461538462 0 0 0 "BK" 2010
9 2011 25.9351851851852 0 0 0 "BK" 2011
9 2012 23.5362068965517 0 0 0 "BK" 2012
9 2013 21.2288461538462 0 0 0 "BK" 2013
9 2014 20.0630434782609 0 0 0 "BK" 2014
9 2015 24.8333333333333 0 0 0 "BK" 2015
9 2018 24.57 0 0 0 "BK" 2018
10 2001 19.6625 0 0 0 "BK" 2001
10 2002 15.4964285714286 0 0 0 "BK" 2002
10 2003 15.7625 0 0 0 "BK" 2003
10 2004 18.6444444444444 0 0 0 "BK" 2004
10 2005 16.3964285714286 0 0 0 "BK" 2005
10 2006 18.2666666666667 0 0 0 "BK" 2006
10 2007 16.0230769230769 0 0 0 "BK" 2007
10 2008 17.948 0 0 0 "BK" 2008
10 2009 15.312962962963 0 0 0 "BK" 2009
10 2010 15.0166666666667 0 0 0 "BK" 2010
10 2011 16.4596153846154 0 0 0 "BK" 2011
10 2012 18.328 0 0 0 "BK" 2012
10 2013 17.102 0 0 0 "BK" 2013
10 2014 17.332 0 0 0 "BK" 2014
10 2015 16.48 0 0 0 "BK" 2015
10 2018 19.36 0 0 0 "BK" 2018
11 2001 9.25 0 0 0 "BK" 2001
11 2002 13.365 0 0 0 "BK" 2002
11 2003 12.4909090909091 0 0 0 "BK" 2003
11 2004 9.83055555555556 0 0 0 "BK" 2004
11 2005 9.50714285714286 0 0 0 "BK" 2005
11 2006 9.98260869565217 0 0 0 "BK" 2006
11 2007 8.65681818181818 0 0 0 "BK" 2007
11 2008 12.9225 0 0 0 "BK" 2008
11 2009 11.28125 0 0 0 "BK" 2009
11 2010 12.5309523809524 0 0 0 "BK" 2010
11 2011 10.9916666666667 0 0 0 "BK" 2011
11 2012 13.4846153846154 0 0 0 "BK" 2012
11 2013 12.62 0 0 0 "BK" 2013
11 2014 12.9586956521739 0 0 0 "BK" 2014
11 2015 11.125 0 0 0 "BK" 2015
11 2017 10.75 0 0 0 "BK" 2017
12 2001 3.8375 0 0 0 "BK" 2001
12 2002 7.79285714285714 0 0 0 "BK" 2002
12 2003 7.45416666666667 0 0 0 "BK" 2003
12 2004 8.53421052631579 0 0 0 "BK" 2004
12 2005 6.44545454545455 0 0 0 "BK" 2005
12 2006 7.81153846153846 0 0 0 "BK" 2006
12 2007 6.20681818181818 0 0 0 "BK" 2007
12 2008 8.02391304347826 0 0 0 "BK" 2008
12 2009 7.06388888888889 0 0 0 "BK" 2009
12 2010 5.97619047619048 0 0 0 "BK" 2010
12 2011 7.75526315789474 0 0 0 "BK" 2011
12 2012 5.94 0 0 0 "BK" 2012
12 2013 7.48 0 0 0 "BK" 2013
12 2014 8.53571428571429 0 0 0 "BK" 2014
12 2015 8.16666666666667 0 0 0 "BK" 2015
12 2018 6.9 0 0 0 "BK" 2018
1 1952 -8.395 0 0 0 "BK" 1952
1 1953 -8.82666666666667 0 0 0 "BK" 1953
1 1954 -7.52916666666667 0 0 0 "BK" 1954
1 1955 -3.015 0 0 0 "BK" 1955
1 1956 -5.28571428571429 0 0 0 "BK" 1956
1 1957 -8.425 0 0 0 "BK" 1957
1 1958 -5.35909090909091 0 0 0 "BK" 1958
1 1959 -10.9041666666667 0 0 0 "BK" 1959
1 1960 -6.09545454545455 0 0 0 "BK" 1960
1 1961 -5.87142857142857 0 0 0 "BK" 1961
1 1962 -8.15714285714286 0 0 0 "BK" 1962
1 1963 -6.73333333333333 0 0 0 "BK" 1963
1 1964 -10.2571428571429 0 0 0 "BK" 1964
1 1965 -6.40277777777778 0 0 0 "BK" 1965
1 1966 -7.56923076923077 0 0 0 "BK" 1966
1 1967 -9.42307692307692 0 0 0 "BK" 1967
1 1968 -11.1 0 0 0 "BK" 1968
1 1969 -7.80714285714286 0 0 0 "BK" 1969
1 1970 -4.83055555555556 0 0 0 "BK" 1970
1 1971 -4.1625 0 0 0 "BK" 1971
1 2000 -10.245 0 0 0 "BK" 2000
1 2001 -3.21428571428571 0 0 0 "BK" 2001
1 2002 -3.45 0 0 0 "BK" 2002
1 2003 -6.08181818181818 0 0 0 "BK" 2003
1 2004 -8.75 0 0 0 "BK" 2004
1 2005 -7.88333333333333 0 0 0 "BK" 2005
1 2006 -8.27954545454545 0 0 0 "BK" 2006
1 2007 -3.44375 0 0 0 "BK" 2007
1 2008 -3.63076923076923 0 0 0 "BK" 2008
1 2009 -4.44090909090909 0 0 0 "BK" 2009
1 2010 -5.68333333333333 0 0 0 "BK" 2010
1 2011 -5.3375 0 0 0 "BK" 2011
1 2012 -8.12222222222222 0 0 0 "BK" 2012
1 2013 -5.83888888888889 0 0 0 "BK" 2013
1 2014 -2.10625 0 0 0 "BK" 2014
1 2015 -4.75 0 0 0 "BK" 2015
1 2016 -15.5 0 0 0 "BK" 2016
1 2019 -2.95 0 0 0 "BK" 2019
2 1952 -7.525 0 0 0 "BK" 1952
2 1953 -8.04545454545454 0 0 0 "BK" 1953
2 1954 -8.90333333333333 0 0 0 "BK" 1954
2 1955 -4.99615384615385 0 0 0 "BK" 1955
2 1956 -12.6944444444444 0 0 0 "BK" 1956
2 1957 -5.4875 0 0 0 "BK" 1957
2 1958 -10.3375 0 0 0 "BK" 1958
2 1959 -8.72857142857143 0 0 0 "BK" 1959
2 1960 -7.08928571428571 0 0 0 "BK" 1960
2 1961 -8.725 0 0 0 "BK" 1961
2 1962 -9.28684210526316 0 0 0 "BK" 1962
2 1963 -6.30769230769231 0 0 0 "BK" 1963
2 1964 -7.225 0 0 0 "BK" 1964
2 1965 -13.1266666666667 0 0 0 "BK" 1965
2 1966 -2.46666666666667 0 0 0 "BK" 1966
2 1967 -8.1 0 0 0 "BK" 1967
2 1968 -4.71666666666667 0 0 0 "BK" 1968
2 1969 -6.06 0 0 0 "BK" 1969
2 1970 -8.42631578947368 0 0 0 "BK" 1970
2 1971 -9.240625 0 0 0 "BK" 1971
2 2000 -6.59166666666667 0 0 0 "BK" 2000
2 2001 -6.11 0 0 0 "BK" 2001
2 2002 -4.73 0 0 0 "BK" 2002
2 2003 -11.6875 0 0 0 "BK" 2003
2 2004 -4.92666666666667 0 0 0 "BK" 2004
2 2005 -10.1809523809524 0 0 0 "BK" 2005
2 2006 -7.8962962962963 0 0 0 "BK" 2006
2 2007 -3.57333333333333 0 0 0 "BK" 2007
2 2008 -3.52692307692308 0 0 0 "BK" 2008
2 2009 -9.25 0 0 0 "BK" 2009
2 2010 -5.0375 0 0 0 "BK" 2010
2 2011 -4.56818181818182 0 0 0 "BK" 2011
2 2012 -8.75625 0 0 0 "BK" 2012
2 2013 -7.24545454545455 0 0 0 "BK" 2013
2 2014 -2.25 0 0 0 "BK" 2014
2 2015 -6.005 0 0 0 "BK" 2015
2 2018 -5.225 0 0 0 "BK" 2018
3 1952 -8.7 0 0 0 "BK" 1952
3 1953 -9.92 0 0 0 "BK" 1953
3 1954 -1.87857142857143 0 0 0 "BK" 1954
3 1955 -6.79 0 0 0 "BK" 1955
3 1956 -9.45714285714286 0 0 0 "BK" 1956
3 1957 -8.275 0 0 0 "BK" 1957
3 1958 -10.1035714285714 0 0 0 "BK" 1958
3 1959 -1.73 0 0 0 "BK" 1959
3 1960 -3.60625 0 0 0 "BK" 1960
3 1961 -6.41 0 0 0 "BK" 1961
3 1962 -5.63076923076923 0 0 0 "BK" 1962
3 1963 -4.26538461538462 0 0 0 "BK" 1963
3 1964 -3.71388888888889 0 0 0 "BK" 1964
3 1965 -5.3425 0 0 0 "BK" 1965
3 1966 -6.8 0 0 0 "BK" 1966
3 1967 -6.08947368421053 0 0 0 "BK" 1967
3 1968 -5.90769230769231 0 0 0 "BK" 1968
3 1969 -3.74736842105263 0 0 0 "BK" 1969
3 1970 -6.93571428571429 0 0 0 "BK" 1970
3 1971 -8.95294117647059 0 0 0 "BK" 1971
3 2000 -4.18333333333333 0 0 0 "BK" 2000
3 2001 -2.08461538461538 0 0 0 "BK" 2001
3 2002 -8.575 0 0 0 "BK" 2002
3 2003 -5.688 0 0 0 "BK" 2003
3 2004 -3.36578947368421 0 0 0 "BK" 2004
3 2005 -5.87368421052632 0 0 0 "BK" 2005
3 2006 -5.69677419354839 0 0 0 "BK" 2006
3 2007 -3.02941176470588 0 0 0 "BK" 2007
3 2008 -3.16923076923077 0 0 0 "BK" 2008
3 2009 -6.29615384615385 0 0 0 "BK" 2009
3 2010 -4.39722222222222 0 0 0 "BK" 2010
3 2011 -3.56470588235294 0 0 0 "BK" 2011
3 2012 -2.390625 0 0 0 "BK" 2012
3 2013 -4.98 0 0 0 "BK" 2013
3 2014 -3.05882352941176 0 0 0 "BK" 2014
3 2015 -6.1375 0 0 0 "BK" 2015
3 2016 -5.25 0 0 0 "BK" 2016
3 2017 -2.9 0 0 0 "BK" 2017
4 1952 0.1375 0 0 0 "BK" 1952
4 1953 -0.942857142857143 0 0 0 "BK" 1953
4 1954 -2.77941176470588 0 0 0 "BK" 1954
4 1955 -6.9 0 0 0 "BK" 1955
4 1956 -2.35 0 0 0 "BK" 1956
4 1957 -2.145 0 0 0 "BK" 1957
4 1958 -4.79642857142857 0 0 0 "BK" 1958
4 1959 -2.19166666666667 0 0 0 "BK" 1959
4 1960 -2.03333333333333 0 0 0 "BK" 1960
4 1961 1.56944444444444 0 0 0 "BK" 1961
4 1962 -2.15 0 0 0 "BK" 1962
4 1963 -0.0882352941176471 0 0 0 "BK" 1963
4 1964 -3.19 0 0 0 "BK" 1964
4 1965 -3.15 0 0 0 "BK" 1965
4 1966 0.485294117647059 0 0 0 "BK" 1966
4 1967 -3.41458333333333 0 0 0 "BK" 1967
4 1968 -0.85 0 0 0 "BK" 1968
4 1969 -3.60357142857143 0 0 0 "BK" 1969
4 1970 -3.74285714285714 0 0 0 "BK" 1970
4 1971 -1.36785714285714 0 0 0 "BK" 1971
4 2000 -3.775 0 0 0 "BK" 2000
4 2001 -3.29 0 0 0 "BK" 2001
4 2002 -0.835714285714286 0 0 0 "BK" 2002
4 2003 -1.73333333333333 0 0 0 "BK" 2003
4 2004 0.228947368421053 0 0 0 "BK" 2004
4 2005 -1.66739130434783 0 0 0 "BK" 2005
4 2006 0.398333333333333 0 0 0 "BK" 2006
4 2007 1.0025 0 0 0 "BK" 2007
4 2008 -1.09210526315789 0 0 0 "BK" 2008
4 2009 2.45263157894737 0 0 0 "BK" 2009
4 2010 -0.108823529411765 0 0 0 "BK" 2010
4 2011 -0.204347826086957 0 0 0 "BK" 2011
4 2012 0.925 0 0 0 "BK" 2012
4 2013 1.56578947368421 0 0 0 "BK" 2013
4 2014 0.441176470588235 0 0 0 "BK" 2014
4 2015 -8.8 0 0 0 "BK" 2015
4 2018 3.25 0 0 0 "BK" 2018
5 1952 -0.0760869565217392 0 0 0 "BK" 1952
5 1953 2.62777777777778 0 0 0 "BK" 1953
5 1954 2.45227272727273 0 0 0 "BK" 1954
5 1955 2.42857142857143 0 0 0 "BK" 1955
5 1956 3.425 0 0 0 "BK" 1956
5 1957 2.82916666666667 0 0 0 "BK" 1957
5 1958 5.36875 0 0 0 "BK" 1958
5 1959 2.98125 0 0 0 "BK" 1959
5 1960 1.92380952380952 0 0 0 "BK" 1960
5 1961 0.980952380952381 0 0 0 "BK" 1961
5 1962 2.66071428571429 0 0 0 "BK" 1962
5 1963 3.31136363636364 0 0 0 "BK" 1963
5 1964 2.74375 0 0 0 "BK" 1964
5 1965 0.952941176470588 0 0 0 "BK" 1965
5 1966 1.46428571428571 0 0 0 "BK" 1966
5 1967 3.39473684210526 0 0 0 "BK" 1967
5 1968 5.63125 0 0 0 "BK" 1968
5 1969 2.83636363636364 0 0 0 "BK" 1969
5 1970 -1.00789473684211 0 0 0 "BK" 1970
5 1971 3.58333333333333 0 0 0 "BK" 1971
5 2000 4.25 0 0 0 "BK" 2000
5 2001 5.14375 0 0 0 "BK" 2001
5 2002 4.9 0 0 0 "BK" 2002
5 2003 9.03823529411765 0 0 0 "BK" 2003
5 2004 2.1125 0 0 0 "BK" 2004
5 2005 5.80869565217391 0 0 0 "BK" 2005
5 2006 4.65833333333333 0 0 0 "BK" 2006
5 2007 5.92777777777778 0 0 0 "BK" 2007
5 2008 5.15 0 0 0 "BK" 2008
5 2009 6.4 0 0 0 "BK" 2009
5 2010 4.578125 0 0 0 "BK" 2010
5 2011 3.51842105263158 0 0 0 "BK" 2011
5 2012 5.15294117647059 0 0 0 "BK" 2012
5 2013 5.33571428571429 0 0 0 "BK" 2013
5 2014 3.4125 0 0 0 "BK" 2014
5 2015 4.21666666666667 0 0 0 "BK" 2015
5 2016 4.275 0 0 0 "BK" 2016
5 2018 7.725 0 0 0 "BK" 2018
6 1952 6.74333333333333 0 0 0 "BK" 1952
6 1953 7.26764705882353 0 0 0 "BK" 1953
6 1954 9.00277777777778 0 0 0 "BK" 1954
6 1955 5.56538461538462 0 0 0 "BK" 1955
6 1956 5.6 0 0 0 "BK" 1956
6 1957 7.17222222222222 0 0 0 "BK" 1957
6 1958 5.69333333333333 0 0 0 "BK" 1958
6 1959 5.63333333333333 0 0 0 "BK" 1959
6 1960 6.3725 0 0 0 "BK" 1960
6 1961 6.39117647058824 0 0 0 "BK" 1961
6 1962 5.87666666666667 0 0 0 "BK" 1962
6 1963 7.18235294117647 0 0 0 "BK" 1963
6 1964 8.45526315789474 0 0 0 "BK" 1964
6 1965 3.8 0 0 0 "BK" 1965
6 1966 7.66 0 0 0 "BK" 1966
6 1967 4.6825 0 0 0 "BK" 1967
6 1968 7.63 0 0 0 "BK" 1968
6 1969 6.70769230769231 0 0 0 "BK" 1969
6 1970 5.91470588235294 0 0 0 "BK" 1970
6 1971 6.35 0 0 0 "BK" 1971
6 2000 5.65 0 0 0 "BK" 2000
6 2001 4.1875 0 0 0 "BK" 2001
6 2002 5.6625 0 0 0 "BK" 2002
6 2003 11.7 0 0 0 "BK" 2003
6 2004 8.09736842105263 0 0 0 "BK" 2004
6 2005 6.93095238095238 0 0 0 "BK" 2005
6 2006 7.35535714285714 0 0 0 "BK" 2006
6 2007 10.3823529411765 0 0 0 "BK" 2007
6 2008 9.65263157894737 0 0 0 "BK" 2008
6 2009 7.79545454545455 0 0 0 "BK" 2009
6 2010 7.771875 0 0 0 "BK" 2010
6 2011 8.62391304347826 0 0 0 "BK" 2011
6 2012 11.5368421052632 0 0 0 "BK" 2012
6 2013 7.57954545454545 0 0 0 "BK" 2013
6 2014 7.76428571428571 0 0 0 "BK" 2014
6 2015 10.35 0 0 0 "BK" 2015
6 2016 8.07 0 0 0 "BK" 2016
6 2017 13.65 0 0 0 "BK" 2017
6 2018 8.35 0 0 0 "BK" 2018
7 1952 8.8625 0 0 0 "BK" 1952
7 1953 9.62083333333333 0 0 0 "BK" 1953
7 1954 6.52727272727273 0 0 0 "BK" 1954
7 1955 8.02631578947368 0 0 0 "BK" 1955
7 1956 8.68333333333333 0 0 0 "BK" 1956
7 1957 8.16923076923077 0 0 0 "BK" 1957
7 1958 8.93333333333333 0 0 0 "BK" 1958
7 1959 8.15833333333333 0 0 0 "BK" 1959
7 1960 6.11052631578947 0 0 0 "BK" 1960
7 1961 6.64666666666667 0 0 0 "BK" 1961
7 1962 7.19090909090909 0 0 0 "BK" 1962
7 1963 10.0235294117647 0 0 0 "BK" 1963
7 1964 6.885 0 0 0 "BK" 1964
7 1965 9.15 0 0 0 "BK" 1965
7 1966 7.784375 0 0 0 "BK" 1966
7 1967 9.3 0 0 0 "BK" 1967
7 1968 7.37 0 0 0 "BK" 1968
7 1969 5.89230769230769 0 0 0 "BK" 1969
7 1971 6.81363636363636 0 0 0 "BK" 1971
7 2000 5.96666666666667 0 0 0 "BK" 2000
7 2001 8.84166666666667 0 0 0 "BK" 2001
7 2002 11.0875 0 0 0 "BK" 2002
7 2003 10.9605263157895 0 0 0 "BK" 2003
7 2004 10.1444444444444 0 0 0 "BK" 2004
7 2005 8.505 0 0 0 "BK" 2005
7 2006 10.2103448275862 0 0 0 "BK" 2006
7 2007 12.9761904761905 0 0 0 "BK" 2007
7 2008 10.7652173913043 0 0 0 "BK" 2008
7 2009 11.0547619047619 0 0 0 "BK" 2009
7 2010 10.8363636363636 0 0 0 "BK" 2010
7 2011 11.5369565217391 0 0 0 "BK" 2011
7 2012 13.7304347826087 0 0 0 "BK" 2012
7 2013 10.68 0 0 0 "BK" 2013
7 2014 9.30384615384615 0 0 0 "BK" 2014
7 2015 16.8833333333333 0 0 0 "BK" 2015
7 2018 11.9833333333333 0 0 0 "BK" 2018
8 1952 12.7166666666667 0 0 0 "BK" 1952
8 1953 7.45 0 0 0 "BK" 1953
8 1954 7.16875 0 0 0 "BK" 1954
8 1955 6.92333333333333 0 0 0 "BK" 1955
8 1956 6.95 0 0 0 "BK" 1956
8 1957 6.19642857142857 0 0 0 "BK" 1957
8 1958 7.81428571428571 0 0 0 "BK" 1958
8 1959 7.69047619047619 0 0 0 "BK" 1959
8 1960 7.8375 0 0 0 "BK" 1960
8 1961 4.73 0 0 0 "BK" 1961
8 1962 12.5833333333333 0 0 0 "BK" 1962
8 1963 10.8375 0 0 0 "BK" 1963
8 1964 6.76 0 0 0 "BK" 1964
8 1965 5.6 0 0 0 "BK" 1965
8 1966 8.55 0 0 0 "BK" 1966
8 1967 8.275 0 0 0 "BK" 1967
8 1968 6.87894736842105 0 0 0 "BK" 1968
8 1969 7.6775 0 0 0 "BK" 1969
8 1970 7.83 0 0 0 "BK" 1970
8 1971 10.84 0 0 0 "BK" 1971
8 2001 6.58333333333333 0 0 0 "BK" 2001
8 2002 8.12142857142857 0 0 0 "BK" 2002
8 2003 12.8404761904762 0 0 0 "BK" 2003
8 2004 10.525 0 0 0 "BK" 2004
8 2005 7.31875 0 0 0 "BK" 2005
8 2006 9.20483870967742 0 0 0 "BK" 2006
8 2007 11.7921052631579 0 0 0 "BK" 2007
8 2008 12.2619047619048 0 0 0 "BK" 2008
8 2009 11.4295454545455 0 0 0 "BK" 2009
8 2010 12.7522727272727 0 0 0 "BK" 2010
8 2011 13.8695652173913 0 0 0 "BK" 2011
8 2012 13.8152173913043 0 0 0 "BK" 2012
8 2013 12.97 0 0 0 "BK" 2013
8 2014 11.0111111111111 0 0 0 "BK" 2014
8 2016 8.4 0 0 0 "BK" 2016
8 2017 5.425 0 0 0 "BK" 2017
8 2018 12.7857142857143 0 0 0 "BK" 2018
9 1952 7.04642857142857 0 0 0 "BK" 1952
9 1953 6.775 0 0 0 "BK" 1953
9 1954 5.23333333333333 0 0 0 "BK" 1954
9 1955 4.8375 0 0 0 "BK" 1955
9 1956 5.89166666666667 0 0 0 "BK" 1956
9 1957 5.47222222222222 0 0 0 "BK" 1957
9 1958 3.33333333333333 0 0 0 "BK" 1958
9 1959 3.925 0 0 0 "BK" 1959
9 1960 3.915 0 0 0 "BK" 1960
9 1961 4.1625 0 0 0 "BK" 1961
9 1962 3.56666666666667 0 0 0 "BK" 1962
9 1963 6.655 0 0 0 "BK" 1963
9 1964 2.50882352941176 0 0 0 "BK" 1964
9 1965 6.13333333333333 0 0 0 "BK" 1965
9 1966 4.92857142857143 0 0 0 "BK" 1966
9 1967 6.55454545454545 0 0 0 "BK" 1967
9 1968 4.61052631578947 0 0 0 "BK" 1968
9 1969 6.41666666666667 0 0 0 "BK" 1969
9 1970 5.59166666666667 0 0 0 "BK" 1970
9 1971 1.8875 0 0 0 "BK" 1971
9 2000 6.09 0 0 0 "BK" 2000
9 2001 3.00416666666667 0 0 0 "BK" 2001
9 2002 5.5 0 0 0 "BK" 2002
9 2003 6.53846153846154 0 0 0 "BK" 2003
9 2004 6.60952380952381 0 0 0 "BK" 2004
9 2005 7.2 0 0 0 "BK" 2005
9 2006 7.03928571428571 0 0 0 "BK" 2006
9 2007 4.37941176470588 0 0 0 "BK" 2007
9 2008 4.56666666666667 0 0 0 "BK" 2008
9 2009 7.66428571428571 0 0 0 "BK" 2009
9 2010 5.92 0 0 0 "BK" 2010
9 2011 11.3 0 0 0 "BK" 2011
9 2012 10.065 0 0 0 "BK" 2012
9 2013 6.4825 0 0 0 "BK" 2013
9 2014 6.7075 0 0 0 "BK" 2014
9 2015 8.05 0 0 0 "BK" 2015
9 2016 10 0 0 0 "BK" 2016
9 2017 7.1 0 0 0 "BK" 2017
9 2018 11.325 0 0 0 "BK" 2018
10 1952 1.75526315789474 0 0 0 "BK" 1952
10 1953 2.85 0 0 0 "BK" 1953
10 1954 0.766666666666667 0 0 0 "BK" 1954
10 1955 1.73529411764706 0 0 0 "BK" 1955
10 1956 -1.61666666666667 0 0 0 "BK" 1956
10 1957 3.58888888888889 0 0 0 "BK" 1957
10 1958 1.43636363636364 0 0 0 "BK" 1958
10 1959 -0.577777777777778 0 0 0 "BK" 1959
10 1960 2.53809523809524 0 0 0 "BK" 1960
10 1961 3.79166666666667 0 0 0 "BK" 1961
10 1962 3.495 0 0 0 "BK" 1962
10 1963 0.21 0 0 0 "BK" 1963
10 1964 1.90714285714286 0 0 0 "BK" 1964
10 1965 1.025 0 0 0 "BK" 1965
10 1966 4.36176470588235 0 0 0 "BK" 1966
10 1967 2.52857142857143 0 0 0 "BK" 1967
10 1968 0.22 0 0 0 "BK" 1968
10 1969 -3 0 0 0 "BK" 1969
10 1970 -2.60555555555556 0 0 0 "BK" 1970
10 1971 -1.575 0 0 0 "BK" 1971
10 2000 4.8375 0 0 0 "BK" 2000
10 2001 6 0 0 0 "BK" 2001
10 2002 3.2625 0 0 0 "BK" 2002
10 2003 2.13947368421053 0 0 0 "BK" 2003
10 2004 6.298 0 0 0 "BK" 2004
10 2005 4.15 0 0 0 "BK" 2005
10 2006 5.37647058823529 0 0 0 "BK" 2006
10 2007 3.58333333333333 0 0 0 "BK" 2007
10 2008 4.69375 0 0 0 "BK" 2008
10 2009 3.19 0 0 0 "BK" 2009
10 2010 1.52941176470588 0 0 0 "BK" 2010
10 2011 3.08 0 0 0 "BK" 2011
10 2012 6.02647058823529 0 0 0 "BK" 2012
10 2013 6.40789473684211 0 0 0 "BK" 2013
10 2014 4.325 0 0 0 "BK" 2014
10 2015 3.55 0 0 0 "BK" 2015
10 2017 11.4 0 0 0 "BK" 2017
10 2018 4.525 0 0 0 "BK" 2018
11 1952 -1.17058823529412 0 0 0 "BK" 1952
11 1953 1.54 0 0 0 "BK" 1953
11 1954 -0.288888888888889 0 0 0 "BK" 1954
11 1955 2.07272727272727 0 0 0 "BK" 1955
11 1956 -2.67222222222222 0 0 0 "BK" 1956
11 1957 -0.783333333333333 0 0 0 "BK" 1957
11 1958 1.040625 0 0 0 "BK" 1958
11 1959 -1.70625 0 0 0 "BK" 1959
11 1960 -1.21842105263158 0 0 0 "BK" 1960
11 1961 0.0157894736842105 0 0 0 "BK" 1961
11 1962 -1.53333333333333 0 0 0 "BK" 1962
11 1963 1.48 0 0 0 "BK" 1963
11 1964 -1.07105263157895 0 0 0 "BK" 1964
11 1965 -2.08125 0 0 0 "BK" 1965
11 1966 -2.59444444444444 0 0 0 "BK" 1966
11 1967 0.0199999999999999 0 0 0 "BK" 1967
11 1968 -1.09210526315789 0 0 0 "BK" 1968
11 1969 -0.858333333333333 0 0 0 "BK" 1969
11 1970 -2.47272727272727 0 0 0 "BK" 1970
11 1971 -3.95294117647059 0 0 0 "BK" 1971
11 1999 -2.81176470588235 0 0 0 "BK" 1999
11 2000 0.0449999999999999 0 0 0 "BK" 2000
11 2001 -3.26 0 0 0 "BK" 2001
11 2002 -0.0874999999999999 0 0 0 "BK" 2002
11 2003 0.9475 0 0 0 "BK" 2003
11 2004 -2.48958333333333 0 0 0 "BK" 2004
11 2005 -4.98421052631579 0 0 0 "BK" 2005
11 2006 -1.15714285714286 0 0 0 "BK" 2006
11 2007 -6.16428571428571 0 0 0 "BK" 2007
11 2008 0.467857142857143 0 0 0 "BK" 2008
11 2009 0.746428571428571 0 0 0 "BK" 2009
11 2010 1.01153846153846 0 0 0 "BK" 2010
11 2011 0.976470588235294 0 0 0 "BK" 2011
11 2012 1.54333333333333 0 0 0 "BK" 2012
11 2013 -0.819230769230769 0 0 0 "BK" 2013
11 2014 1.73571428571429 0 0 0 "BK" 2014
11 2015 9.6 0 0 0 "BK" 2015
11 2016 -12.2 0 0 0 "BK" 2016
11 2017 -1.55 0 0 0 "BK" 2017
11 2018 5.25 0 0 0 "BK" 2018
12 1952 -2.97222222222222 0 0 0 "BK" 1952
12 1953 -7.93636363636364 0 0 0 "BK" 1953
12 1954 -4.20714285714286 0 0 0 "BK" 1954
12 1955 -0.816666666666667 0 0 0 "BK" 1955
12 1956 -7.64285714285714 0 0 0 "BK" 1956
12 1957 -4.03888888888889 0 0 0 "BK" 1957
12 1958 -3.01052631578947 0 0 0 "BK" 1958
12 1959 -2.43235294117647 0 0 0 "BK" 1959
12 1960 -3.06875 0 0 0 "BK" 1960
12 1961 -7.90263157894737 0 0 0 "BK" 1961
12 1962 -6.93571428571429 0 0 0 "BK" 1962
12 1963 -3.86315789473684 0 0 0 "BK" 1963
12 1964 -3.88157894736842 0 0 0 "BK" 1964
12 1965 -4.75263157894737 0 0 0 "BK" 1965
12 1966 -7.33529411764706 0 0 0 "BK" 1966
12 1967 -6.79565217391304 0 0 0 "BK" 1967
12 1968 -6.03888888888889 0 0 0 "BK" 1968
12 1969 -7.055 0 0 0 "BK" 1969
12 1970 -5.75333333333333 0 0 0 "BK" 1970
12 1971 -6.01666666666667 0 0 0 "BK" 1971
12 1999 -8.01428571428571 0 0 0 "BK" 1999
12 2000 -2.78 0 0 0 "BK" 2000
12 2001 -10.3346153846154 0 0 0 "BK" 2001
12 2002 -4.29090909090909 0 0 0 "BK" 2002
12 2003 -5.91578947368421 0 0 0 "BK" 2003
12 2004 -3.21153846153846 0 0 0 "BK" 2004
12 2005 -6.8962962962963 0 0 0 "BK" 2005
12 2006 -2.455 0 0 0 "BK" 2006
12 2007 -6.11153846153846 0 0 0 "BK" 2007
12 2008 -2.67222222222222 0 0 0 "BK" 2008
12 2009 -4.225 0 0 0 "BK" 2009
12 2010 -5.14615384615385 0 0 0 "BK" 2010
12 2011 -3.10714285714286 0 0 0 "BK" 2011
12 2012 -7.89090909090909 0 0 0 "BK" 2012
12 2013 -4.05454545454545 0 0 0 "BK" 2013
12 2014 0.46 0 0 0 "BK" 2014
12 2017 -10.5 0 0 0 "BK" 2017
1 1901 -5.24677419354839 0 0 0 "BK" 1901
1 1902 1.16612903225806 0 0 0 "BK" 1902
1 1903 -2.51612903225806 0 0 0 "BK" 1903
1 1904 -1.92741935483871 0 0 0 "BK" 1904
1 1905 -7.94193548387097 0 0 0 "BK" 1905
1 1906 -2.93870967741935 0 0 0 "BK" 1906
1 1907 -4.05 0 0 0 "BK" 1907
1 1908 -4.74032258064516 0 0 0 "BK" 1908
1 1909 -4.57258064516129 0 0 0 "BK" 1909
1 1910 0.85 0 0 0 "BK" 1910
1 1911 -2.60161290322581 0 0 0 "BK" 1911
1 1912 -2.47741935483871 0 0 0 "BK" 1912
1 1913 -0.385483870967742 0 0 0 "BK" 1913
1 1914 -6.89838709677419 0 0 0 "BK" 1914
1 1915 1.7741935483871 0 0 0 "BK" 1915
1 1916 -0.0838709677419354 0 0 0 "BK" 1916
1 1917 0.832258064516129 0 0 0 "BK" 1917
1 1918 0.443548387096774 0 0 0 "BK" 1918
1 1919 2.8241935483871 0 0 0 "BK" 1919
1 1920 2.52903225806452 0 0 0 "BK" 1920
1 1921 2.29032258064516 0 0 0 "BK" 1921
1 1922 -3.15806451612903 0 0 0 "BK" 1922
1 1923 -0.251612903225807 0 0 0 "BK" 1923
1 1924 -4.06935483870968 0 0 0 "BK" 1924
1 1925 -0.817741935483871 0 0 0 "BK" 1925
1 1926 -1.04677419354839 0 0 0 "BK" 1926
1 1927 0.954838709677419 0 0 0 "BK" 1927
1 1928 0.482258064516129 0 0 0 "BK" 1928
1 1929 -4.71774193548387 0 0 0 "BK" 1929
1 1930 1.30161290322581 0 0 0 "BK" 1930
1 1931 0.42258064516129 0 0 0 "BK" 1931
1 1932 -3.38870967741935 0 0 0 "BK" 1932
1 1933 -2.89354838709677 0 0 0 "BK" 1933
1 1934 -1.91612903225806 0 0 0 "BK" 1934
1 1935 -6.29032258064516 0 0 0 "BK" 1935
1 1936 5.59516129032258 0 0 0 "BK" 1936
1 1937 -0.438709677419355 0 0 0 "BK" 1937
1 1938 -1.88387096774194 0 0 0 "BK" 1938
1 1939 2.76612903225806 0 0 0 "BK" 1939
1 1940 -7.67096774193548 0 0 0 "BK" 1940
1 1941 1.45161290322581 0 0 0 "BK" 1941
1 1942 -7.66290322580645 0 0 0 "BK" 1942
1 1943 -2.34032258064516 0 0 0 "BK" 1943
1 1944 -0.609677419354839 0 0 0 "BK" 1944
1 1945 -4.34193548387097 0 0 0 "BK" 1945
1 1946 -3.10483870967742 0 0 0 "BK" 1946
1 1947 -6.91612903225806 0 0 0 "BK" 1947
1 1948 5.03870967741936 0 0 0 "BK" 1948
1 1949 0.858064516129032 0 0 0 "BK" 1949
1 1950 -2.07258064516129 0 0 0 "BK" 1950
1 1951 3.16774193548387 0 0 0 "BK" 1951
1 1952 -0.398387096774193 0 0 0 "BK" 1952
1 1953 -0.432258064516129 0 0 0 "BK" 1953
1 1954 -5.66129032258065 0 0 0 "BK" 1954
1 1955 2.28225806451613 0 0 0 "BK" 1955
1 1956 1.00483870967742 0 0 0 "BK" 1956
1 1957 -2.23064516129032 0 0 0 "BK" 1957
1 1958 -0.775806451612903 0 0 0 "BK" 1958
1 1959 -0.590322580645161 0 0 0 "BK" 1959
1 1960 -1.25 0 0 0 "BK" 1960
1 1961 -0.112903225806452 0 0 0 "BK" 1961
1 1962 1.15806451612903 0 0 0 "BK" 1962
1 1963 -5.38870967741935 0 0 0 "BK" 1963
1 1964 -6.02258064516129 0 0 0 "BK" 1964
1 1965 1.04354838709677 0 0 0 "BK" 1965
1 1966 -3.98064516129032 0 0 0 "BK" 1966
1 1967 -5.05483870967742 0 0 0 "BK" 1967
1 1968 -3.22903225806452 0 0 0 "BK" 1968
1 1969 -1.74354838709677 0 0 0 "BK" 1969
1 1970 1.22258064516129 0 0 0 "BK" 1970
1 1971 0.296774193548387 0 0 0 "BK" 1971
1 1972 0.375806451612903 0 0 0 "BK" 1972
1 1973 0.243548387096774 0 0 0 "BK" 1973
1 1974 0.651612903225806 0 0 0 "BK" 1974
1 1975 0.52258064516129 0 0 0 "BK" 1975
1 1976 -0.659677419354839 0 0 0 "BK" 1976
1 1977 3.08225806451613 0 0 0 "BK" 1977
1 1978 0.511290322580645 0 0 0 "BK" 1978
1 1979 -0.556451612903226 0 0 0 "BK" 1979
1 1980 -1.63225806451613 0 0 0 "BK" 1980
1 1981 -3.9 0 0 0 "BK" 1981
1 1982 -0.0580645161290323 0 0 0 "BK" 1982
1 1983 1.34193548387097 0 0 0 "BK" 1983
1 1984 1.09677419354839 0 0 0 "BK" 1984
1 1985 -4.14032258064516 0 0 0 "BK" 1985
1 1986 0.753225806451613 0 0 0 "BK" 1986
1 1987 -1.4758064516129 0 0 0 "BK" 1987
1 1988 2.69516129032258 0 0 0 "BK" 1988
1 1989 -1.26129032258065 0 0 0 "BK" 1989
1 1990 -0.856451612903226 0 0 0 "BK" 1990
1 1991 0.0903225806451613 0 0 0 "BK" 1991
1 1992 -1.19838709677419 0 0 0 "BK" 1992
1 1993 -0.116129032258064 0 0 0 "BK" 1993
1 1994 2.58870967741935 0 0 0 "BK" 1994
1 1995 -0.62258064516129 0 0 0 "BK" 1995
1 1996 2.05483870967742 0 0 0 "BK" 1996
1 1997 1.26451612903226 0 0 0 "BK" 1997
1 1998 2.39193548387097 0 0 0 "BK" 1998
1 1999 0.3 0 0 0 "BK" 1999
1 2000 -3.48387096774194 0 0 0 "BK" 2000
1 2001 3.87096774193548 0 0 0 "BK" 2001
1 2002 -1.77258064516129 0 0 0 "BK" 2002
1 2003 -0.0919354838709677 0 0 0 "BK" 2003
1 2004 -1.01612903225806 0 0 0 "BK" 2004
1 2005 -0.345161290322581 0 0 0 "BK" 2005
1 2006 -1.56451612903226 0 0 0 "BK" 2006
1 2007 5.40967741935484 0 0 0 "BK" 2007
1 2008 2.37903225806452 0 0 0 "BK" 2008
1 2009 -0.367741935483871 0 0 0 "BK" 2009
1 2010 0.575806451612903 0 0 0 "BK" 2010
1 2011 0.708064516129032 0 0 0 "BK" 2011
1 2012 -1.0758064516129 0 0 0 "BK" 2012
1 2013 2.34677419354839 0 0 0 "BK" 2013
1 2014 5.41451612903226 0 0 0 "BK" 2014
1 2015 0.858064516129032 0 0 0 "BK" 2015
1 2016 1.20161290322581 0 0 0 "BK" 2016
1 2017 -4.57741935483871 0 0 0 "BK" 2017
1 2018 4.62741935483871 0 0 0 "BK" 2018
1 2019 -2.325 0 0 0 "BK" 2019
2 1901 -2.49464285714286 0 0 0 "BK" 1901
2 1902 5.99464285714286 0 0 0 "BK" 1902
2 1903 2.0625 0 0 0 "BK" 1903
2 1904 4.66551724137931 0 0 0 "BK" 1904
2 1905 -2.2 0 0 0 "BK" 1905
2 1906 -0.203571428571429 0 0 0 "BK" 1906
2 1907 -2.28571428571429 0 0 0 "BK" 1907
2 1908 -0.772413793103448 0 0 0 "BK" 1908
2 1909 -4.7125 0 0 0 "BK" 1909
2 1910 3.88214285714286 0 0 0 "BK" 1910
2 1911 -2.57142857142857 0 0 0 "BK" 1911
2 1912 5.10862068965517 0 0 0 "BK" 1912
2 1913 -1.30357142857143 0 0 0 "BK" 1913
2 1914 -0.0678571428571428 0 0 0 "BK" 1914
2 1915 2.19285714285714 0 0 0 "BK" 1915
2 1916 2.23103448275862 0 0 0 "BK" 1916
2 1917 -3.81964285714286 0 0 0 "BK" 1917
2 1918 0.7375 0 0 0 "BK" 1918
2 1919 -0.132142857142857 0 0 0 "BK" 1919
2 1920 1.92068965517241 0 0 0 "BK" 1920
2 1921 0.991071428571429 0 0 0 "BK" 1921
2 1922 -2.21964285714286 0 0 0 "BK" 1922
2 1923 0.955357142857143 0 0 0 "BK" 1923
2 1924 -0.598275862068965 0 0 0 "BK" 1924
2 1925 5.64107142857143 0 0 0 "BK" 1925
2 1926 6.1125 0 0 0 "BK" 1926
2 1927 -0.717857142857143 0 0 0 "BK" 1927
2 1928 1.38620689655172 0 0 0 "BK" 1928
2 1929 -8.58571428571429 0 0 0 "BK" 1929
2 1930 1.1875 0 0 0 "BK" 1930
2 1931 1.50892857142857 0 0 0 "BK" 1931
2 1932 -6.44655172413793 0 0 0 "BK" 1932
2 1933 -0.108928571428571 0 0 0 "BK" 1933
2 1934 0.0946428571428573 0 0 0 "BK" 1934
2 1935 -1.38035714285714 0 0 0 "BK" 1935
2 1936 1.27413793103448 0 0 0 "BK" 1936
2 1938 -1.375 0 0 0 "BK" 1938
2 1939 2.84285714285714 0 0 0 "BK" 1939
2 1940 -1.27413793103448 0 0 0 "BK" 1940
2 1941 3.47857142857143 0 0 0 "BK" 1941
2 1942 -2.12321428571429 0 0 0 "BK" 1942
2 1943 3.21964285714286 0 0 0 "BK" 1943
2 1944 -1.09137931034483 0 0 0 "BK" 1944
2 1945 0.316071428571429 0 0 0 "BK" 1945
2 1946 1.30535714285714 0 0 0 "BK" 1946
2 1947 2.54642857142857 0 0 0 "BK" 1947
2 1948 0.446551724137931 0 0 0 "BK" 1948
2 1949 0.128571428571429 0 0 0 "BK" 1949
2 1950 3.8625 0 0 0 "BK" 1950
2 1951 5.7625 0 0 0 "BK" 1951
2 1952 0.63448275862069 0 0 0 "BK" 1952
2 1953 -0.478571428571429 0 0 0 "BK" 1953
2 1954 -4.04821428571429 0 0 0 "BK" 1954
2 1955 3.675 0 0 0 "BK" 1955
2 1956 -8.43620689655172 0 0 0 "BK" 1956
2 1957 5.36071428571429 0 0 0 "BK" 1957
2 1958 5.12857142857143 0 0 0 "BK" 1958
2 1959 -2.5875 0 0 0 "BK" 1959
2 1960 2.96379310344828 0 0 0 "BK" 1960
2 1961 2.04464285714286 0 0 0 "BK" 1961
2 1962 -0.766071428571429 0 0 0 "BK" 1962
2 1963 -1.33214285714286 0 0 0 "BK" 1963
2 1964 0.968965517241379 0 0 0 "BK" 1964
2 1965 -4.48035714285714 0 0 0 "BK" 1965
2 1966 7.0875 0 0 0 "BK" 1966
2 1967 1.43571428571429 0 0 0 "BK" 1967
2 1968 3.24827586206897 0 0 0 "BK" 1968
2 1969 1.92321428571429 0 0 0 "BK" 1969
2 1970 1.0375 0 0 0 "BK" 1970
2 1971 1.44285714285714 0 0 0 "BK" 1971
2 1972 5.0948275862069 0 0 0 "BK" 1972
2 1973 1.84642857142857 0 0 0 "BK" 1973
2 1974 5.17678571428571 0 0 0 "BK" 1974
2 1975 0.428571428571429 0 0 0 "BK" 1975
2 1976 0.286206896551724 0 0 0 "BK" 1976
2 1977 6.04642857142857 0 0 0 "BK" 1977
2 1978 1.86607142857143 0 0 0 "BK" 1978
2 1979 4.325 0 0 0 "BK" 1979
2 1980 2.57241379310345 0 0 0 "BK" 1980
2 1981 0.167857142857143 0 0 0 "BK" 1981
2 1982 0.128571428571429 0 0 0 "BK" 1982
2 1983 -0.592857142857143 0 0 0 "BK" 1983
2 1984 0.817241379310345 0 0 0 "BK" 1984
2 1985 -2.12857142857143 0 0 0 "BK" 1985
2 1986 -0.942857142857143 0 0 0 "BK" 1986
2 1987 2.78928571428571 0 0 0 "BK" 1987
2 1988 3.47586206896552 0 0 0 "BK" 1988
2 1989 4.2875 0 0 0 "BK" 1989
2 1990 6.51607142857143 0 0 0 "BK" 1990
2 1991 -0.773214285714286 0 0 0 "BK" 1991
2 1992 1.58793103448276 0 0 0 "BK" 1992
2 1993 -1.05 0 0 0 "BK" 1993
2 1994 1.78392857142857 0 0 0 "BK" 1994
2 1995 6.20357142857143 0 0 0 "BK" 1995
2 1996 -0.918965517241379 0 0 0 "BK" 1996
2 1997 3.37142857142857 0 0 0 "BK" 1997
2 1998 4.175 0 0 0 "BK" 1998
2 1999 -0.408928571428571 0 0 0 "BK" 1999
2 2000 1.60689655172414 0 0 0 "BK" 2000
2 2001 3.06607142857143 0 0 0 "BK" 2001
2 2002 6.22321428571429 0 0 0 "BK" 2002
2 2003 -2.81428571428571 0 0 0 "BK" 2003
2 2004 1.89827586206897 0 0 0 "BK" 2004
2 2005 -2.55357142857143 0 0 0 "BK" 2005
2 2006 1.10714285714286 0 0 0 "BK" 2006
2 2007 6.16428571428571 0 0 0 "BK" 2007
2 2008 4.55862068965517 0 0 0 "BK" 2008
2 2009 1.60535714285714 0 0 0 "BK" 2009
2 2010 1.89107142857143 0 0 0 "BK" 2010
2 2011 1.41071428571429 0 0 0 "BK" 2011
2 2012 -4.45 0 0 0 "BK" 2012
2 2013 2.82678571428571 0 0 0 "BK" 2013
2 2014 8.41428571428571 0 0 0 "BK" 2014
2 2015 2.35892857142857 0 0 0 "BK" 2015
2 2016 7.93620689655172 0 0 0 "BK" 2016
2 2017 5.66071428571429 0 0 0 "BK" 2017
2 2018 1.26428571428571 0 0 0 "BK" 2018
3 1901 6.93064516129032 0 0 0 "BK" 1901
3 1902 4.36774193548387 0 0 0 "BK" 1902
3 1903 6.43548387096774 0 0 0 "BK" 1903
3 1904 6.10161290322581 0 0 0 "BK" 1904
3 1905 5.88387096774194 0 0 0 "BK" 1905
3 1906 5.28387096774194 0 0 0 "BK" 1906
3 1907 -0.417741935483871 0 0 0 "BK" 1907
3 1908 3.66129032258065 0 0 0 "BK" 1908
3 1909 5.76935483870968 0 0 0 "BK" 1909
3 1910 4.83709677419355 0 0 0 "BK" 1910
3 1911 5.79032258064516 0 0 0 "BK" 1911
3 1912 8.36612903225806 0 0 0 "BK" 1912
3 1913 7.87096774193548 0 0 0 "BK" 1913
3 1914 6.01612903225806 0 0 0 "BK" 1914
3 1915 3.73064516129032 0 0 0 "BK" 1915
3 1916 9.49032258064516 0 0 0 "BK" 1916
3 1917 4.60483870967742 0 0 0 "BK" 1917
3 1918 4.62258064516129 0 0 0 "BK" 1918
3 1919 6.24838709677419 0 0 0 "BK" 1919
3 1920 6.66935483870968 0 0 0 "BK" 1920
3 1921 7.1258064516129 0 0 0 "BK" 1921
3 1922 7.8241935483871 0 0 0 "BK" 1922
3 1923 5.71451612903226 0 0 0 "BK" 1923
3 1924 4.11935483870968 0 0 0 "BK" 1924
3 1925 4.01774193548387 0 0 0 "BK" 1925
3 1926 4.73387096774194 0 0 0 "BK" 1926
3 1927 8.08225806451613 0 0 0 "BK" 1927
3 1928 6.11612903225806 0 0 0 "BK" 1928
3 1929 2.66612903225806 0 0 0 "BK" 1929
3 1930 8.0258064516129 0 0 0 "BK" 1930
3 1931 4.03548387096774 0 0 0 "BK" 1931
3 1932 0.487096774193548 0 0 0 "BK" 1932
3 1933 5.12096774193548 0 0 0 "BK" 1933
3 1934 9.26129032258065 0 0 0 "BK" 1934
3 1935 -1.35454545454545 0 0 0 "BK" 1935
3 1936 7.94516129032258 0 0 0 "BK" 1936
3 1937 8.98064516129032 0 0 0 "BK" 1937
3 1938 5.52903225806452 0 0 0 "BK" 1938
3 1939 1.54677419354839 0 0 0 "BK" 1939
3 1940 3.78064516129032 0 0 0 "BK" 1940
3 1941 5.33548387096774 0 0 0 "BK" 1941
3 1942 5.29677419354839 0 0 0 "BK" 1942
3 1943 6.77258064516129 0 0 0 "BK" 1943
3 1944 0.8 0 0 0 "BK" 1944
3 1945 5.4 0 0 0 "BK" 1945
3 1946 7.02258064516129 0 0 0 "BK" 1946
3 1947 10.3548387096774 0 0 0 "BK" 1947
3 1948 5.55161290322581 0 0 0 "BK" 1948
3 1949 0.45 0 0 0 "BK" 1949
3 1950 6.27258064516129 0 0 0 "BK" 1950
3 1951 6.44838709677419 0 0 0 "BK" 1951
3 1952 4.96451612903226 0 0 0 "BK" 1952
3 1953 3.74516129032258 0 0 0 "BK" 1953
3 1954 7.48548387096774 0 0 0 "BK" 1954
3 1955 4.25322580645161 0 0 0 "BK" 1955
3 1956 2.65 0 0 0 "BK" 1956
3 1957 7.69516129032258 0 0 0 "BK" 1957
3 1958 0.551612903225806 0 0 0 "BK" 1958
3 1959 8.89516129032258 0 0 0 "BK" 1959
3 1960 6.8 0 0 0 "BK" 1960
3 1961 6.84354838709677 0 0 0 "BK" 1961
3 1962 1.97096774193548 0 0 0 "BK" 1962
3 1963 3.60806451612903 0 0 0 "BK" 1963
3 1964 5.33064516129032 0 0 0 "BK" 1964
3 1965 5.57741935483871 0 0 0 "BK" 1965
3 1966 3.4 0 0 0 "BK" 1966
3 1967 5.76774193548387 0 0 0 "BK" 1967
3 1968 5.2741935483871 0 0 0 "BK" 1968
3 1969 4.86129032258065 0 0 0 "BK" 1969
3 1970 4.58387096774194 0 0 0 "BK" 1970
3 1971 1.4758064516129 0 0 0 "BK" 1971
3 1972 8.49838709677419 0 0 0 "BK" 1972
3 1973 3.1241935483871 0 0 0 "BK" 1973
3 1974 8.01935483870968 0 0 0 "BK" 1974
3 1975 7.87096774193548 0 0 0 "BK" 1975
3 1976 3.11129032258065 0 0 0 "BK" 1976
3 1977 9.17903225806452 0 0 0 "BK" 1977
3 1978 6.26290322580645 0 0 0 "BK" 1978
3 1979 8.18064516129032 0 0 0 "BK" 1979
3 1980 5.55806451612903 0 0 0 "BK" 1980
3 1981 8.49032258064516 0 0 0 "BK" 1981
3 1982 4.68548387096774 0 0 0 "BK" 1982
3 1983 7.06774193548387 0 0 0 "BK" 1983
3 1984 3.69838709677419 0 0 0 "BK" 1984
3 1985 5.73225806451613 0 0 0 "BK" 1985
3 1986 5.43387096774194 0 0 0 "BK" 1986
3 1987 0.15 0 0 0 "BK" 1987
3 1988 4.08225806451613 0 0 0 "BK" 1988
3 1989 8.72258064516129 0 0 0 "BK" 1989
3 1990 9.00483870967742 0 0 0 "BK" 1990
3 1991 8.95967741935484 0 0 0 "BK" 1991
3 1992 6.12096774193548 0 0 0 "BK" 1992
3 1993 3.94838709677419 0 0 0 "BK" 1993
3 1994 9.37258064516129 0 0 0 "BK" 1994
3 1995 4.83064516129032 0 0 0 "BK" 1995
3 1996 2.58870967741935 0 0 0 "BK" 1996
3 1997 5.28709677419355 0 0 0 "BK" 1997
3 1998 3.57903225806452 0 0 0 "BK" 1998
3 1999 6.89838709677419 0 0 0 "BK" 1999
3 2000 5.51129032258064 0 0 0 "BK" 2000
3 2001 10.2806451612903 0 0 0 "BK" 2001
3 2002 8.70806451612903 0 0 0 "BK" 2002
3 2003 5.45645161290323 0 0 0 "BK" 2003
3 2004 5.75967741935484 0 0 0 "BK" 2004
3 2005 3.38064516129032 0 0 0 "BK" 2005
3 2006 4.60322580645161 0 0 0 "BK" 2006
3 2007 8.03225806451613 0 0 0 "BK" 2007
3 2008 6.60645161290323 0 0 0 "BK" 2008
3 2009 5.5 0 0 0 "BK" 2009
3 2010 5.70967741935484 0 0 0 "BK" 2010
3 2011 5.80483870967742 0 0 0 "BK" 2011
3 2012 7.89032258064516 0 0 0 "BK" 2012
3 2013 6.00483870967742 0 0 0 "BK" 2013
3 2014 8.89193548387097 0 0 0 "BK" 2014
3 2015 5.77096774193548 0 0 0 "BK" 2015
3 2016 6.64677419354839 0 0 0 "BK" 2016
3 2017 9.18387096774194 0 0 0 "BK" 2017
3 2018 5.78709677419355 0 0 0 "BK" 2018
4 1901 9.955 0 0 0 "BK" 1901
4 1902 10.8316666666667 0 0 0 "BK" 1902
4 1903 6.61166666666667 0 0 0 "BK" 1903
4 1904 10.68 0 0 0 "BK" 1904
4 1905 8.27666666666667 0 0 0 "BK" 1905
4 1906 9.57166666666667 0 0 0 "BK" 1906
4 1907 7.585 0 0 0 "BK" 1907
4 1908 8.03666666666667 0 0 0 "BK" 1908
4 1909 10.4316666666667 0 0 0 "BK" 1909
4 1910 9.02333333333333 0 0 0 "BK" 1910
4 1911 7.86333333333333 0 0 0 "BK" 1911
4 1912 6.64166666666667 0 0 0 "BK" 1912
4 1913 9.89333333333333 0 0 0 "BK" 1913
4 1914 10.6366666666667 0 0 0 "BK" 1914
4 1915 8.90666666666667 0 0 0 "BK" 1915
4 1916 10.1583333333333 0 0 0 "BK" 1916
4 1917 8.57 0 0 0 "BK" 1917
4 1918 11.89 0 0 0 "BK" 1918
4 1919 9.23666666666667 0 0 0 "BK" 1919
4 1920 12.54 0 0 0 "BK" 1920
4 1921 8.80333333333333 0 0 0 "BK" 1921
4 1922 9.89333333333333 0 0 0 "BK" 1922
4 1923 9.68 0 0 0 "BK" 1923
4 1924 10 0 0 0 "BK" 1924
4 1925 9.98166666666667 0 0 0 "BK" 1925
4 1926 11.32 0 0 0 "BK" 1926
4 1927 11.345 0 0 0 "BK" 1927
4 1928 11.1166666666667 0 0 0 "BK" 1928
4 1929 7.535 0 0 0 "BK" 1929
4 1930 11.2766666666667 0 0 0 "BK" 1930
4 1931 8.60666666666667 0 0 0 "BK" 1931
4 1932 8.845 0 0 0 "BK" 1932
4 1933 7.98166666666667 0 0 0 "BK" 1933
4 1934 14.8866666666667 0 0 0 "BK" 1934
4 1935 9.92666666666667 0 0 0 "BK" 1935
4 1936 11.7183333333333 0 0 0 "BK" 1936
4 1937 8.94166666666667 0 0 0 "BK" 1937
4 1938 6.23166666666667 0 0 0 "BK" 1938
4 1939 12.4733333333333 0 0 0 "BK" 1939
4 1940 9.11666666666667 0 0 0 "BK" 1940
4 1942 9.18333333333333 0 0 0 "BK" 1942
4 1943 10.9633333333333 0 0 0 "BK" 1943
4 1944 10.45 0 0 0 "BK" 1944
4 1945 10.1416666666667 0 0 0 "BK" 1945
4 1946 11.78 0 0 0 "BK" 1946
4 1947 12.3483333333333 0 0 0 "BK" 1947
4 1948 10.0833333333333 0 0 0 "BK" 1948
4 1949 11.68 0 0 0 "BK" 1949
4 1950 11.3883333333333 0 0 0 "BK" 1950
4 1951 9.785 0 0 0 "BK" 1951
4 1952 13.11 0 0 0 "BK" 1952
4 1953 11.5983333333333 0 0 0 "BK" 1953
4 1954 8.01833333333333 0 0 0 "BK" 1954
4 1955 6.34666666666667 0 0 0 "BK" 1955
4 1956 10.225 0 0 0 "BK" 1956
4 1957 9.65166666666667 0 0 0 "BK" 1957
4 1958 6.99666666666667 0 0 0 "BK" 1958
4 1959 9.985 0 0 0 "BK" 1959
4 1960 9.13 0 0 0 "BK" 1960
4 1961 13.3483333333333 0 0 0 "BK" 1961
4 1962 10.1433333333333 0 0 0 "BK" 1962
4 1963 10.4783333333333 0 0 0 "BK" 1963
4 1964 10.4366666666667 0 0 0 "BK" 1964
4 1965 7.96333333333333 0 0 0 "BK" 1965
4 1966 10.935 0 0 0 "BK" 1966
4 1967 8.70833333333333 0 0 0 "BK" 1967
4 1968 12.9066666666667 0 0 0 "BK" 1968
4 1969 8.81333333333333 0 0 0 "BK" 1969
4 1970 9.77 0 0 0 "BK" 1970
4 1971 10.7783333333333 0 0 0 "BK" 1971
4 1972 11.015 0 0 0 "BK" 1972
4 1973 7.65333333333333 0 0 0 "BK" 1973
4 1974 8.03833333333333 0 0 0 "BK" 1974
4 1975 9.66 0 0 0 "BK" 1975
4 1976 9.06166666666667 0 0 0 "BK" 1976
4 1977 9.43333333333333 0 0 0 "BK" 1977
4 1978 8.76 0 0 0 "BK" 1978
4 1979 8.44166666666667 0 0 0 "BK" 1979
4 1980 6.78 0 0 0 "BK" 1980
4 1981 10.1716666666667 0 0 0 "BK" 1981
4 1982 7.48 0 0 0 "BK" 1982
4 1983 12.4416666666667 0 0 0 "BK" 1983
4 1984 8.10333333333333 0 0 0 "BK" 1984
4 1985 9.87666666666667 0 0 0 "BK" 1985
4 1986 11.75 0 0 0 "BK" 1986
4 1987 9.17 0 0 0 "BK" 1987
4 1988 9.885 0 0 0 "BK" 1988
4 1989 12.4516666666667 0 0 0 "BK" 1989
4 1990 9.62666666666667 0 0 0 "BK" 1990
4 1991 7.90333333333333 0 0 0 "BK" 1991
4 1992 10.2183333333333 0 0 0 "BK" 1992
4 1993 10.2833333333333 0 0 0 "BK" 1993
4 1994 10.3316666666667 0 0 0 "BK" 1994
4 1995 9.46833333333333 0 0 0 "BK" 1995
4 1996 9.49666666666667 0 0 0 "BK" 1996
4 1997 4.975 0 0 0 "BK" 1997
4 1998 11.135 0 0 0 "BK" 1998
4 1999 10.6583333333333 0 0 0 "BK" 1999
4 2000 12.93 0 0 0 "BK" 2000
4 2001 9.18666666666667 0 0 0 "BK" 2001
4 2002 9.89333333333333 0 0 0 "BK" 2002
4 2003 8.98666666666667 0 0 0 "BK" 2003
4 2004 11.1833333333333 0 0 0 "BK" 2004
4 2005 9.81833333333333 0 0 0 "BK" 2005
4 2006 11.3066666666667 0 0 0 "BK" 2006
4 2007 12.4383333333333 0 0 0 "BK" 2007
4 2008 10.9533333333333 0 0 0 "BK" 2008
4 2009 12.965 0 0 0 "BK" 2009
4 2010 10.9116666666667 0 0 0 "BK" 2010
4 2011 11.7583333333333 0 0 0 "BK" 2011
4 2012 10.755 0 0 0 "BK" 2012
4 2013 12.755 0 0 0 "BK" 2013
4 2014 10.9683333333333 0 0 0 "BK" 2014
4 2015 9.75333333333333 0 0 0 "BK" 2015
4 2016 13.85 0 0 0 "BK" 2016
4 2017 9.88 0 0 0 "BK" 2017
4 2018 15.3816666666667 0 0 0 "BK" 2018
5 1901 13.3129032258065 0 0 0 "BK" 1901
5 1902 10.6016129032258 0 0 0 "BK" 1902
5 1903 13.7161290322581 0 0 0 "BK" 1903
5 1904 14.5790322580645 0 0 0 "BK" 1904
5 1905 14.2016129032258 0 0 0 "BK" 1905
5 1906 13.3338709677419 0 0 0 "BK" 1906
5 1907 16.408064516129 0 0 0 "BK" 1907
5 1908 17.441935483871 0 0 0 "BK" 1908
5 1909 13.3870967741935 0 0 0 "BK" 1909
5 1910 13.3774193548387 0 0 0 "BK" 1910
5 1911 13.7225806451613 0 0 0 "BK" 1911
5 1912 13.7274193548387 0 0 0 "BK" 1912
5 1913 12.6 0 0 0 "BK" 1913
5 1914 13.4193548387097 0 0 0 "BK" 1914
5 1915 14.5483870967742 0 0 0 "BK" 1915
5 1916 13.8790322580645 0 0 0 "BK" 1916
5 1917 14.35 0 0 0 "BK" 1917
5 1918 13.3064516129032 0 0 0 "BK" 1918
5 1919 8.80322580645161 0 0 0 "BK" 1919
5 1920 15.4854838709677 0 0 0 "BK" 1920
5 1921 14.9629032258065 0 0 0 "BK" 1921
5 1922 14.3548387096774 0 0 0 "BK" 1922
5 1923 15.7806451612903 0 0 0 "BK" 1923
5 1924 16.7483870967742 0 0 0 "BK" 1924
5 1925 13.6145161290323 0 0 0 "BK" 1925
5 1926 13.7854838709677 0 0 0 "BK" 1926
5 1927 15.2903225806452 0 0 0 "BK" 1927
5 1928 12.0645161290323 0 0 0 "BK" 1928
5 1929 16.0983870967742 0 0 0 "BK" 1929
5 1930 13.5129032258065 0 0 0 "BK" 1930
5 1931 15.9338709677419 0 0 0 "BK" 1931
5 1932 15.4225806451613 0 0 0 "BK" 1932
5 1933 13.3870967741935 0 0 0 "BK" 1933
5 1934 16.5983870967742 0 0 0 "BK" 1934
5 1935 13.7209677419355 0 0 0 "BK" 1935
5 1936 14.7516129032258 0 0 0 "BK" 1936
5 1937 15.5741935483871 0 0 0 "BK" 1937
5 1938 13.3209677419355 0 0 0 "BK" 1938
5 1939 13.7532258064516 0 0 0 "BK" 1939
5 1940 13.1790322580645 0 0 0 "BK" 1940
5 1941 14.5983870967742 0 0 0 "BK" 1941
5 1942 15.1532258064516 0 0 0 "BK" 1942
5 1943 12.6193548387097 0 0 0 "BK" 1943
5 1944 14.6145161290323 0 0 0 "BK" 1944
5 1945 18.0258064516129 0 0 0 "BK" 1945
5 1946 16.4112903225806 0 0 0 "BK" 1946
5 1947 15.9967741935484 0 0 0 "BK" 1947
5 1948 15.1403225806452 0 0 0 "BK" 1948
5 1949 13.6435483870968 0 0 0 "BK" 1949
5 1950 15.2467741935484 0 0 0 "BK" 1950
5 1951 15.5983870967742 0 0 0 "BK" 1951
5 1952 13.3951612903226 0 0 0 "BK" 1952
5 1953 13.1677419354839 0 0 0 "BK" 1953
5 1954 12.8354838709677 0 0 0 "BK" 1954
5 1955 14.4629032258065 0 0 0 "BK" 1955
5 1956 13.491935483871 0 0 0 "BK" 1956
5 1957 11.3096774193548 0 0 0 "BK" 1957
5 1958 17.091935483871 0 0 0 "BK" 1958
5 1959 13.9064516129032 0 0 0 "BK" 1959
5 1960 12.7467741935484 0 0 0 "BK" 1960
5 1961 12.5838709677419 0 0 0 "BK" 1961
5 1962 14.8483870967742 0 0 0 "BK" 1962
5 1963 14.0290322580645 0 0 0 "BK" 1963
5 1964 13.3887096774194 0 0 0 "BK" 1964
5 1965 12.2774193548387 0 0 0 "BK" 1965
5 1966 14.2548387096774 0 0 0 "BK" 1966
5 1967 14.658064516129 0 0 0 "BK" 1967
5 1968 16.6967741935484 0 0 0 "BK" 1968
5 1969 17.0354838709677 0 0 0 "BK" 1969
5 1970 11.4145161290323 0 0 0 "BK" 1970
5 1971 16.1790322580645 0 0 0 "BK" 1971
5 1972 14.6225806451613 0 0 0 "BK" 1972
5 1973 15.2274193548387 0 0 0 "BK" 1973
5 1974 12.3064516129032 0 0 0 "BK" 1974
5 1975 15.3064516129032 0 0 0 "BK" 1975
5 1976 13.5129032258065 0 0 0 "BK" 1976
5 1977 15.0870967741935 0 0 0 "BK" 1977
5 1978 12.5967741935484 0 0 0 "BK" 1978
5 1979 14.3370967741935 0 0 0 "BK" 1979
5 1980 11.8967741935484 0 0 0 "BK" 1980
5 1981 14.5532258064516 0 0 0 "BK" 1981
5 1982 15.5548387096774 0 0 0 "BK" 1982
5 1983 16.3129032258065 0 0 0 "BK" 1983
5 1984 14.5709677419355 0 0 0 "BK" 1984
5 1985 16.5467741935484 0 0 0 "BK" 1985
5 1986 16.6983870967742 0 0 0 "BK" 1986
5 1987 12.7064516129032 0 0 0 "BK" 1987
5 1988 15.2129032258065 0 0 0 "BK" 1988
5 1989 12.5516129032258 0 0 0 "BK" 1989
5 1990 14.458064516129 0 0 0 "BK" 1990
5 1991 10.9161290322581 0 0 0 "BK" 1991
5 1992 14.5241935483871 0 0 0 "BK" 1992
5 1993 16.4338709677419 0 0 0 "BK" 1993
5 1994 16.2532258064516 0 0 0 "BK" 1994
5 1995 14.1112903225806 0 0 0 "BK" 1995
5 1996 15.8274193548387 0 0 0 "BK" 1996
5 1997 15.1048387096774 0 0 0 "BK" 1997
5 1998 13.6870967741935 0 0 0 "BK" 1998
5 1999 15.591935483871 0 0 0 "BK" 1999
5 2000 16.5790322580645 0 0 0 "BK" 2000
5 2001 15.908064516129 0 0 0 "BK" 2001
5 2002 16.2112903225806 0 0 0 "BK" 2002
5 2003 17.691935483871 0 0 0 "BK" 2003
5 2004 12.7016129032258 0 0 0 "BK" 2004
5 2005 15.1870967741935 0 0 0 "BK" 2005
5 2006 15.1435483870968 0 0 0 "BK" 2006
5 2007 16.4967741935484 0 0 0 "BK" 2007
5 2008 15.9548387096774 0 0 0 "BK" 2008
5 2009 17.0548387096774 0 0 0 "BK" 2009
5 2010 14.8193548387097 0 0 0 "BK" 2010
5 2011 14.6129032258065 0 0 0 "BK" 2011
5 2012 14.0661290322581 0 0 0 "BK" 2012
5 2013 15.741935483871 0 0 0 "BK" 2013
5 2014 14.0177419354839 0 0 0 "BK" 2014
5 2015 16.3225806451613 0 0 0 "BK" 2015
5 2016 14.4016129032258 0 0 0 "BK" 2016
5 2017 15.7822580645161 0 0 0 "BK" 2017
5 2018 17.5177419354839 0 0 0 "BK" 2018
6 1901 16.3916666666667 0 0 0 "BK" 1901
6 1902 16.0216666666667 0 0 0 "BK" 1902
6 1903 15.3216666666667 0 0 0 "BK" 1903
6 1904 17.125 0 0 0 "BK" 1904
6 1905 16.9283333333333 0 0 0 "BK" 1905
6 1906 16.0266666666667 0 0 0 "BK" 1906
6 1907 17.7083333333333 0 0 0 "BK" 1907
6 1908 18.7866666666667 0 0 0 "BK" 1908
6 1909 16.5133333333333 0 0 0 "BK" 1909
6 1910 16.9816666666667 0 0 0 "BK" 1910
6 1911 16.8666666666667 0 0 0 "BK" 1911
6 1912 17.58 0 0 0 "BK" 1912
6 1913 16.1883333333333 0 0 0 "BK" 1913
6 1914 15.05 0 0 0 "BK" 1914
6 1915 17.5283333333333 0 0 0 "BK" 1915
6 1916 19.0766666666667 0 0 0 "BK" 1916
6 1917 17.6483333333333 0 0 0 "BK" 1917
6 1918 14.9483333333333 0 0 0 "BK" 1918
6 1919 16.0733333333333 0 0 0 "BK" 1919
6 1920 16.0983333333333 0 0 0 "BK" 1920
6 1921 14.3833333333333 0 0 0 "BK" 1921
6 1922 17.185 0 0 0 "BK" 1922
6 1923 14.5433333333333 0 0 0 "BK" 1923
6 1924 17.3333333333333 0 0 0 "BK" 1924
6 1925 14.8716666666667 0 0 0 "BK" 1925
6 1926 15.6933333333333 0 0 0 "BK" 1926
6 1927 20.225 0 0 0 "BK" 1927
6 1928 17.595 0 0 0 "BK" 1928
6 1929 18.265 0 0 0 "BK" 1929
6 1930 18.3966666666667 0 0 0 "BK" 1930
6 1931 20.325 0 0 0 "BK" 1931
6 1932 16.7316666666667 0 0 0 "BK" 1932
6 1933 15.7366666666667 0 0 0 "BK" 1933
6 1934 17.7766666666667 0 0 0 "BK" 1934
6 1935 19.285 0 0 0 "BK" 1935
6 1936 16.5466666666667 0 0 0 "BK" 1936
6 1937 19.5983333333333 0 0 0 "BK" 1937
6 1938 19.3983333333333 0 0 0 "BK" 1938
6 1939 17.565 0 0 0 "BK" 1939
6 1940 16.0133333333333 0 0 0 "BK" 1940
6 1941 16.7216666666667 0 0 0 "BK" 1941
6 1942 17.8533333333333 0 0 0 "BK" 1942
6 1943 16.3166666666667 0 0 0 "BK" 1943
6 1944 17.9033333333333 0 0 0 "BK" 1944
6 1945 19.3883333333333 0 0 0 "BK" 1945
6 1946 19.3283333333333 0 0 0 "BK" 1946
6 1947 17.5433333333333 0 0 0 "BK" 1947
6 1948 15.1783333333333 0 0 0 "BK" 1948
6 1949 15.0966666666667 0 0 0 "BK" 1949
6 1950 18.9366666666667 0 0 0 "BK" 1950
6 1951 18.475 0 0 0 "BK" 1951
6 1952 18.1033333333333 0 0 0 "BK" 1952
6 1953 18.7166666666667 0 0 0 "BK" 1953
6 1954 19.365 0 0 0 "BK" 1954
6 1955 17.2866666666667 0 0 0 "BK" 1955
6 1956 16.0583333333333 0 0 0 "BK" 1956
6 1957 19.6416666666667 0 0 0 "BK" 1957
6 1958 16.9816666666667 0 0 0 "BK" 1958
6 1959 16.36 0 0 0 "BK" 1959
6 1960 16.915 0 0 0 "BK" 1960
6 1961 18.0583333333333 0 0 0 "BK" 1961
6 1962 15.7116666666667 0 0 0 "BK" 1962
6 1963 18.535 0 0 0 "BK" 1963
6 1964 18.6016666666667 0 0 0 "BK" 1964
6 1965 17.405 0 0 0 "BK" 1965
6 1966 17.235 0 0 0 "BK" 1966
6 1967 16.3633333333333 0 0 0 "BK" 1967
6 1968 17.2966666666667 0 0 0 "BK" 1968
6 1969 15.8866666666667 0 0 0 "BK" 1969
6 1970 17.7933333333333 0 0 0 "BK" 1970
6 1971 17.3633333333333 0 0 0 "BK" 1971
6 1972 19.2816666666667 0 0 0 "BK" 1972
6 1973 17.6933333333333 0 0 0 "BK" 1973
6 1974 16.1466666666667 0 0 0 "BK" 1974
6 1975 16.3716666666667 0 0 0 "BK" 1975
6 1976 15.7783333333333 0 0 0 "BK" 1976
6 1977 17.3783333333333 0 0 0 "BK" 1977
6 1978 17.1 0 0 0 "BK" 1978
6 1979 18.905 0 0 0 "BK" 1979
6 1980 17.27 0 0 0 "BK" 1980
6 1981 18.0733333333333 0 0 0 "BK" 1981
6 1982 19.22 0 0 0 "BK" 1982
6 1983 16.575 0 0 0 "BK" 1983
6 1984 16.0933333333333 0 0 0 "BK" 1984
6 1985 16.495 0 0 0 "BK" 1985
6 1986 16.6816666666667 0 0 0 "BK" 1986
6 1987 17.6183333333333 0 0 0 "BK" 1987
6 1988 17.0716666666667 0 0 0 "BK" 1988
6 1989 15.2133333333333 0 0 0 "BK" 1989
6 1990 17.8833333333333 0 0 0 "BK" 1990
6 1991 18.6716666666667 0 0 0 "BK" 1991
6 1992 17.5083333333333 0 0 0 "BK" 1992
6 1993 18.3416666666667 0 0 0 "BK" 1993
6 1994 18.13 0 0 0 "BK" 1994
6 1995 16.93 0 0 0 "BK" 1995
6 1996 18.6666666666667 0 0 0 "BK" 1996
6 1997 19.3666666666667 0 0 0 "BK" 1997
6 1998 19.1933333333333 0 0 0 "BK" 1998
6 1999 19.0483333333333 0 0 0 "BK" 1999
6 2000 19.7083333333333 0 0 0 "BK" 2000
6 2001 16.7616666666667 0 0 0 "BK" 2001
6 2002 19.4183333333333 0 0 0 "BK" 2002
6 2003 21.215 0 0 0 "BK" 2003
6 2004 18.21 0 0 0 "BK" 2004
6 2005 17.0933333333333 0 0 0 "BK" 2005
6 2006 17.895 0 0 0 "BK" 2006
6 2007 20.715 0 0 0 "BK" 2007
6 2008 19.8333333333333 0 0 0 "BK" 2008
6 2009 18.5066666666667 0 0 0 "BK" 2009
6 2010 18.6683333333333 0 0 0 "BK" 2010
6 2011 19.3133333333333 0 0 0 "BK" 2011
6 2012 21.79 0 0 0 "BK" 2012
6 2013 18.6283333333333 0 0 0 "BK" 2013
6 2014 18.0883333333333 0 0 0 "BK" 2014
6 2015 18.2583333333333 0 0 0 "BK" 2015
6 2016 20.2883333333333 0 0 0 "BK" 2016
6 2017 20.895 0 0 0 "BK" 2017
6 2018 18.5466666666667 0 0 0 "BK" 2018
7 1901 19.2225806451613 0 0 0 "BK" 1901
7 1902 19.1725806451613 0 0 0 "BK" 1902
7 1903 17.9870967741935 0 0 0 "BK" 1903
7 1904 19.8451612903226 0 0 0 "BK" 1904
7 1905 20.1887096774194 0 0 0 "BK" 1905
7 1906 19.6741935483871 0 0 0 "BK" 1906
7 1907 18.6241935483871 0 0 0 "BK" 1907
7 1908 18.9548387096774 0 0 0 "BK" 1908
7 1909 18.8741935483871 0 0 0 "BK" 1909
7 1910 17.9016129032258 0 0 0 "BK" 1910
7 1911 18.7306451612903 0 0 0 "BK" 1911
7 1912 19.1112903225806 0 0 0 "BK" 1912
7 1913 16.2741935483871 0 0 0 "BK" 1913
7 1914 17.5596774193548 0 0 0 "BK" 1914
7 1915 19.1096774193548 0 0 0 "BK" 1915
7 1916 19.7870967741935 0 0 0 "BK" 1916
7 1917 19.0112903225806 0 0 0 "BK" 1917
7 1918 18.558064516129 0 0 0 "BK" 1918
7 1919 17.1112903225806 0 0 0 "BK" 1919
7 1920 18.9725806451613 0 0 0 "BK" 1920
7 1921 19.3161290322581 0 0 0 "BK" 1921
7 1922 20.0822580645161 0 0 0 "BK" 1922
7 1923 18.85 0 0 0 "BK" 1923
7 1924 18.8483870967742 0 0 0 "BK" 1924
7 1925 18.8935483870968 0 0 0 "BK" 1925
7 1926 17.7564516129032 0 0 0 "BK" 1926
7 1927 22.2209677419355 0 0 0 "BK" 1927
7 1928 22.9645161290323 0 0 0 "BK" 1928
7 1929 19.858064516129 0 0 0 "BK" 1929
7 1930 19.2806451612903 0 0 0 "BK" 1930
7 1931 21.5129032258065 0 0 0 "BK" 1931
7 1932 20.6112903225806 0 0 0 "BK" 1932
7 1933 18.6903225806452 0 0 0 "BK" 1933
7 1934 19.7516129032258 0 0 0 "BK" 1934
7 1936 21.6209677419355 0 0 0 "BK" 1936
7 1937 19.0951612903226 0 0 0 "BK" 1937
7 1938 20.091935483871 0 0 0 "BK" 1938
7 1939 20.8564516129032 0 0 0 "BK" 1939
7 1940 19.1661290322581 0 0 0 "BK" 1940
7 1941 18.6370967741935 0 0 0 "BK" 1941
7 1942 19.3596774193548 0 0 0 "BK" 1942
7 1943 19.5854838709677 0 0 0 "BK" 1943
7 1944 19.3612903225806 0 0 0 "BK" 1944
7 1945 21.6693548387097 0 0 0 "BK" 1945
7 1946 22.1725806451613 0 0 0 "BK" 1946
7 1947 20.1887096774194 0 0 0 "BK" 1947
7 1948 18.1633333333333 0 0 0 "BK" 1948
7 1949 18.0241935483871 0 0 0 "BK" 1949
7 1950 22.6806451612903 0 0 0 "BK" 1950
7 1951 19.1145161290323 0 0 0 "BK" 1951
7 1952 21.0645161290323 0 0 0 "BK" 1952
7 1953 21.2016129032258 0 0 0 "BK" 1953
7 1954 19.0435483870968 0 0 0 "BK" 1954
7 1955 18.6435483870968 0 0 0 "BK" 1955
7 1956 19.5564516129032 0 0 0 "BK" 1956
7 1957 19.5935483870968 0 0 0 "BK" 1957
7 1958 20.0629032258065 0 0 0 "BK" 1958
7 1959 19.2177419354839 0 0 0 "BK" 1959
7 1960 17.2 0 0 0 "BK" 1960
7 1961 18.3903225806452 0 0 0 "BK" 1961
7 1962 19.0564516129032 0 0 0 "BK" 1962
7 1963 19.8951612903226 0 0 0 "BK" 1963
7 1964 18.0048387096774 0 0 0 "BK" 1964
7 1965 20.291935483871 0 0 0 "BK" 1965
7 1966 18.8661290322581 0 0 0 "BK" 1966
7 1967 19.7677419354839 0 0 0 "BK" 1967
7 1968 18.7467741935484 0 0 0 "BK" 1968
7 1969 17.6903225806452 0 0 0 "BK" 1969
7 1970 18.2274193548387 0 0 0 "BK" 1970
7 1971 18.8177419354839 0 0 0 "BK" 1971
7 1972 19.0241935483871 0 0 0 "BK" 1972
7 1973 19.4129032258065 0 0 0 "BK" 1973
7 1974 18.3306451612903 0 0 0 "BK" 1974
7 1975 19.1354838709677 0 0 0 "BK" 1975
7 1976 18.5403225806452 0 0 0 "BK" 1976
7 1977 19.5774193548387 0 0 0 "BK" 1977
7 1978 18.1951612903226 0 0 0 "BK" 1978
7 1979 17.9548387096774 0 0 0 "BK" 1979
7 1980 18.8532258064516 0 0 0 "BK" 1980
7 1981 18.0258064516129 0 0 0 "BK" 1981
7 1982 19.5306451612903 0 0 0 "BK" 1982
7 1983 19.6951612903226 0 0 0 "BK" 1983
7 1984 17.8983870967742 0 0 0 "BK" 1984
7 1985 20.1241935483871 0 0 0 "BK" 1985
7 1986 17.3403225806452 0 0 0 "BK" 1986
7 1987 22.6774193548387 0 0 0 "BK" 1987
7 1988 22.5822580645161 0 0 0 "BK" 1988
7 1989 19.1387096774194 0 0 0 "BK" 1989
7 1990 20.0209677419355 0 0 0 "BK" 1990
7 1991 19.8983870967742 0 0 0 "BK" 1991
7 1992 19.7129032258065 0 0 0 "BK" 1992
7 1993 20.0564516129032 0 0 0 "BK" 1993
7 1994 20.9161290322581 0 0 0 "BK" 1994
7 1995 21.0758064516129 0 0 0 "BK" 1995
7 1996 19.1887096774194 0 0 0 "BK" 1996
7 1997 19.0903225806452 0 0 0 "BK" 1997
7 1998 21.4209677419355 0 0 0 "BK" 1998
7 1999 19.7725806451613 0 0 0 "BK" 1999
7 2000 20.5322580645161 0 0 0 "BK" 2000
7 2001 20.5548387096774 0 0 0 "BK" 2001
7 2002 20.9225806451613 0 0 0 "BK" 2002
7 2003 21.141935483871 0 0 0 "BK" 2003
7 2004 20.6225806451613 0 0 0 "BK" 2004
7 2005 20.5822580645161 0 0 0 "BK" 2005
7 2006 20.45 0 0 0 "BK" 2006
7 2007 22.608064516129 0 0 0 "BK" 2007
7 2008 21.1403225806452 0 0 0 "BK" 2008
7 2009 21.4483870967742 0 0 0 "BK" 2009
7 2010 21.4709677419355 0 0 0 "BK" 2010
7 2011 21.2016129032258 0 0 0 "BK" 2011
7 2012 24.0064516129032 0 0 0 "BK" 2012
7 2013 20.8370967741935 0 0 0 "BK" 2013
7 2014 20.258064516129 0 0 0 "BK" 2014
7 2015 23.5951612903226 0 0 0 "BK" 2015
7 2016 21.9338709677419 0 0 0 "BK" 2016
7 2017 22.0758064516129 0 0 0 "BK" 2017
7 2018 20.7048387096774 0 0 0 "BK" 2018
8 1901 17.7370967741935 0 0 0 "BK" 1901
8 1902 19.8467741935484 0 0 0 "BK" 1902
8 1903 19.3951612903226 0 0 0 "BK" 1903
8 1904 19.3193548387097 0 0 0 "BK" 1904
8 1905 20.691935483871 0 0 0 "BK" 1905
8 1906 18.141935483871 0 0 0 "BK" 1906
8 1907 19.8193548387097 0 0 0 "BK" 1907
8 1908 19.208064516129 0 0 0 "BK" 1908
8 1909 19.3354838709677 0 0 0 "BK" 1909
8 1910 18.9774193548387 0 0 0 "BK" 1910
8 1911 19.4629032258064 0 0 0 "BK" 1911
8 1912 18.1161290322581 0 0 0 "BK" 1912
8 1913 16.2822580645161 0 0 0 "BK" 1913
8 1914 18.6290322580645 0 0 0 "BK" 1914
8 1915 16.8274193548387 0 0 0 "BK" 1915
8 1916 17.2290322580645 0 0 0 "BK" 1916
8 1917 20.9709677419355 0 0 0 "BK" 1917
8 1918 17.8403225806452 0 0 0 "BK" 1918
8 1919 18.3693548387097 0 0 0 "BK" 1919
8 1920 18.7258064516129 0 0 0 "BK" 1920
8 1921 19.7935483870968 0 0 0 "BK" 1921
8 1922 21.3370967741935 0 0 0 "BK" 1922
8 1923 20.5 0 0 0 "BK" 1923
8 1924 17.7822580645161 0 0 0 "BK" 1924
8 1925 18.8725806451613 0 0 0 "BK" 1925
8 1926 17.2629032258065 0 0 0 "BK" 1926
8 1927 20.7709677419355 0 0 0 "BK" 1927
8 1928 22.4354838709677 0 0 0 "BK" 1928
8 1929 20.8870967741935 0 0 0 "BK" 1929
8 1930 18.5161290322581 0 0 0 "BK" 1930
8 1931 21.1048387096774 0 0 0 "BK" 1931
8 1932 20.3806451612903 0 0 0 "BK" 1932
8 1933 18.0032258064516 0 0 0 "BK" 1933
8 1934 20.841935483871 0 0 0 "BK" 1934
8 1935 18.3322580645161 0 0 0 "BK" 1935
8 1936 18.091935483871 0 0 0 "BK" 1936
8 1937 18.0532258064516 0 0 0 "BK" 1937
8 1938 18.7916666666667 0 0 0 "BK" 1938
8 1940 15.9951612903226 0 0 0 "BK" 1940
8 1941 19.25 0 0 0 "BK" 1941
8 1942 19.3306451612903 0 0 0 "BK" 1942
8 1943 21.2209677419355 0 0 0 "BK" 1943
8 1944 19.9983870967742 0 0 0 "BK" 1944
8 1945 21.1209677419355 0 0 0 "BK" 1945
8 1946 23.4387096774194 0 0 0 "BK" 1946
8 1947 18.9322580645161 0 0 0 "BK" 1947
8 1948 20.058064516129 0 0 0 "BK" 1948
8 1949 17.4935483870968 0 0 0 "BK" 1949
8 1950 22.3129032258065 0 0 0 "BK" 1950
8 1951 21.1758064516129 0 0 0 "BK" 1951
8 1952 23.4241935483871 0 0 0 "BK" 1952
8 1953 18.5403225806452 0 0 0 "BK" 1953
8 1954 20.05 0 0 0 "BK" 1954
8 1955 17.3483870967742 0 0 0 "BK" 1955
8 1956 21.3225806451613 0 0 0 "BK" 1956
8 1957 19.0806451612903 0 0 0 "BK" 1957
8 1958 20.2983870967742 0 0 0 "BK" 1958
8 1959 18.0016129032258 0 0 0 "BK" 1959
8 1960 19.991935483871 0 0 0 "BK" 1960
8 1961 18.8532258064516 0 0 0 "BK" 1961
8 1962 21.3145161290323 0 0 0 "BK" 1962
8 1963 20.4661290322581 0 0 0 "BK" 1963
8 1964 17.9967741935484 0 0 0 "BK" 1964
8 1965 17.9951612903226 0 0 0 "BK" 1965
8 1966 19.2032258064516 0 0 0 "BK" 1966
8 1967 20.1741935483871 0 0 0 "BK" 1967
8 1968 17.2935483870968 0 0 0 "BK" 1968
8 1969 17.9548387096774 0 0 0 "BK" 1969
8 1970 19.3693548387097 0 0 0 "BK" 1970
8 1971 21.5854838709677 0 0 0 "BK" 1971
8 1972 17.4241935483871 0 0 0 "BK" 1972
8 1973 18.7822580645161 0 0 0 "BK" 1973
8 1974 19.9016129032258 0 0 0 "BK" 1974
8 1975 17.5306451612903 0 0 0 "BK" 1975
8 1976 15.6887096774194 0 0 0 "BK" 1976
8 1977 18.9064516129032 0 0 0 "BK" 1977
8 1978 17.9693548387097 0 0 0 "BK" 1978
8 1979 18.2145161290323 0 0 0 "BK" 1979
8 1980 19.791935483871 0 0 0 "BK" 1980
8 1981 19.2806451612903 0 0 0 "BK" 1981
8 1982 20.2661290322581 0 0 0 "BK" 1982
8 1983 19.0112903225806 0 0 0 "BK" 1983
8 1984 17.9741935483871 0 0 0 "BK" 1984
8 1985 20.641935483871 0 0 0 "BK" 1985
8 1986 20.6693548387097 0 0 0 "BK" 1986
8 1987 19.2774193548387 0 0 0 "BK" 1987
8 1988 21.2435483870968 0 0 0 "BK" 1988
8 1989 19.0112903225806 0 0 0 "BK" 1989
8 1990 19.908064516129 0 0 0 "BK" 1990
8 1991 19.0274193548387 0 0 0 "BK" 1991
8 1992 23.6903225806452 0 0 0 "BK" 1992
8 1993 20.9870967741935 0 0 0 "BK" 1993
8 1994 21.9596774193548 0 0 0 "BK" 1994
8 1995 18.0612903225806 0 0 0 "BK" 1995
8 1996 19.7564516129032 0 0 0 "BK" 1996
8 1997 18.3548387096774 0 0 0 "BK" 1997
8 1998 20.9193548387097 0 0 0 "BK" 1998
8 1999 20.6370967741935 0 0 0 "BK" 1999
8 2000 22.1096774193548 0 0 0 "BK" 2000
8 2001 21.4983870967742 0 0 0 "BK" 2001
8 2002 19.6661290322581 0 0 0 "BK" 2002
8 2003 23.1322580645161 0 0 0 "BK" 2003
8 2004 20.0677419354839 0 0 0 "BK" 2004
8 2005 18.7370967741935 0 0 0 "BK" 2005
8 2006 19.1322580645161 0 0 0 "BK" 2006
8 2007 22.4661290322581 0 0 0 "BK" 2007
8 2008 21.7887096774194 0 0 0 "BK" 2008
8 2009 21.5112903225806 0 0 0 "BK" 2009
8 2010 22.5838709677419 0 0 0 "BK" 2010
8 2011 22.6274193548387 0 0 0 "BK" 2011
8 2012 23.6935483870968 0 0 0 "BK" 2012
8 2013 22.641935483871 0 0 0 "BK" 2013
8 2014 20.9516129032258 0 0 0 "BK" 2014
8 2015 22.891935483871 0 0 0 "BK" 2015
8 2016 19.6048387096774 0 0 0 "BK" 2016
8 2017 23.3145161290323 0 0 0 "BK" 2017
8 2018 21.8629032258065 0 0 0 "BK" 2018
9 1901 16.1466666666667 0 0 0 "BK" 1901
9 1902 16.515 0 0 0 "BK" 1902
9 1903 16.77 0 0 0 "BK" 1903
9 1904 14.1266666666667 0 0 0 "BK" 1904
9 1905 18.5316666666667 0 0 0 "BK" 1905
9 1906 13.3633333333333 0 0 0 "BK" 1906
9 1907 16.0266666666667 0 0 0 "BK" 1907
9 1908 14.955 0 0 0 "BK" 1908
9 1909 15.4533333333333 0 0 0 "BK" 1909
9 1910 13.42 0 0 0 "BK" 1910
9 1911 15.3383333333333 0 0 0 "BK" 1911
9 1912 11.2633333333333 0 0 0 "BK" 1912
9 1913 15.85 0 0 0 "BK" 1913
9 1914 13.9183333333333 0 0 0 "BK" 1914
9 1915 12.595 0 0 0 "BK" 1915
9 1916 13.645 0 0 0 "BK" 1916
9 1917 17.0233333333333 0 0 0 "BK" 1917
9 1918 18.135 0 0 0 "BK" 1918
9 1919 16.47 0 0 0 "BK" 1919
9 1920 14.855 0 0 0 "BK" 1920
9 1921 14.5533333333333 0 0 0 "BK" 1921
9 1922 15.3366666666667 0 0 0 "BK" 1922
9 1923 16.62 0 0 0 "BK" 1923
9 1924 17.59 0 0 0 "BK" 1924
9 1925 14.3816666666667 0 0 0 "BK" 1925
9 1926 17.1983333333333 0 0 0 "BK" 1926
9 1927 17.83 0 0 0 "BK" 1927
9 1928 17.7733333333333 0 0 0 "BK" 1928
9 1929 15.1933333333333 0 0 0 "BK" 1929
9 1930 17.395 0 0 0 "BK" 1930
9 1931 11.3016666666667 0 0 0 "BK" 1931
9 1932 19.7633333333333 0 0 0 "BK" 1932
9 1933 15.1433333333333 0 0 0 "BK" 1933
9 1934 16.33 0 0 0 "BK" 1934
9 1935 14.7766666666667 0 0 0 "BK" 1935
9 1936 15.9533333333333 0 0 0 "BK" 1936
9 1937 16.16 0 0 0 "BK" 1937
9 1938 14.78 0 0 0 "BK" 1938
9 1939 17 0 0 0 "BK" 1939
9 1940 15.8833333333333 0 0 0 "BK" 1940
9 1941 12.1516666666667 0 0 0 "BK" 1941
9 1942 19.4016666666667 0 0 0 "BK" 1942
9 1943 19.61 0 0 0 "BK" 1943
9 1944 15.6033333333333 0 0 0 "BK" 1944
9 1945 15.8833333333333 0 0 0 "BK" 1945
9 1946 20.2216666666667 0 0 0 "BK" 1946
9 1947 17.4383333333333 0 0 0 "BK" 1947
9 1948 16.1133333333333 0 0 0 "BK" 1948
9 1949 15.9883333333333 0 0 0 "BK" 1949
9 1950 17.825 0 0 0 "BK" 1950
9 1951 17.9633333333333 0 0 0 "BK" 1951
9 1952 16.6866666666667 0 0 0 "BK" 1952
9 1953 17.2833333333333 0 0 0 "BK" 1953
9 1954 18.16 0 0 0 "BK" 1954
9 1955 14.6116666666667 0 0 0 "BK" 1955
9 1956 17.745 0 0 0 "BK" 1956
9 1957 15.2033333333333 0 0 0 "BK" 1957
9 1958 15.2016666666667 0 0 0 "BK" 1958
9 1959 13.7066666666667 0 0 0 "BK" 1959
9 1960 15.0616666666667 0 0 0 "BK" 1960
9 1961 17.0266666666667 0 0 0 "BK" 1961
9 1962 16.0416666666667 0 0 0 "BK" 1962
9 1963 16.8716666666667 0 0 0 "BK" 1963
9 1964 14.07 0 0 0 "BK" 1964
9 1965 16.3366666666667 0 0 0 "BK" 1965
9 1966 16.01 0 0 0 "BK" 1966
9 1967 17.2716666666667 0 0 0 "BK" 1967
9 1968 15.045 0 0 0 "BK" 1968
9 1969 16.4466666666667 0 0 0 "BK" 1969
9 1970 15.6216666666667 0 0 0 "BK" 1970
9 1971 12.3883333333333 0 0 0 "BK" 1971
9 1972 12.645 0 0 0 "BK" 1972
9 1973 16.9866666666667 0 0 0 "BK" 1973
9 1974 16.735 0 0 0 "BK" 1974
9 1975 17.815 0 0 0 "BK" 1975
9 1976 14.0816666666667 0 0 0 "BK" 1976
9 1977 13.6116666666667 0 0 0 "BK" 1977
9 1978 13.4866666666667 0 0 0 "BK" 1978
9 1979 15.54 0 0 0 "BK" 1979
9 1980 16.3233333333333 0 0 0 "BK" 1980
9 1981 16.5866666666667 0 0 0 "BK" 1981
9 1982 19.5716666666667 0 0 0 "BK" 1982
9 1983 15.2716666666667 0 0 0 "BK" 1983
9 1984 15.7366666666667 0 0 0 "BK" 1984
9 1985 15.94 0 0 0 "BK" 1985
9 1986 15.8416666666667 0 0 0 "BK" 1986
9 1987 20.1033333333333 0 0 0 "BK" 1987
9 1988 15.3966666666667 0 0 0 "BK" 1988
9 1989 16.0466666666667 0 0 0 "BK" 1989
9 1990 14.5866666666667 0 0 0 "BK" 1990
9 1991 17.1683333333333 0 0 0 "BK" 1991
9 1992 16.9533333333333 0 0 0 "BK" 1992
9 1993 16.595 0 0 0 "BK" 1993
9 1994 19.4083333333333 0 0 0 "BK" 1994
9 1995 14.46 0 0 0 "BK" 1995
9 1996 12.1266666666667 0 0 0 "BK" 1996
9 1997 15.5033333333333 0 0 0 "BK" 1997
9 1998 15.2933333333333 0 0 0 "BK" 1998
9 1999 17.2466666666667 0 0 0 "BK" 1999
9 2000 15.795 0 0 0 "BK" 2000
9 2001 13.6716666666667 0 0 0 "BK" 2001
9 2002 14.2283333333333 0 0 0 "BK" 2002
9 2003 15.0916666666667 0 0 0 "BK" 2003
9 2004 15.735 0 0 0 "BK" 2004
9 2005 16.025 0 0 0 "BK" 2005
9 2006 16.765 0 0 0 "BK" 2006
9 2007 14.2616666666667 0 0 0 "BK" 2007
9 2008 14.8633333333333 0 0 0 "BK" 2008
9 2009 17.7816666666667 0 0 0 "BK" 2009
9 2010 15.9366666666667 0 0 0 "BK" 2010
9 2011 20.3466666666667 0 0 0 "BK" 2011
9 2012 19.185 0 0 0 "BK" 2012
9 2013 16.3783333333333 0 0 0 "BK" 2013
9 2014 15.9183333333333 0 0 0 "BK" 2014
9 2015 18.5233333333333 0 0 0 "BK" 2015
9 2016 16.665 0 0 0 "BK" 2016
9 2017 16.3266666666667 0 0 0 "BK" 2017
9 2018 17.5616666666667 0 0 0 "BK" 2018
10 1901 10.9516129032258 0 0 0 "BK" 1901
10 1902 11.1112903225806 0 0 0 "BK" 1902
10 1903 11.5258064516129 0 0 0 "BK" 1903
10 1904 11.1661290322581 0 0 0 "BK" 1904
10 1905 5.87741935483871 0 0 0 "BK" 1905
10 1906 10.4790322580645 0 0 0 "BK" 1906
10 1907 15.7564516129032 0 0 0 "BK" 1907
10 1908 10.6274193548387 0 0 0 "BK" 1908
10 1909 11.1661290322581 0 0 0 "BK" 1909
10 1910 10.9693548387097 0 0 0 "BK" 1910
10 1911 12.4290322580645 0 0 0 "BK" 1911
10 1912 9.03870967741936 0 0 0 "BK" 1912
10 1913 11.105 0 0 0 "BK" 1913
10 1914 8.77258064516129 0 0 0 "BK" 1914
10 1915 9.11290322580645 0 0 0 "BK" 1915
10 1916 10.041935483871 0 0 0 "BK" 1916
10 1917 12.6177419354839 0 0 0 "BK" 1917
10 1918 10.05 0 0 0 "BK" 1918
10 1919 8.92741935483871 0 0 0 "BK" 1919
10 1920 7.88225806451613 0 0 0 "BK" 1920
10 1921 10.9612903225806 0 0 0 "BK" 1921
10 1922 9.25483870967742 0 0 0 "BK" 1922
10 1923 13.5306451612903 0 0 0 "BK" 1923
10 1924 10.7822580645161 0 0 0 "BK" 1924
10 1925 10.4451612903226 0 0 0 "BK" 1925
10 1926 13.1967741935484 0 0 0 "BK" 1926
10 1927 10.7290322580645 0 0 0 "BK" 1927
10 1928 10.7983870967742 0 0 0 "BK" 1928
10 1929 11.5354838709677 0 0 0 "BK" 1929
10 1930 11.0048387096774 0 0 0 "BK" 1930
10 1931 9.45645161290323 0 0 0 "BK" 1931
10 1932 13.7935483870968 0 0 0 "BK" 1932
10 1933 11.9661290322581 0 0 0 "BK" 1933
10 1934 10.4274193548387 0 0 0 "BK" 1934
10 1935 14.2758064516129 0 0 0 "BK" 1935
10 1936 6.36290322580645 0 0 0 "BK" 1936
10 1938 11.6822580645161 0 0 0 "BK" 1938
10 1940 12.2435483870968 0 0 0 "BK" 1940
10 1941 8.84516129032258 0 0 0 "BK" 1941
10 1942 11.0758064516129 0 0 0 "BK" 1942
10 1943 13.4129032258065 0 0 0 "BK" 1943
10 1944 12.1548387096774 0 0 0 "BK" 1944
10 1945 9.75967741935484 0 0 0 "BK" 1945
10 1946 7.61612903225806 0 0 0 "BK" 1946
10 1947 9.27903225806452 0 0 0 "BK" 1947
10 1948 12.3048387096774 0 0 0 "BK" 1948
10 1949 11.7451612903226 0 0 0 "BK" 1949
10 1950 9.9758064516129 0 0 0 "BK" 1950
10 1951 8.94193548387097 0 0 0 "BK" 1951
10 1952 10.7032258064516 0 0 0 "BK" 1952
10 1953 13.2145161290323 0 0 0 "BK" 1953
10 1954 9.55645161290323 0 0 0 "BK" 1954
10 1955 11.2596774193548 0 0 0 "BK" 1955
10 1956 10.5983870967742 0 0 0 "BK" 1956
10 1957 10.3983870967742 0 0 0 "BK" 1957
10 1958 10.7403225806452 0 0 0 "BK" 1958
10 1959 8.94677419354839 0 0 0 "BK" 1959
10 1960 14.1774193548387 0 0 0 "BK" 1960
10 1961 12.4645161290323 0 0 0 "BK" 1961
10 1962 10.7516129032258 0 0 0 "BK" 1962
10 1963 9.95806451612903 0 0 0 "BK" 1963
10 1964 11.6645161290323 0 0 0 "BK" 1964
10 1965 10.0725806451613 0 0 0 "BK" 1965
10 1966 14.8483870967742 0 0 0 "BK" 1966
10 1967 12.7096774193548 0 0 0 "BK" 1967
10 1968 11.0741935483871 0 0 0 "BK" 1968
10 1969 9.73225806451613 0 0 0 "BK" 1969
10 1970 9.52741935483871 0 0 0 "BK" 1970
10 1971 8.93870967741936 0 0 0 "BK" 1971
10 1972 7.74838709677419 0 0 0 "BK" 1972
10 1973 9.93387096774194 0 0 0 "BK" 1973
10 1974 7.53064516129032 0 0 0 "BK" 1974
10 1975 10.3177419354839 0 0 0 "BK" 1975
10 1976 12.9548387096774 0 0 0 "BK" 1976
10 1977 11.8967741935484 0 0 0 "BK" 1977
10 1978 9.94354838709677 0 0 0 "BK" 1978
10 1979 10.7241935483871 0 0 0 "BK" 1979
10 1980 11.9209677419355 0 0 0 "BK" 1980
10 1981 13.2467741935484 0 0 0 "BK" 1981
10 1982 12.3725806451613 0 0 0 "BK" 1982
10 1983 10.6854838709677 0 0 0 "BK" 1983
10 1984 12.8709677419355 0 0 0 "BK" 1984
10 1985 9.91774193548387 0 0 0 "BK" 1985
10 1986 11.1806451612903 0 0 0 "BK" 1986
10 1987 12.7209677419355 0 0 0 "BK" 1987
10 1988 11.3112903225806 0 0 0 "BK" 1988
10 1989 10.1177419354839 0 0 0 "BK" 1989
10 1990 13.2483870967742 0 0 0 "BK" 1990
10 1991 10.1016129032258 0 0 0 "BK" 1991
10 1992 12.4322580645161 0 0 0 "BK" 1992
10 1993 14.1967741935484 0 0 0 "BK" 1993
10 1994 10.5306451612903 0 0 0 "BK" 1994
10 1995 11.2483870967742 0 0 0 "BK" 1995
10 1996 10.5806451612903 0 0 0 "BK" 1996
10 1997 8.25322580645161 0 0 0 "BK" 1997
10 1998 12.2387096774194 0 0 0 "BK" 1998
10 1999 11.908064516129 0 0 0 "BK" 1999
10 2000 13.4548387096774 0 0 0 "BK" 2000
10 2001 13.3709677419355 0 0 0 "BK" 2001
10 2002 11.7887096774194 0 0 0 "BK" 2002
10 2003 9.85806451612903 0 0 0 "BK" 2003
10 2004 14.5112903225806 0 0 0 "BK" 2004
10 2005 11.8 0 0 0 "BK" 2005
10 2006 13.3096774193548 0 0 0 "BK" 2006
10 2007 9.70645161290323 0 0 0 "BK" 2007
10 2008 12.9161290322581 0 0 0 "BK" 2008
10 2009 10.0225806451613 0 0 0 "BK" 2009
10 2010 9.6241935483871 0 0 0 "BK" 2010
10 2011 10.0629032258065 0 0 0 "BK" 2011
10 2012 13.1064516129032 0 0 0 "BK" 2012
10 2013 14.1048387096774 0 0 0 "BK" 2013
10 2014 12.9241935483871 0 0 0 "BK" 2014
10 2015 11.991935483871 0 0 0 "BK" 2015
10 2016 10.5693548387097 0 0 0 "BK" 2016
10 2017 11.5048387096774 0 0 0 "BK" 2017
10 2018 14.0306451612903 0 0 0 "BK" 2018
11 1901 2.75166666666667 0 0 0 "BK" 1901
11 1902 2.125 0 0 0 "BK" 1902
11 1903 5.61833333333333 0 0 0 "BK" 1903
11 1904 2.16833333333333 0 0 0 "BK" 1904
11 1905 9.345 0 0 0 "BK" 1905
11 1906 7.13833333333333 0 0 0 "BK" 1906
11 1907 4.36833333333333 0 0 0 "BK" 1907
11 1908 -0.15 0 0 0 "BK" 1908
11 1909 2.08666666666667 0 0 0 "BK" 1909
11 1910 5.14833333333333 0 0 0 "BK" 1910
11 1911 8.70166666666667 0 0 0 "BK" 1911
11 1912 -0.735 0 0 0 "BK" 1912
11 1913 7.535 0 0 0 "BK" 1913
11 1914 3.845 0 0 0 "BK" 1914
11 1915 3.975 0 0 0 "BK" 1915
11 1916 7.755 0 0 0 "BK" 1916
11 1917 4.41 0 0 0 "BK" 1917
11 1918 3.46833333333333 0 0 0 "BK" 1918
11 1919 6.02833333333333 0 0 0 "BK" 1919
11 1920 0.67 0 0 0 "BK" 1920
11 1921 2.90833333333333 0 0 0 "BK" 1921
11 1922 0.88 0 0 0 "BK" 1922
11 1923 10.5416666666667 0 0 0 "BK" 1923
11 1924 2.275 0 0 0 "BK" 1924
11 1925 6.37 0 0 0 "BK" 1925
11 1926 12.6483333333333 0 0 0 "BK" 1926
11 1927 8.46666666666667 0 0 0 "BK" 1927
11 1928 7.4 0 0 0 "BK" 1928
11 1929 8.2 0 0 0 "BK" 1929
11 1930 8.08333333333333 0 0 0 "BK" 1930
11 1931 6.04666666666667 0 0 0 "BK" 1931
11 1932 6.04333333333333 0 0 0 "BK" 1932
11 1933 7.67833333333333 0 0 0 "BK" 1933
11 1934 7.52666666666667 0 0 0 "BK" 1934
11 1935 6.76833333333333 0 0 0 "BK" 1935
11 1936 4.135 0 0 0 "BK" 1936
11 1938 5.08833333333333 0 0 0 "BK" 1938
11 1939 6.565 0 0 0 "BK" 1939
11 1940 8.32833333333333 0 0 0 "BK" 1940
11 1941 4.055 0 0 0 "BK" 1941
11 1942 2.875 0 0 0 "BK" 1942
11 1943 4.65666666666667 0 0 0 "BK" 1943
11 1944 5.40166666666667 0 0 0 "BK" 1944
11 1945 4.97 0 0 0 "BK" 1945
11 1946 6.84333333333333 0 0 0 "BK" 1946
11 1947 6.90333333333333 0 0 0 "BK" 1947
11 1948 5.11166666666667 0 0 0 "BK" 1948
11 1949 8.465 0 0 0 "BK" 1949
11 1950 6.75 0 0 0 "BK" 1950
11 1951 9.00833333333333 0 0 0 "BK" 1951
11 1952 5.07166666666667 0 0 0 "BK" 1952
11 1953 4.01333333333333 0 0 0 "BK" 1953
11 1954 4.79 0 0 0 "BK" 1954
11 1955 3.72 0 0 0 "BK" 1955
11 1956 3.27333333333333 0 0 0 "BK" 1956
11 1957 5.54 0 0 0 "BK" 1957
11 1958 6.99166666666667 0 0 0 "BK" 1958
11 1959 6.13333333333333 0 0 0 "BK" 1959
11 1960 8.55666666666667 0 0 0 "BK" 1960
11 1961 7.67166666666667 0 0 0 "BK" 1961
11 1962 6.385 0 0 0 "BK" 1962
11 1963 10.6533333333333 0 0 0 "BK" 1963
11 1964 6.35 0 0 0 "BK" 1964
11 1965 6.34666666666667 0 0 0 "BK" 1965
11 1966 5.33 0 0 0 "BK" 1966
11 1967 7.22666666666667 0 0 0 "BK" 1967
11 1968 7.215 0 0 0 "BK" 1968
11 1969 8.79333333333333 0 0 0 "BK" 1969
11 1970 6.78833333333333 0 0 0 "BK" 1970
11 1971 5.29 0 0 0 "BK" 1971
11 1972 6.03333333333333 0 0 0 "BK" 1972
11 1973 3.94 0 0 0 "BK" 1973
11 1974 5.13666666666667 0 0 0 "BK" 1974
11 1975 4.25 0 0 0 "BK" 1975
11 1976 5.825 0 0 0 "BK" 1976
11 1977 6.225 0 0 0 "BK" 1977
11 1978 1.49833333333333 0 0 0 "BK" 1978
11 1979 5.77833333333333 0 0 0 "BK" 1979
11 1980 6.465 0 0 0 "BK" 1980
11 1981 2.32666666666667 0 0 0 "BK" 1981
11 1982 4.54333333333333 0 0 0 "BK" 1982
11 1983 2.54 0 0 0 "BK" 1983
11 1984 7.03 0 0 0 "BK" 1984
11 1985 5.76833333333333 0 0 0 "BK" 1985
11 1986 5.00166666666667 0 0 0 "BK" 1986
11 1987 6.74833333333333 0 0 0 "BK" 1987
11 1988 0.46 0 0 0 "BK" 1988
11 1989 3.96 0 0 0 "BK" 1989
11 1990 7.93666666666667 0 0 0 "BK" 1990
11 1991 6.50166666666667 0 0 0 "BK" 1991
11 1992 7.73333333333333 0 0 0 "BK" 1992
11 1993 3.38166666666667 0 0 0 "BK" 1993
11 1994 7.41333333333333 0 0 0 "BK" 1994
11 1995 2.835 0 0 0 "BK" 1995
11 1996 8.21333333333333 0 0 0 "BK" 1996
11 1997 5.915 0 0 0 "BK" 1997
11 1998 2.825 0 0 0 "BK" 1998
11 1999 4.53 0 0 0 "BK" 1999
11 2000 10.845 0 0 0 "BK" 2000
11 2001 3.185 0 0 0 "BK" 2001
11 2002 10.0733333333333 0 0 0 "BK" 2002
11 2003 7.77 0 0 0 "BK" 2003
11 2004 4.73666666666667 0 0 0 "BK" 2004
11 2005 5.04833333333333 0 0 0 "BK" 2005
11 2006 5.785 0 0 0 "BK" 2006
11 2007 3.01666666666667 0 0 0 "BK" 2007
11 2008 7.86333333333333 0 0 0 "BK" 2008
11 2009 8.835 0 0 0 "BK" 2009
11 2010 10.47 0 0 0 "BK" 2010
11 2011 4.24666666666667 0 0 0 "BK" 2011
11 2012 9.60666666666667 0 0 0 "BK" 2012
11 2013 7.69 0 0 0 "BK" 2013
11 2014 9.35 0 0 0 "BK" 2014
11 2015 6.47166666666667 0 0 0 "BK" 2015
11 2016 6.52666666666667 0 0 0 "BK" 2016
11 2017 5.945 0 0 0 "BK" 2017
11 2018 8.32166666666667 0 0 0 "BK" 2018
12 1901 4.09032258064516 0 0 0 "BK" 1901
12 1902 -2.99193548387097 0 0 0 "BK" 1902
12 1903 4.38870967741935 0 0 0 "BK" 1903
12 1904 0.72741935483871 0 0 0 "BK" 1904
12 1905 1.15 0 0 0 "BK" 1905
12 1906 -0.670967741935484 0 0 0 "BK" 1906
12 1907 3.15483870967742 0 0 0 "BK" 1907
12 1908 -2.45645161290323 0 0 0 "BK" 1908
12 1909 4.99032258064516 0 0 0 "BK" 1909
12 1910 6.08225806451613 0 0 0 "BK" 1910
12 1911 2.61290322580645 0 0 0 "BK" 1911
12 1912 0.951612903225806 0 0 0 "BK" 1912
12 1913 -0.864516129032258 0 0 0 "BK" 1913
12 1914 3.82258064516129 0 0 0 "BK" 1914
12 1915 5.54193548387097 0 0 0 "BK" 1915
12 1916 6.12096774193548 0 0 0 "BK" 1916
12 1917 -1.40483870967742 0 0 0 "BK" 1917
12 1918 1.95967741935484 0 0 0 "BK" 1918
12 1920 3.91129032258065 0 0 0 "BK" 1920
12 1921 -1.7741935483871 0 0 0 "BK" 1921
12 1922 -0.109677419354839 0 0 0 "BK" 1922
12 1923 0.162903225806452 0 0 0 "BK" 1923
12 1924 -0.946774193548387 0 0 0 "BK" 1924
12 1925 -2.16290322580645 0 0 0 "BK" 1925
12 1926 -0.57258064516129 0 0 0 "BK" 1926
12 1927 -0.233870967741935 0 0 0 "BK" 1927
12 1928 -0.662903225806452 0 0 0 "BK" 1928
12 1929 2.26451612903226 0 0 0 "BK" 1929
12 1930 0.751612903225806 0 0 0 "BK" 1930
12 1931 -2.27903225806452 0 0 0 "BK" 1931
12 1932 1.3258064516129 0 0 0 "BK" 1932
12 1933 -1.98548387096774 0 0 0 "BK" 1933
12 1934 3.73870967741935 0 0 0 "BK" 1934
12 1935 2.76129032258065 0 0 0 "BK" 1935
12 1936 -0.491935483870968 0 0 0 "BK" 1936
12 1938 0.301612903225806 0 0 0 "BK" 1938
12 1941 -3.21129032258064 0 0 0 "BK" 1941
12 1942 2.22096774193548 0 0 0 "BK" 1942
12 1943 2.68387096774194 0 0 0 "BK" 1943
12 1944 0.840322580645161 0 0 0 "BK" 1944
12 1945 0.858064516129032 0 0 0 "BK" 1945
12 1946 -0.988709677419355 0 0 0 "BK" 1946
12 1947 1.53225806451613 0 0 0 "BK" 1947
12 1948 -2.34354838709677 0 0 0 "BK" 1948
12 1949 1.71774193548387 0 0 0 "BK" 1949
12 1950 5.75967741935484 0 0 0 "BK" 1950
12 1951 3.09516129032258 0 0 0 "BK" 1951
12 1952 1.58064516129032 0 0 0 "BK" 1952
12 1953 0.833870967741935 0 0 0 "BK" 1953
12 1954 2.47741935483871 0 0 0 "BK" 1954
12 1955 4.42096774193548 0 0 0 "BK" 1955
12 1956 -2.27258064516129 0 0 0 "BK" 1956
12 1957 -0.404838709677419 0 0 0 "BK" 1957
12 1958 5.41451612903226 0 0 0 "BK" 1958
12 1959 5.40967741935484 0 0 0 "BK" 1959
12 1960 4.48870967741935 0 0 0 "BK" 1960
12 1961 0.824193548387097 0 0 0 "BK" 1961
12 1962 -3.81290322580645 0 0 0 "BK" 1962
12 1963 -1.1741935483871 0 0 0 "BK" 1963
12 1964 1.4 0 0 0 "BK" 1964
12 1965 3.41129032258065 0 0 0 "BK" 1965
12 1966 0.385483870967742 0 0 0 "BK" 1966
12 1967 -1.39354838709677 0 0 0 "BK" 1967
12 1968 -2.66774193548387 0 0 0 "BK" 1968
12 1969 -3.55967741935484 0 0 0 "BK" 1969
12 1970 0.212903225806452 0 0 0 "BK" 1970
12 1971 0.259677419354839 0 0 0 "BK" 1971
12 1972 -0.214516129032258 0 0 0 "BK" 1972
12 1973 0.362903225806452 0 0 0 "BK" 1973
12 1974 -0.00161290322580651 0 0 0 "BK" 1974
12 1975 0.962903225806452 0 0 0 "BK" 1975
12 1976 1.37903225806452 0 0 0 "BK" 1976
12 1977 -1.90161290322581 0 0 0 "BK" 1977
12 1978 2.09516129032258 0 0 0 "BK" 1978
12 1979 4.80967741935484 0 0 0 "BK" 1979
12 1980 -1.97096774193548 0 0 0 "BK" 1980
12 1981 2.40645161290323 0 0 0 "BK" 1981
12 1982 4.23225806451613 0 0 0 "BK" 1982
12 1983 0.487096774193548 0 0 0 "BK" 1983
12 1984 0.279032258064516 0 0 0 "BK" 1984
12 1985 2.74193548387097 0 0 0 "BK" 1985
12 1986 -1.1741935483871 0 0 0 "BK" 1986
12 1987 0.735483870967742 0 0 0 "BK" 1987
12 1988 0.185483870967742 0 0 0 "BK" 1988
12 1989 1.89354838709677 0 0 0 "BK" 1989
12 1990 0.0725806451612903 0 0 0 "BK" 1990
12 1991 -3.32258064516129 0 0 0 "BK" 1991
12 1992 0.42258064516129 0 0 0 "BK" 1992
12 1993 3.90483870967742 0 0 0 "BK" 1993
12 1994 1.04677419354839 0 0 0 "BK" 1994
12 1995 2.29354838709677 0 0 0 "BK" 1995
12 1996 -0.367741935483871 0 0 0 "BK" 1996
12 1997 2.85645161290323 0 0 0 "BK" 1997
12 1998 -2.75161290322581 0 0 0 "BK" 1998
12 1999 1.3 0 0 0 "BK" 1999
12 2000 3.35967741935484 0 0 0 "BK" 2000
12 2001 -2.95 0 0 0 "BK" 2001
12 2002 2.42258064516129 0 0 0 "BK" 2002
12 2003 0.698387096774194 0 0 0 "BK" 2003
12 2004 2.49516129032258 0 0 0 "BK" 2004
12 2005 1.26774193548387 0 0 0 "BK" 2005
12 2006 1.5741935483871 0 0 0 "BK" 2006
12 2007 -1.05322580645161 0 0 0 "BK" 2007
12 2008 3.64516129032258 0 0 0 "BK" 2008
12 2009 3.45161290322581 0 0 0 "BK" 2009
12 2010 1.59193548387097 0 0 0 "BK" 2010
12 2011 2.42903225806452 0 0 0 "BK" 2011
12 2012 0.388709677419355 0 0 0 "BK" 2012
12 2013 1.04032258064516 0 0 0 "BK" 2013
12 2014 3.22741935483871 0 0 0 "BK" 2014
12 2015 -0.283870967741935 0 0 0 "BK" 2015
12 2016 -0.511290322580645 0 0 0 "BK" 2016
12 2017 2.45161290322581 0 0 0 "BK" 2017
12 2018 -2.675 0 0 0 "BK" 2018
1 2014 10.5 0 0 0 "BK" 2014
1 2016 10.0166666666667 0 0 0 "BK" 2016
1 2017 6.93571428571429 0 0 0 "BK" 2017
1 2018 11.75 0 0 0 "BK" 2018
1 2019 4.835 0 0 0 "BK" 2019
2 2014 12.4973684210526 0 0 0 "BK" 2014
2 2016 13.03 0 0 0 "BK" 2016
2 2017 10.3333333333333 0 0 0 "BK" 2017
3 2014 12.81 0 0 0 "BK" 2014
3 2015 12.5833333333333 0 0 0 "BK" 2015
3 2016 12.434375 0 0 0 "BK" 2016
3 2018 10.3642857142857 0 0 0 "BK" 2018
4 2014 15.0575 0 0 0 "BK" 2014
4 2015 13.3 0 0 0 "BK" 2015
4 2016 16.57 0 0 0 "BK" 2016
4 2017 18 0 0 0 "BK" 2017
4 2018 16.2785714285714 0 0 0 "BK" 2018
5 2013 15.47 0 0 0 "BK" 2013
5 2014 18.7108695652174 0 0 0 "BK" 2014
5 2015 19.59 0 0 0 "BK" 2015
5 2016 17.5321428571429 0 0 0 "BK" 2016
5 2017 20.8 0 0 0 "BK" 2017
5 2018 20.85 0 0 0 "BK" 2018
6 2013 21.9068181818182 0 0 0 "BK" 2013
6 2014 23.0863636363636 0 0 0 "BK" 2014
6 2015 22.05 0 0 0 "BK" 2015
6 2016 23.455 0 0 0 "BK" 2016
6 2017 24.7142857142857 0 0 0 "BK" 2017
7 2013 26.637037037037 0 0 0 "BK" 2013
7 2014 24.675 0 0 0 "BK" 2014
7 2015 28.625 0 0 0 "BK" 2015
7 2016 26.8722222222222 0 0 0 "BK" 2016
7 2017 27.1258620689655 0 0 0 "BK" 2017
8 2013 27.6277777777778 0 0 0 "BK" 2013
8 2014 25.5521739130435 0 0 0 "BK" 2014
8 2015 27.6895833333333 0 0 0 "BK" 2015
8 2016 25.8190476190476 0 0 0 "BK" 2016
8 2017 30.3 0 0 0 "BK" 2017
9 2013 21.648 0 0 0 "BK" 2013
9 2014 20.6942307692308 0 0 0 "BK" 2014
9 2015 24.135 0 0 0 "BK" 2015
9 2016 22.55 0 0 0 "BK" 2016
9 2017 16.4 0 0 0 "BK" 2017
10 2013 18.2884615384615 0 0 0 "BK" 2013
10 2014 18.4166666666667 0 0 0 "BK" 2014
10 2015 17.8875 0 0 0 "BK" 2015
10 2016 15.445 0 0 0 "BK" 2016
10 2017 19.4666666666667 0 0 0 "BK" 2017
10 2018 20.5333333333333 0 0 0 "BK" 2018
11 2013 15.6888888888889 0 0 0 "BK" 2013
11 2014 15.2363636363636 0 0 0 "BK" 2014
11 2015 13.8666666666667 0 0 0 "BK" 2015
11 2016 13.7714285714286 0 0 0 "BK" 2016
11 2018 16 0 0 0 "BK" 2018
12 2013 10.1760869565217 0 0 0 "BK" 2013
12 2014 12.4272727272727 0 0 0 "BK" 2014
12 2015 7.65 0 0 0 "BK" 2015
12 2018 9.19285714285714 0 0 0 "BK" 2018
