"MONTH" "YEAR" "ave_precip_mo" "ave_mo_t" "opium_t" "mj_t" "coca_t" "fips" "year"
1 1994 2.375 1.80625 0 0 0 "BU" 1994
1 1995 1.41428571428571 -1.95714285714286 0 0 0 "BU" 1995
1 1997 0.575 -2.1625 0 0 0 "BU" 1997
1 1998 0 5.1 0 0 0 "BU" 1998
1 2000 0 -6.38 0 0 0 "BU" 2000
1 2001 2.28 1.06 0 0 0 "BU" 2001
1 2002 0.8 -3.8 0 0 0 "BU" 2002
1 2003 1.24117647058824 -1.20882352941176 0 0 0 "BU" 2003
1 2004 2.6047619047619 -2.41666666666667 0 0 0 "BU" 2004
1 2005 2.26451612903226 2.44193548387097 0 0 0 "BU" 2005
1 2006 1.20322580645161 -2.94838709677419 0 0 0 "BU" 2006
1 2007 0.356666666666667 7.25666666666667 0 0 0 "BU" 2007
1 2008 1.63870967741935 -2.57741935483871 0 0 0 "BU" 2008
1 2009 1.90645161290323 -1.1 0 0 0 "BU" 2009
1 2010 1.49333333333333 -2.84333333333333 0 0 0 "BU" 2010
1 2011 0.809677419354839 -0.258064516129032 0 0 0 "BU" 2011
1 2012 2.52258064516129 0.219354838709678 0 0 0 "BU" 2012
1 2013 1.16774193548387 1.01129032258065 0 0 0 "BU" 2013
1 2014 1.88064516129032 1.29354838709677 0 0 0 "BU" 2014
1 2015 1.06129032258065 1.91612903225806 0 0 0 "BU" 2015
1 2016 2.66774193548387 -1.91935483870968 0 0 0 "BU" 2016
1 2017 1.55483870967742 -5.56935483870968 0 0 0 "BU" 2017
1 2018 0.945161290322581 1.86612903225806 0 0 0 "BU" 2018
1 2019 2.31785714285714 -0.385714285714286 0 0 0 "BU" 2019
2 1976 0 3.5 0 0 0 "BU" 1976
2 1994 0.333333333333333 3.75 0 0 0 "BU" 1994
2 1995 0 3.43333333333333 0 0 0 "BU" 1995
2 1997 0 3.74666666666667 0 0 0 "BU" 1997
2 1998 2.55 3.075 0 0 0 "BU" 1998
2 1999 0.30625 2.66875 0 0 0 "BU" 1999
2 2001 8.1 -1.15 0 0 0 "BU" 2001
2 2002 2 5.3 0 0 0 "BU" 2002
2 2003 0.373684210526316 -3.09736842105263 0 0 0 "BU" 2003
2 2004 1.47083333333333 2.26041666666667 0 0 0 "BU" 2004
2 2005 2.53571428571429 -3.4 0 0 0 "BU" 2005
2 2006 2.54285714285714 -0.0946428571428571 0 0 0 "BU" 2006
2 2007 0.632142857142857 5.36785714285714 0 0 0 "BU" 2007
2 2008 0.158620689655172 4.1551724137931 0 0 0 "BU" 2008
2 2009 2.225 2.15178571428571 0 0 0 "BU" 2009
2 2010 3.15714285714286 0.703571428571429 0 0 0 "BU" 2010
2 2011 2.45 0.267857142857143 0 0 0 "BU" 2011
2 2012 1.97931034482759 -5.51206896551724 0 0 0 "BU" 2012
2 2013 3.24642857142857 3.425 0 0 0 "BU" 2013
2 2014 0.482142857142857 2.2125 0 0 0 "BU" 2014
2 2015 2.47142857142857 0.930357142857143 0 0 0 "BU" 2015
2 2016 1.34137931034483 7.62413793103448 0 0 0 "BU" 2016
2 2017 1.23214285714286 2.15 0 0 0 "BU" 2017
2 2018 3.78571428571429 1.89821428571429 0 0 0 "BU" 2018
3 1976 0 8.5 0 0 0 "BU" 1976
3 1986 0.5 0.8 0 0 0 "BU" 1986
3 1994 0.428571428571429 9.75714285714286 0 0 0 "BU" 1994
3 1995 0.330769230769231 5.65 0 0 0 "BU" 1995
3 1997 0.455555555555555 8.19444444444444 0 0 0 "BU" 1997
3 1998 1.31666666666667 5.625 0 0 0 "BU" 1998
3 1999 0.410344827586207 8.71551724137931 0 0 0 "BU" 1999
3 2001 5.83333333333333 6.65 0 0 0 "BU" 2001
3 2003 0.0909090909090909 4.42727272727273 0 0 0 "BU" 2003
3 2004 1.38064516129032 7.18709677419355 0 0 0 "BU" 2004
3 2005 0.896774193548387 5.05322580645161 0 0 0 "BU" 2005
3 2006 2.75161290322581 6.1241935483871 0 0 0 "BU" 2006
3 2007 1.32413793103448 8.37758620689655 0 0 0 "BU" 2007
3 2008 0.735483870967742 9.35322580645161 0 0 0 "BU" 2008
3 2009 1.43548387096774 6.91935483870968 0 0 0 "BU" 2009
3 2010 2.31935483870968 7.0758064516129 0 0 0 "BU" 2010
3 2011 1.37 4.68833333333333 0 0 0 "BU" 2011
3 2012 0.361290322580645 8.90806451612903 0 0 0 "BU" 2012
3 2013 1.54333333333333 5.05 0 0 0 "BU" 2013
3 2014 2.42903225806452 9.7758064516129 0 0 0 "BU" 2014
3 2015 2.49 7.11833333333333 0 0 0 "BU" 2015
3 2016 2.8 8.25967741935484 0 0 0 "BU" 2016
3 2017 1.21612903225806 10.45 0 0 0 "BU" 2017
3 2018 3.23666666666667 5.195 0 0 0 "BU" 2018
4 1976 0 9.5 0 0 0 "BU" 1976
4 1992 0 18.1 0 0 0 "BU" 1992
4 1994 1.9 13.4269230769231 0 0 0 "BU" 1994
4 1995 2.13636363636364 13.6727272727273 0 0 0 "BU" 1995
4 1997 2.4 7.78181818181818 0 0 0 "BU" 1997
4 1999 1.98260869565217 13.1326086956522 0 0 0 "BU" 1999
4 2000 7.6 17.4 0 0 0 "BU" 2000
4 2001 7.8 11.4625 0 0 0 "BU" 2001
4 2002 5.95 10.9625 0 0 0 "BU" 2002
4 2003 3.16666666666667 10.87 0 0 0 "BU" 2003
4 2004 0.914285714285714 11.9446428571429 0 0 0 "BU" 2004
4 2005 1.41 11.18 0 0 0 "BU" 2005
4 2006 2.36 13.0016666666667 0 0 0 "BU" 2006
4 2007 0.01 13.1183333333333 0 0 0 "BU" 2007
4 2008 1.33333333333333 13.3883333333333 0 0 0 "BU" 2008
4 2009 3.42333333333333 12.34 0 0 0 "BU" 2009
4 2010 1.99333333333333 12.8583333333333 0 0 0 "BU" 2010
4 2011 0.373333333333333 12.085 0 0 0 "BU" 2011
4 2012 1.18 14.0566666666667 0 0 0 "BU" 2012
4 2013 1.61333333333333 13.0866666666667 0 0 0 "BU" 2013
4 2014 3.71 12.7533333333333 0 0 0 "BU" 2014
4 2015 2.7 9.11111111111111 0 0 0 "BU" 2015
4 2016 1.44666666666667 14.765 0 0 0 "BU" 2016
4 2017 1.46333333333333 11.6133333333333 0 0 0 "BU" 2017
4 2018 0.43 16.275 0 0 0 "BU" 2018
5 1976 1.65 17.5 0 0 0 "BU" 1976
5 1992 0 13.75 0 0 0 "BU" 1992
5 1994 0.8875 18.5625 0 0 0 "BU" 1994
5 1995 1.13636363636364 15.9454545454545 0 0 0 "BU" 1995
5 1997 1.22 19.09 0 0 0 "BU" 1997
5 1999 1.07826086956522 17.404347826087 0 0 0 "BU" 1999
5 2000 4.8 19.175 0 0 0 "BU" 2000
5 2001 6.4 15.9 0 0 0 "BU" 2001
5 2002 2.43333333333333 19.6666666666667 0 0 0 "BU" 2002
5 2003 2.45416666666667 20.20625 0 0 0 "BU" 2003
5 2004 1.66551724137931 15.8431034482759 0 0 0 "BU" 2004
5 2005 2.95 17.5033333333333 0 0 0 "BU" 2005
5 2006 0.803225806451613 17.4290322580645 0 0 0 "BU" 2006
5 2007 3.84516129032258 19.108064516129 0 0 0 "BU" 2007
5 2008 0.990322580645161 17.6338709677419 0 0 0 "BU" 2008
5 2009 0.951612903225806 18.1806451612903 0 0 0 "BU" 2009
5 2010 1.09032258064516 17.4709677419355 0 0 0 "BU" 2010
5 2011 0.890322580645161 16.8758064516129 0 0 0 "BU" 2011
5 2012 3.76774193548387 17.5435483870968 0 0 0 "BU" 2012
5 2013 1.26774193548387 18.9129032258065 0 0 0 "BU" 2013
5 2014 3.54838709677419 16.5370967741936 0 0 0 "BU" 2014
5 2015 0.693103448275862 18.6293103448276 0 0 0 "BU" 2015
5 2016 2.59032258064516 16.7806451612903 0 0 0 "BU" 2016
5 2017 1.40322580645161 17.0612903225806 0 0 0 "BU" 2017
5 2018 1.7 19.1935483870968 0 0 0 "BU" 2018
6 1976 10.95 15.5 0 0 0 "BU" 1976
6 1994 0.471428571428571 20.3285714285714 0 0 0 "BU" 1994
6 1995 7.14285714285714 20.7928571428571 0 0 0 "BU" 1995
6 1997 1.42 21.7 0 0 0 "BU" 1997
6 1999 1.7 22.6458333333333 0 0 0 "BU" 1999
6 2000 10.7 19.25 0 0 0 "BU" 2000
6 2001 7.5 17.1 0 0 0 "BU" 2001
6 2002 1.65 21.075 0 0 0 "BU" 2002
6 2003 0.3 23.3037037037037 0 0 0 "BU" 2003
6 2004 4.33333333333333 20.735 0 0 0 "BU" 2004
6 2005 8.53333333333333 19.4383333333333 0 0 0 "BU" 2005
6 2006 2.27333333333333 20.825 0 0 0 "BU" 2006
6 2007 0.596666666666667 23.3266666666667 0 0 0 "BU" 2007
6 2008 1.52333333333333 21.595 0 0 0 "BU" 2008
6 2009 2.94333333333333 21.0733333333333 0 0 0 "BU" 2009
6 2010 2.87 21.5116666666667 0 0 0 "BU" 2010
6 2011 1.21 21.44 0 0 0 "BU" 2011
6 2012 0.126666666666667 22.9866666666667 0 0 0 "BU" 2012
6 2013 1.07666666666667 21.065 0 0 0 "BU" 2013
6 2014 3.20333333333333 20.6266666666667 0 0 0 "BU" 2014
6 2015 4.23666666666667 20.855 0 0 0 "BU" 2015
6 2016 1.28333333333333 22.4 0 0 0 "BU" 2016
6 2017 0.163333333333333 22.9383333333333 0 0 0 "BU" 2017
6 2018 3.69666666666667 22.02 0 0 0 "BU" 2018
7 1976 0 22.5 0 0 0 "BU" 1976
7 1994 0.142857142857143 23.7928571428571 0 0 0 "BU" 1994
7 1995 0.728571428571429 24.6571428571429 0 0 0 "BU" 1995
7 1997 7.08333333333333 23.9333333333333 0 0 0 "BU" 1997
7 1999 0.692 23.704 0 0 0 "BU" 1999
7 2000 13 21.1 0 0 0 "BU" 2000
7 2002 9.1125 23.9875 0 0 0 "BU" 2002
7 2003 12.6190476190476 24.2619047619048 0 0 0 "BU" 2003
7 2004 0.514285714285714 23.1839285714286 0 0 0 "BU" 2004
7 2005 2.90322580645161 22.7241935483871 0 0 0 "BU" 2005
7 2006 1.59354838709677 23.0548387096774 0 0 0 "BU" 2006
7 2007 0.032258064516129 25.4645161290323 0 0 0 "BU" 2007
7 2008 2.44838709677419 22.5483870967742 0 0 0 "BU" 2008
7 2009 2.73225806451613 23.3645161290323 0 0 0 "BU" 2009
7 2010 0.861290322580645 23.8806451612903 0 0 0 "BU" 2010
7 2011 0.796774193548387 23.0790322580645 0 0 0 "BU" 2011
7 2012 1.2741935483871 26.3161290322581 0 0 0 "BU" 2012
7 2013 0.306451612903226 22.9790322580645 0 0 0 "BU" 2013
7 2014 2.73225806451613 22.8306451612903 0 0 0 "BU" 2014
7 2015 0.254838709677419 24.6145161290323 0 0 0 "BU" 2015
7 2016 1.49032258064516 23.5064516129032 0 0 0 "BU" 2016
7 2017 2.09032258064516 23.6983870967742 0 0 0 "BU" 2017
7 2018 1.92903225806452 23.3548387096774 0 0 0 "BU" 2018
8 1994 0.285714285714286 24.9214285714286 0 0 0 "BU" 1994
8 1995 0 21.8071428571429 0 0 0 "BU" 1995
8 1997 0.0727272727272727 21.15 0 0 0 "BU" 1997
8 1999 0.318518518518518 23.6666666666667 0 0 0 "BU" 1999
8 2002 5.26666666666667 20.85 0 0 0 "BU" 2002
8 2003 0 24.92 0 0 0 "BU" 2003
8 2004 0.353333333333333 23.3583333333333 0 0 0 "BU" 2004
8 2005 5.83 21.6033333333333 0 0 0 "BU" 2005
8 2006 3.69677419354839 21.8629032258065 0 0 0 "BU" 2006
8 2007 2.06666666666667 23.8116666666667 0 0 0 "BU" 2007
8 2008 0.387096774193548 23.5209677419355 0 0 0 "BU" 2008
8 2009 2.37241379310345 22.7034482758621 0 0 0 "BU" 2009
8 2010 2.75483870967742 24.1096774193548 0 0 0 "BU" 2010
8 2011 0.067741935483871 23.2903225806452 0 0 0 "BU" 2011
8 2012 0.032258064516129 24.6774193548387 0 0 0 "BU" 2012
8 2013 0.254838709677419 24.0322580645161 0 0 0 "BU" 2013
8 2014 2.30645161290323 22.991935483871 0 0 0 "BU" 2014
8 2015 1.37241379310345 23.3775862068966 0 0 0 "BU" 2015
8 2016 1.15806451612903 22.7645161290323 0 0 0 "BU" 2016
8 2017 1.60645161290323 23.9645161290323 0 0 0 "BU" 2017
8 2018 0.606896551724138 23.8293103448276 0 0 0 "BU" 2018
9 1975 0 19.5 0 0 0 "BU" 1975
9 1994 0 22.9785714285714 0 0 0 "BU" 1994
9 1995 0 16.305 0 0 0 "BU" 1995
9 1997 0 20.8833333333333 0 0 0 "BU" 1997
9 1999 2.34090909090909 20.1 0 0 0 "BU" 1999
9 2000 8.05 19.225 0 0 0 "BU" 2000
9 2001 5.35 14.85 0 0 0 "BU" 2001
9 2002 4.59545454545455 17.1954545454545 0 0 0 "BU" 2002
9 2003 2.15454545454545 16.6386363636364 0 0 0 "BU" 2003
9 2004 2.12758620689655 18.0965517241379 0 0 0 "BU" 2004
9 2005 1.73666666666667 17.9716666666667 0 0 0 "BU" 2005
9 2006 0.433333333333333 17.97 0 0 0 "BU" 2006
9 2007 1.51 16.71 0 0 0 "BU" 2007
9 2008 2.99333333333333 16.8833333333333 0 0 0 "BU" 2008
9 2009 1.27 18.6166666666667 0 0 0 "BU" 2009
9 2010 0.283333333333333 17.9016666666667 0 0 0 "BU" 2010
9 2011 0.0266666666666667 21.385 0 0 0 "BU" 2011
9 2012 0.126666666666667 20.365 0 0 0 "BU" 2012
9 2013 1.71 17.5366666666667 0 0 0 "BU" 2013
9 2014 4.24666666666667 17.9516666666667 0 0 0 "BU" 2014
9 2015 1.7 19.5733333333333 0 0 0 "BU" 2015
9 2016 1.42666666666667 19.4083333333333 0 0 0 "BU" 2016
9 2017 0.883333333333333 18.74 0 0 0 "BU" 2017
9 2018 0.262962962962963 19.1722222222222 0 0 0 "BU" 2018
10 1976 0 17 0 0 0 "BU" 1976
10 1993 0 10.4333333333333 0 0 0 "BU" 1993
10 1994 2.82857142857143 10.3071428571429 0 0 0 "BU" 1994
10 1995 0 13.13125 0 0 0 "BU" 1995
10 1997 0 10.25 0 0 0 "BU" 1997
10 1999 1.12 12.9166666666667 0 0 0 "BU" 1999
10 2000 0.8 12.3 0 0 0 "BU" 2000
10 2001 4.1 15.85 0 0 0 "BU" 2001
10 2002 1.776 11.362 0 0 0 "BU" 2002
10 2003 2.9625 11.1979166666667 0 0 0 "BU" 2003
10 2004 0.925806451612903 13.4161290322581 0 0 0 "BU" 2004
10 2005 1.40967741935484 12.0709677419355 0 0 0 "BU" 2005
10 2006 0.606451612903226 13.1774193548387 0 0 0 "BU" 2006
10 2007 4.37741935483871 11.7177419354839 0 0 0 "BU" 2007
10 2008 1.63225806451613 12.8193548387097 0 0 0 "BU" 2008
10 2009 3.10645161290323 12.5435483870968 0 0 0 "BU" 2009
10 2010 4.23448275862069 9.82931034482759 0 0 0 "BU" 2010
10 2011 0.529032258064516 11.7274193548387 0 0 0 "BU" 2011
10 2012 0.870967741935484 13.8387096774194 0 0 0 "BU" 2012
10 2013 2.24516129032258 11.8806451612903 0 0 0 "BU" 2013
10 2014 1.47096774193548 12.1903225806452 0 0 0 "BU" 2014
10 2015 2.93225806451613 10.8564516129032 0 0 0 "BU" 2015
10 2016 2.78709677419355 10.7790322580645 0 0 0 "BU" 2016
10 2017 2.94193548387097 13.5693548387097 0 0 0 "BU" 2017
10 2018 0.0266666666666667 13.445 0 0 0 "BU" 2018
11 1976 0 1 0 0 0 "BU" 1976
11 1993 7.3 -1.25714285714286 0 0 0 "BU" 1993
11 1994 0.82 5.62 0 0 0 "BU" 1994
11 1995 0.285714285714286 3.79285714285714 0 0 0 "BU" 1995
11 1997 0.25 8.35 0 0 0 "BU" 1997
11 1999 0.9 3.61363636363636 0 0 0 "BU" 1999
11 2000 1.35 8.825 0 0 0 "BU" 2000
11 2001 2.8 6.05 0 0 0 "BU" 2001
11 2002 0.361904761904762 6.97142857142857 0 0 0 "BU" 2002
11 2003 1.1695652173913 6.08913043478261 0 0 0 "BU" 2003
11 2004 1.95666666666667 7.88333333333333 0 0 0 "BU" 2004
11 2005 2.07 4.01666666666667 0 0 0 "BU" 2005
11 2006 0.58 7.93 0 0 0 "BU" 2006
11 2007 3.12333333333333 4.26333333333333 0 0 0 "BU" 2007
11 2008 0.53 6.81 0 0 0 "BU" 2008
11 2009 2.48 8.13833333333333 0 0 0 "BU" 2009
11 2010 1.26206896551724 9.83103448275862 0 0 0 "BU" 2010
11 2011 0.0266666666666667 2.755 0 0 0 "BU" 2011
11 2012 0.75 7.76166666666667 0 0 0 "BU" 2012
11 2013 2.27333333333333 8.32166666666667 0 0 0 "BU" 2013
11 2014 1.37333333333333 6.47 0 0 0 "BU" 2014
11 2015 3.27 9.63666666666667 0 0 0 "BU" 2015
11 2016 3.2 5.38166666666667 0 0 0 "BU" 2016
11 2017 1.06333333333333 7.31666666666667 0 0 0 "BU" 2017
11 2018 1.65 6.46041666666667 0 0 0 "BU" 2018
12 1975 0 4.25 0 0 0 "BU" 1975
12 1976 0 7.5 0 0 0 "BU" 1976
12 1993 1.01 -0.8 0 0 0 "BU" 1993
12 1994 1.55555555555556 1.61666666666667 0 0 0 "BU" 1994
12 1995 1.05454545454545 -2.37727272727273 0 0 0 "BU" 1995
12 1997 0.5 3.575 0 0 0 "BU" 1997
12 1999 1.77857142857143 0.217857142857143 0 0 0 "BU" 1999
12 2000 2.65 1.75 0 0 0 "BU" 2000
12 2001 1.8 -3.3 0 0 0 "BU" 2001
12 2002 3.93333333333333 -2.25238095238095 0 0 0 "BU" 2002
12 2003 1.36896551724138 0.917241379310345 0 0 0 "BU" 2003
12 2004 0.796666666666667 2.29166666666667 0 0 0 "BU" 2004
12 2005 1.76774193548387 2.53548387096774 0 0 0 "BU" 2005
12 2006 1.18387096774194 3.31290322580645 0 0 0 "BU" 2006
12 2007 0.941935483870968 -1.14032258064516 0 0 0 "BU" 2007
12 2008 3.28709677419355 1.93225806451613 0 0 0 "BU" 2008
12 2009 4.01290322580645 0.816129032258065 0 0 0 "BU" 2009
12 2010 2.51935483870968 -0.743548387096774 0 0 0 "BU" 2010
12 2011 0.570967741935484 3.42258064516129 0 0 0 "BU" 2011
12 2012 2.0258064516129 -0.985483870967742 0 0 0 "BU" 2012
12 2013 0.0354838709677419 0.933870967741935 0 0 0 "BU" 2013
12 2014 3.89032258064516 2.18225806451613 0 0 0 "BU" 2014
12 2015 0.0258064516129032 5.3241935483871 0 0 0 "BU" 2015
12 2016 0 1.89166666666667 0 0 0 "BU" 2016
12 2017 2.48709677419355 3.6758064516129 0 0 0 "BU" 2017
12 2018 0.835483870967742 1.32096774193548 0 0 0 "BU" 2018
1 1973 0.492307692307692 0.653846153846154 0 0 0 "BU" 1973
1 1974 0.455 0.35 0 0 0 "BU" 1974
1 1975 0.376190476190476 4.40476190476191 0 0 0 "BU" 1975
1 1976 0.633333333333333 1.61111111111111 0 0 0 "BU" 1976
1 1977 0.376190476190476 2.69047619047619 0 0 0 "BU" 1977
1 1978 1.076 2.48 0 0 0 "BU" 1978
1 1979 1.22222222222222 2.5 0 0 0 "BU" 1979
1 1980 0.138095238095238 -0.261904761904762 0 0 0 "BU" 1980
1 1981 1.45 1.475 0 0 0 "BU" 1981
1 1983 0.119047619047619 4.96666666666667 0 0 0 "BU" 1983
1 1984 0.453846153846154 5.64230769230769 0 0 0 "BU" 1984
1 1985 0.536363636363636 0.445454545454545 0 0 0 "BU" 1985
1 1986 0.176923076923077 4.43076923076923 0 0 0 "BU" 1986
1 1987 0 1.26111111111111 0 0 0 "BU" 1987
1 1988 0.02 6.08 0 0 0 "BU" 1988
1 1989 0 2.9 0 0 0 "BU" 1989
1 1990 0.222222222222222 2.33888888888889 0 0 0 "BU" 1990
1 1991 0 1.85 0 0 0 "BU" 1991
1 1992 0 1.36666666666667 0 0 0 "BU" 1992
1 1993 0 -2.125 0 0 0 "BU" 1993
1 1994 2.475 2.9 0 0 0 "BU" 1994
1 1995 0 -0.4375 0 0 0 "BU" 1995
1 1997 0 0.925 0 0 0 "BU" 1997
1 1998 0 9.9 0 0 0 "BU" 1998
1 1999 0 3.51666666666667 0 0 0 "BU" 1999
1 2002 5.8 3.1 0 0 0 "BU" 2002
1 2003 1.78 2.41 0 0 0 "BU" 2003
1 2004 1.775 -2.2375 0 0 0 "BU" 2004
1 2005 0 7.4 0 0 0 "BU" 2005
1 2006 0 -1.21666666666667 0 0 0 "BU" 2006
1 2008 0.833333333333333 1.41666666666667 0 0 0 "BU" 2008
1 2010 0 2.28333333333333 0 0 0 "BU" 2010
1 2011 3.6 0.5 0 0 0 "BU" 2011
1 2012 26.9 -4.95 0 0 0 "BU" 2012
1 2013 0 7.25 0 0 0 "BU" 2013
1 2014 17.8 -5.75 0 0 0 "BU" 2014
1 2015 1.4 6.9 0 0 0 "BU" 2015
1 2016 0.8 -1.25 0 0 0 "BU" 2016
1 2017 5.95 -4.9 0 0 0 "BU" 2017
1 2018 0 3.66666666666667 0 0 0 "BU" 2018
1 2019 4.33333333333333 2.73333333333333 0 0 0 "BU" 2019
2 1973 0.258823529411765 4.76470588235294 0 0 0 "BU" 1973
2 1974 1.40666666666667 3.73333333333333 0 0 0 "BU" 1974
2 1975 0.222222222222222 1.77777777777778 0 0 0 "BU" 1975
2 1976 0.176470588235294 -0.147058823529412 0 0 0 "BU" 1976
2 1977 2.52666666666667 7.83333333333333 0 0 0 "BU" 1977
2 1978 0.986363636363636 3.18181818181818 0 0 0 "BU" 1978
2 1979 0.573684210526316 2.63157894736842 0 0 0 "BU" 1979
2 1980 0.1875 1.78125 0 0 0 "BU" 1980
2 1981 0.435714285714286 3.42857142857143 0 0 0 "BU" 1981
2 1982 0.1 1.71 0 0 0 "BU" 1982
2 1983 0 3.51153846153846 0 0 0 "BU" 1983
2 1984 0.144444444444444 2.88888888888889 0 0 0 "BU" 1984
2 1985 0 -3.88888888888889 0 0 0 "BU" 1985
2 1986 0.255555555555556 -0.494444444444445 0 0 0 "BU" 1986
2 1987 0 1.98214285714286 0 0 0 "BU" 1987
2 1988 0 3.31333333333333 0 0 0 "BU" 1988
2 1989 0 4.28157894736842 0 0 0 "BU" 1989
2 1990 0.6 7.21363636363636 0 0 0 "BU" 1990
2 1991 0 -0.166666666666666 0 0 0 "BU" 1991
2 1992 0 -2.05 0 0 0 "BU" 1992
2 1994 0.333333333333333 -1.8 0 0 0 "BU" 1994
2 1997 0 2.5 0 0 0 "BU" 1997
2 1998 3.95 7.375 0 0 0 "BU" 1998
2 1999 1.1 1.3125 0 0 0 "BU" 1999
2 2000 17 0.55 0 0 0 "BU" 2000
2 2003 0.125 -2.475 0 0 0 "BU" 2003
2 2004 0 -0.0799999999999999 0 0 0 "BU" 2004
2 2005 0 8.75 0 0 0 "BU" 2005
2 2006 0 8 0 0 0 "BU" 2006
2 2007 1.5 5.725 0 0 0 "BU" 2007
2 2008 0.125 0.975 0 0 0 "BU" 2008
2 2009 0 5.5 0 0 0 "BU" 2009
2 2010 2.8 7.925 0 0 0 "BU" 2010
2 2011 1.1 0.9 0 0 0 "BU" 2011
2 2012 0.75 -7.425 0 0 0 "BU" 2012
2 2013 2.24 3.73 0 0 0 "BU" 2013
2 2014 0 8.4 0 0 0 "BU" 2014
2 2015 17 6.825 0 0 0 "BU" 2015
2 2016 0 9.1 0 0 0 "BU" 2016
2 2017 3.125 3.7125 0 0 0 "BU" 2017
2 2018 4.3 2.6 0 0 0 "BU" 2018
3 1973 0.853333333333333 3.73333333333333 0 0 0 "BU" 1973
3 1974 0.716666666666667 5.13888888888889 0 0 0 "BU" 1974
3 1975 1.076 8.78 0 0 0 "BU" 1975
3 1976 0.519047619047619 3.85714285714286 0 0 0 "BU" 1976
3 1977 0.245833333333333 6.1875 0 0 0 "BU" 1977
3 1978 1.75454545454545 6.31590909090909 0 0 0 "BU" 1978
3 1979 0.253846153846154 8.34615384615385 0 0 0 "BU" 1979
3 1980 1.19090909090909 4.45454545454545 0 0 0 "BU" 1980
3 1981 0.0947368421052632 6.60526315789474 0 0 0 "BU" 1981
3 1982 1.27272727272727 5.87727272727273 0 0 0 "BU" 1982
3 1983 0 7.53928571428571 0 0 0 "BU" 1983
3 1984 1.7 4.45555555555556 0 0 0 "BU" 1984
3 1985 0.0333333333333333 2.04444444444444 0 0 0 "BU" 1985
3 1986 0.238888888888889 4.70833333333333 0 0 0 "BU" 1986
3 1987 0.813333333333333 0.93 0 0 0 "BU" 1987
3 1988 1.45 6.475 0 0 0 "BU" 1988
3 1989 0.0588235294117647 8.23235294117647 0 0 0 "BU" 1989
3 1990 0 8.50263157894737 0 0 0 "BU" 1990
3 1991 0.325 3.375 0 0 0 "BU" 1991
3 1992 9.15 2.75 0 0 0 "BU" 1992
3 1994 2.63333333333333 11.3666666666667 0 0 0 "BU" 1994
3 1995 2.05 0.35 0 0 0 "BU" 1995
3 1997 14 6.5 0 0 0 "BU" 1997
3 1998 0.2 3.3125 0 0 0 "BU" 1998
3 1999 3.9 6.66428571428571 0 0 0 "BU" 1999
3 2001 0 22.25 0 0 0 "BU" 2001
3 2002 9.15 4.3 0 0 0 "BU" 2002
3 2003 0.166666666666667 5.04166666666667 0 0 0 "BU" 2003
3 2004 0 7.18333333333333 0 0 0 "BU" 2004
3 2005 1.36666666666667 7.4 0 0 0 "BU" 2005
3 2006 2.65 4.275 0 0 0 "BU" 2006
3 2007 0 7.3 0 0 0 "BU" 2007
3 2008 0.8 10 0 0 0 "BU" 2008
3 2009 0 7.5 0 0 0 "BU" 2009
3 2010 13.95 3.025 0 0 0 "BU" 2010
3 2011 8.9 9.2 0 0 0 "BU" 2011
3 2012 0.666666666666667 4.4 0 0 0 "BU" 2012
3 2013 4.83333333333333 3.11666666666667 0 0 0 "BU" 2013
3 2014 0 9.75 0 0 0 "BU" 2014
3 2015 11.65 8.15 0 0 0 "BU" 2015
3 2016 0 8.2 0 0 0 "BU" 2016
3 2017 13.375 7.325 0 0 0 "BU" 2017
3 2018 4.525 3.075 0 0 0 "BU" 2018
4 1973 1.32857142857143 10.047619047619 0 0 0 "BU" 1973
4 1974 0.65 9.25 0 0 0 "BU" 1974
4 1975 2 11.6578947368421 0 0 0 "BU" 1975
4 1976 1.848 10.12 0 0 0 "BU" 1976
4 1977 1 10.6470588235294 0 0 0 "BU" 1977
4 1978 1.212 10.34 0 0 0 "BU" 1978
4 1979 2.6875 10.0625 0 0 0 "BU" 1979
4 1980 1.525 9.33333333333333 0 0 0 "BU" 1980
4 1981 3.77826086956522 9.8695652173913 0 0 0 "BU" 1981
4 1982 2.97857142857143 9.14285714285714 0 0 0 "BU" 1982
4 1983 0.523529411764706 12.1264705882353 0 0 0 "BU" 1983
4 1984 0.81 9.29 0 0 0 "BU" 1984
4 1985 0.623076923076923 10.5615384615385 0 0 0 "BU" 1985
4 1986 0 12.175 0 0 0 "BU" 1986
4 1987 0.941176470588235 9.75882352941177 0 0 0 "BU" 1987
4 1988 2.25 9.475 0 0 0 "BU" 1988
4 1989 1.16315789473684 12.7236842105263 0 0 0 "BU" 1989
4 1990 2.03571428571429 10.5464285714286 0 0 0 "BU" 1990
4 1991 16.5714285714286 9.28571428571428 0 0 0 "BU" 1991
4 1993 1 4.25 0 0 0 "BU" 1993
4 1994 2 10.9 0 0 0 "BU" 1994
4 1995 0.333333333333333 12.7333333333333 0 0 0 "BU" 1995
4 1997 9.38 7.53 0 0 0 "BU" 1997
4 1999 4.9 13.6875 0 0 0 "BU" 1999
4 2000 4.4 14.55 0 0 0 "BU" 2000
4 2002 3.2 12.35 0 0 0 "BU" 2002
4 2004 1.36666666666667 11.95 0 0 0 "BU" 2004
4 2006 1 12.6 0 0 0 "BU" 2006
4 2008 2.675 11.3125 0 0 0 "BU" 2008
4 2009 2 12.75 0 0 0 "BU" 2009
4 2010 0.8 13.8 0 0 0 "BU" 2010
4 2011 0.1 9.1 0 0 0 "BU" 2011
4 2012 0 17.1 0 0 0 "BU" 2012
4 2013 10.4 11.7 0 0 0 "BU" 2013
4 2014 0.8 11.1 0 0 0 "BU" 2014
4 2017 4.7 7.4 0 0 0 "BU" 2017
5 1973 0.969565217391304 15.7826086956522 0 0 0 "BU" 1973
5 1974 2.07826086956522 15.2391304347826 0 0 0 "BU" 1974
5 1975 1.06842105263158 17.2631578947368 0 0 0 "BU" 1975
5 1976 0.954545454545455 14.3409090909091 0 0 0 "BU" 1976
5 1977 1.14444444444444 14.5555555555556 0 0 0 "BU" 1977
5 1978 1.05833333333333 15.375 0 0 0 "BU" 1978
5 1979 0.104 17.26 0 0 0 "BU" 1979
5 1980 1.71481481481481 14.462962962963 0 0 0 "BU" 1980
5 1981 2.10769230769231 13.6730769230769 0 0 0 "BU" 1981
5 1982 0.01875 15.578125 0 0 0 "BU" 1982
5 1983 0 16.3428571428571 0 0 0 "BU" 1983
5 1984 0.294444444444444 14.55 0 0 0 "BU" 1984
5 1985 0.166666666666667 16.4047619047619 0 0 0 "BU" 1985
5 1986 1.6 14.09 0 0 0 "BU" 1986
5 1987 0.13 14.205 0 0 0 "BU" 1987
5 1988 1.675 13.7291666666667 0 0 0 "BU" 1988
5 1989 0.209090909090909 15.4909090909091 0 0 0 "BU" 1989
5 1990 0.0611111111111111 14.725 0 0 0 "BU" 1990
5 1991 4.22 13.73 0 0 0 "BU" 1991
5 1992 8.13333333333333 13.3166666666667 0 0 0 "BU" 1992
5 1993 3.3 18 0 0 0 "BU" 1993
5 1995 0.333333333333333 13.2333333333333 0 0 0 "BU" 1995
5 1997 0 17.65 0 0 0 "BU" 1997
5 1999 0 15.95 0 0 0 "BU" 1999
5 2001 0.9 16.05 0 0 0 "BU" 2001
5 2004 11.2 16.05 0 0 0 "BU" 2004
5 2005 1.06 18.14 0 0 0 "BU" 2005
5 2007 0 19.5 0 0 0 "BU" 2007
5 2008 1.8 14.05 0 0 0 "BU" 2008
5 2009 1 14.075 0 0 0 "BU" 2009
5 2011 0 9.9 0 0 0 "BU" 2011
5 2012 0.266666666666667 16.6833333333333 0 0 0 "BU" 2012
5 2014 7 13.5 0 0 0 "BU" 2014
5 2016 11.75 12.65 0 0 0 "BU" 2016
5 2018 8.2 18.6 0 0 0 "BU" 2018
6 1973 1.3952380952381 19.1190476190476 0 0 0 "BU" 1973
6 1974 0.291666666666667 19.3958333333333 0 0 0 "BU" 1974
6 1975 4.375 20.90625 0 0 0 "BU" 1975
6 1976 0.990476190476191 18.8809523809524 0 0 0 "BU" 1976
6 1977 1.1047619047619 19.3571428571429 0 0 0 "BU" 1977
6 1978 1.74347826086957 19.7173913043478 0 0 0 "BU" 1978
6 1979 1.73181818181818 21.8636363636364 0 0 0 "BU" 1979
6 1980 1.71818181818182 18.9772727272727 0 0 0 "BU" 1980
6 1981 0.148275862068966 21.1551724137931 0 0 0 "BU" 1981
6 1982 2.95 20.39 0 0 0 "BU" 1982
6 1983 0.44375 19.5375 0 0 0 "BU" 1983
6 1984 0 19.2821428571429 0 0 0 "BU" 1984
6 1985 1.50714285714286 19.1714285714286 0 0 0 "BU" 1985
6 1986 0.463636363636364 22.2272727272727 0 0 0 "BU" 1986
6 1987 3.37857142857143 19.6928571428571 0 0 0 "BU" 1987
6 1988 0.913333333333333 19.6466666666667 0 0 0 "BU" 1988
6 1989 0.64 19.4033333333333 0 0 0 "BU" 1989
6 1990 7.58823529411765 20.5647058823529 0 0 0 "BU" 1990
6 1991 3.05 18.575 0 0 0 "BU" 1991
6 1992 0 23.35 0 0 0 "BU" 1992
6 1994 0 20.1 0 0 0 "BU" 1994
6 1995 0 19.25 0 0 0 "BU" 1995
6 1997 4.3 22.5 0 0 0 "BU" 1997
6 1998 2 20.85 0 0 0 "BU" 1998
6 1999 11.55 20.575 0 0 0 "BU" 1999
6 2001 2 19.85 0 0 0 "BU" 2001
6 2002 0 21.25 0 0 0 "BU" 2002
6 2004 1.15 19.5625 0 0 0 "BU" 2004
6 2005 0.65 16.2 0 0 0 "BU" 2005
6 2006 0 18.5 0 0 0 "BU" 2006
6 2014 7.53333333333333 18.5166666666667 0 0 0 "BU" 2014
6 2015 0 22.25 0 0 0 "BU" 2015
7 1973 1.62307692307692 22.0192307692308 0 0 0 "BU" 1973
7 1974 1.73809523809524 20.3333333333333 0 0 0 "BU" 1974
7 1975 1.23636363636364 23.0909090909091 0 0 0 "BU" 1975
7 1976 1.7 22.1379310344828 0 0 0 "BU" 1976
7 1977 1.10526315789474 21.7631578947368 0 0 0 "BU" 1977
7 1978 0.385714285714286 21.4285714285714 0 0 0 "BU" 1978
7 1979 3.55652173913043 21.195652173913 0 0 0 "BU" 1979
7 1980 0.245833333333333 21.8541666666667 0 0 0 "BU" 1980
7 1981 0.129166666666667 21.75 0 0 0 "BU" 1981
7 1982 1.1375 21.4 0 0 0 "BU" 1982
7 1983 0.809090909090909 23.3090909090909 0 0 0 "BU" 1983
7 1984 0 21.59 0 0 0 "BU" 1984
7 1985 0.378260869565217 21.45 0 0 0 "BU" 1985
7 1986 0.722222222222222 22.3833333333333 0 0 0 "BU" 1986
7 1987 0 22.9125 0 0 0 "BU" 1987
7 1988 0 24.4366666666667 0 0 0 "BU" 1988
7 1989 0 22.0605263157895 0 0 0 "BU" 1989
7 1990 0 22.9690476190476 0 0 0 "BU" 1990
7 1991 33.7 22.7666666666667 0 0 0 "BU" 1991
7 1992 0.25 22.85 0 0 0 "BU" 1992
7 1995 0 21.5 0 0 0 "BU" 1995
7 1997 30.5 21.25 0 0 0 "BU" 1997
7 1998 0 22.95 0 0 0 "BU" 1998
7 1999 6.2 23.85 0 0 0 "BU" 1999
7 2001 12.2 24.85 0 0 0 "BU" 2001
7 2002 19.1 22.5 0 0 0 "BU" 2002
7 2003 19.3 25 0 0 0 "BU" 2003
7 2004 0 22.8 0 0 0 "BU" 2004
7 2005 1 21.9 0 0 0 "BU" 2005
7 2009 0 25.6666666666667 0 0 0 "BU" 2009
7 2010 4.3 23.225 0 0 0 "BU" 2010
7 2014 2.5 20.8 0 0 0 "BU" 2014
8 1973 1.31111111111111 21.462962962963 0 0 0 "BU" 1973
8 1974 0.99 22.7 0 0 0 "BU" 1974
8 1975 0.963157894736842 22.2894736842105 0 0 0 "BU" 1975
8 1976 1.665 19.675 0 0 0 "BU" 1976
8 1977 0 19.25 0 0 0 "BU" 1977
8 1978 0.647826086956522 20.9565217391304 0 0 0 "BU" 1978
8 1979 1.876 22.04 0 0 0 "BU" 1979
8 1980 1.13333333333333 21.6041666666667 0 0 0 "BU" 1980
8 1981 1.27931034482759 22.0172413793103 0 0 0 "BU" 1981
8 1982 1.28333333333333 21.7638888888889 0 0 0 "BU" 1982
8 1983 0.115 21.0875 0 0 0 "BU" 1983
8 1984 1.32631578947368 20.4078947368421 0 0 0 "BU" 1984
8 1985 0 23.8666666666667 0 0 0 "BU" 1985
8 1986 0.0588235294117647 23.1382352941176 0 0 0 "BU" 1986
8 1987 1.17894736842105 21.4105263157895 0 0 0 "BU" 1987
8 1988 0 23.2525 0 0 0 "BU" 1988
8 1989 0 23.1904761904762 0 0 0 "BU" 1989
8 1990 0 22.755 0 0 0 "BU" 1990
8 1991 0 24.25 0 0 0 "BU" 1991
8 1993 0 22.45 0 0 0 "BU" 1993
8 1994 0 19.65 0 0 0 "BU" 1994
8 1997 16.5 19.7 0 0 0 "BU" 1997
8 1998 0 27.8 0 0 0 "BU" 1998
8 1999 5.1 23.95 0 0 0 "BU" 1999
8 2003 0 22.1 0 0 0 "BU" 2003
8 2004 16.8 20.4 0 0 0 "BU" 2004
8 2005 12.55 21.2 0 0 0 "BU" 2005
8 2007 3.6 22 0 0 0 "BU" 2007
8 2009 0 25.15 0 0 0 "BU" 2009
8 2011 23.25 19.425 0 0 0 "BU" 2011
8 2012 0 23.05 0 0 0 "BU" 2012
8 2016 0 24.9 0 0 0 "BU" 2016
9 1973 0.175 18.96875 0 0 0 "BU" 1973
9 1974 0.075 19.75 0 0 0 "BU" 1974
9 1975 0.215384615384615 20.5 0 0 0 "BU" 1975
9 1976 0.345 17.425 0 0 0 "BU" 1976
9 1977 0.408695652173913 17.7608695652174 0 0 0 "BU" 1977
9 1978 0.2 17.8611111111111 0 0 0 "BU" 1978
9 1979 0.341666666666667 19.6666666666667 0 0 0 "BU" 1979
9 1980 0.690909090909091 18.2954545454545 0 0 0 "BU" 1980
9 1981 0.08 19.24 0 0 0 "BU" 1981
9 1982 3.00833333333333 20.8416666666667 0 0 0 "BU" 1982
9 1983 0 19.0285714285714 0 0 0 "BU" 1983
9 1984 0.435294117647059 19.9 0 0 0 "BU" 1984
9 1985 0 18.1333333333333 0 0 0 "BU" 1985
9 1986 0.130434782608696 19.8239130434783 0 0 0 "BU" 1986
9 1987 0.54 19.78 0 0 0 "BU" 1987
9 1988 0.321052631578947 18.6684210526316 0 0 0 "BU" 1988
9 1989 1.91428571428571 18.4285714285714 0 0 0 "BU" 1989
9 1990 1.68125 17.94375 0 0 0 "BU" 1990
9 1991 0 20.3 0 0 0 "BU" 1991
9 1992 0 18.9 0 0 0 "BU" 1992
9 1995 0 14.05 0 0 0 "BU" 1995
9 1997 1 20.7 0 0 0 "BU" 1997
9 1998 12.0333333333333 16.0333333333333 0 0 0 "BU" 1998
9 1999 0.5 19.9 0 0 0 "BU" 1999
9 2000 1.8 23.95 0 0 0 "BU" 2000
9 2001 5.1 24.75 0 0 0 "BU" 2001
9 2002 114.733333333333 16.5333333333333 0 0 0 "BU" 2002
9 2003 9.775 15.7125 0 0 0 "BU" 2003
9 2004 5.7 17.7 0 0 0 "BU" 2004
9 2005 2.86666666666667 17.1666666666667 0 0 0 "BU" 2005
9 2006 36.6 14.9 0 0 0 "BU" 2006
9 2007 1 21.075 0 0 0 "BU" 2007
9 2008 17.3 13.15 0 0 0 "BU" 2008
9 2009 9.1 14.3 0 0 0 "BU" 2009
9 2013 20.3 11.65 0 0 0 "BU" 2013
9 2014 0 19.5 0 0 0 "BU" 2014
9 2015 4.3 13 0 0 0 "BU" 2015
9 2016 18.3 15.8 0 0 0 "BU" 2016
9 2018 2.8 14 0 0 0 "BU" 2018
10 1973 0.0555555555555556 15.3888888888889 0 0 0 "BU" 1973
10 1974 0.67037037037037 16.2407407407407 0 0 0 "BU" 1974
10 1975 5.15294117647059 13.7941176470588 0 0 0 "BU" 1975
10 1976 1.04444444444444 12.75 0 0 0 "BU" 1976
10 1977 0.538461538461538 11.7307692307692 0 0 0 "BU" 1977
10 1978 0.107692307692308 13.9807692307692 0 0 0 "BU" 1978
10 1979 1.12380952380952 12.8333333333333 0 0 0 "BU" 1979
10 1980 1.17727272727273 14.7272727272727 0 0 0 "BU" 1980
10 1981 0.322727272727273 15.3636363636364 0 0 0 "BU" 1981
10 1982 0 14.6846153846154 0 0 0 "BU" 1982
10 1983 0.661111111111111 13.2638888888889 0 0 0 "BU" 1983
10 1984 0.31875 17.609375 0 0 0 "BU" 1984
10 1985 0.25625 11.65625 0 0 0 "BU" 1985
10 1986 0.14375 12.31875 0 0 0 "BU" 1986
10 1987 0 11.8045454545455 0 0 0 "BU" 1987
10 1988 0 13.565625 0 0 0 "BU" 1988
10 1989 1.43888888888889 11.8777777777778 0 0 0 "BU" 1989
10 1990 0.242105263157895 13.4078947368421 0 0 0 "BU" 1990
10 1991 7.32857142857143 12.7071428571429 0 0 0 "BU" 1991
10 1993 0.266666666666667 14.4 0 0 0 "BU" 1993
10 1994 3.13333333333333 12.0333333333333 0 0 0 "BU" 1994
10 1995 3.225 10.85 0 0 0 "BU" 1995
10 1997 2.05 13.3 0 0 0 "BU" 1997
10 1998 0 14.875 0 0 0 "BU" 1998
10 1999 0 20.25 0 0 0 "BU" 1999
10 2002 13 11.6 0 0 0 "BU" 2002
10 2003 5.44 12.76 0 0 0 "BU" 2003
10 2004 0 15.7 0 0 0 "BU" 2004
10 2005 1.46 9.47 0 0 0 "BU" 2005
10 2007 2.3 15.2333333333333 0 0 0 "BU" 2007
10 2009 16.55 12.4 0 0 0 "BU" 2009
10 2010 0.666666666666667 12.2 0 0 0 "BU" 2010
10 2011 2.2 9.8 0 0 0 "BU" 2011
10 2013 0.4 9.825 0 0 0 "BU" 2013
10 2014 0.933333333333333 6.56666666666667 0 0 0 "BU" 2014
10 2015 0.3 12.3 0 0 0 "BU" 2015
10 2016 4.33333333333333 13.4166666666667 0 0 0 "BU" 2016
10 2017 23.1 10.5 0 0 0 "BU" 2017
11 1973 0.41 7.225 0 0 0 "BU" 1973
11 1974 0.738095238095238 7.69047619047619 0 0 0 "BU" 1974
11 1975 0.0625 7.34375 0 0 0 "BU" 1975
11 1976 1.57894736842105 9.1578947368421 0 0 0 "BU" 1976
11 1977 1.05555555555556 11.1666666666667 0 0 0 "BU" 1977
11 1978 0.0130434782608696 7.43478260869565 0 0 0 "BU" 1978
11 1979 1.26666666666667 9.26190476190476 0 0 0 "BU" 1979
11 1980 0.510526315789474 9.5 0 0 0 "BU" 1980
11 1981 0.839130434782609 6.97826086956522 0 0 0 "BU" 1981
11 1982 0 8 0 0 0 "BU" 1982
11 1983 0 6.634375 0 0 0 "BU" 1983
11 1984 3.96 9.745 0 0 0 "BU" 1984
11 1985 1.4 9.23 0 0 0 "BU" 1985
11 1986 0 6.27666666666667 0 0 0 "BU" 1986
11 1987 0.7625 8.840625 0 0 0 "BU" 1987
11 1988 0.8875 4.0625 0 0 0 "BU" 1988
11 1989 0 10.625 0 0 0 "BU" 1989
11 1990 0.0272727272727273 10.5090909090909 0 0 0 "BU" 1990
11 1991 0.877777777777778 5.95 0 0 0 "BU" 1991
11 1992 0 9.31666666666667 0 0 0 "BU" 1992
11 1993 0 0.0666666666666667 0 0 0 "BU" 1993
11 1995 0 4.45 0 0 0 "BU" 1995
11 1997 2.96666666666667 7.23333333333333 0 0 0 "BU" 1997
11 1999 2.18 7.85 0 0 0 "BU" 1999
11 2000 0 13.55 0 0 0 "BU" 2000
11 2002 11.9 6 0 0 0 "BU" 2002
11 2003 2.83333333333333 8.13333333333333 0 0 0 "BU" 2003
11 2004 0 15.7 0 0 0 "BU" 2004
11 2005 2.18 7.51 0 0 0 "BU" 2005
11 2006 0 7.5 0 0 0 "BU" 2006
11 2007 7.3 6.11666666666667 0 0 0 "BU" 2007
11 2008 0.15 12.175 0 0 0 "BU" 2008
11 2010 0 9.85 0 0 0 "BU" 2010
11 2011 0 4.13333333333333 0 0 0 "BU" 2011
11 2012 0 9.3 0 0 0 "BU" 2012
11 2013 0.06 12.41 0 0 0 "BU" 2013
11 2014 0 4.375 0 0 0 "BU" 2014
11 2017 14 9.475 0 0 0 "BU" 2017
11 2018 3.9 5.94 0 0 0 "BU" 2018
12 1973 1.46818181818182 3.25 0 0 0 "BU" 1973
12 1974 3.06111111111111 5.05555555555556 0 0 0 "BU" 1974
12 1975 0.0130434782608696 3.56521739130435 0 0 0 "BU" 1975
12 1976 0.605 4.75 0 0 0 "BU" 1976
12 1977 0.661111111111111 1.55555555555556 0 0 0 "BU" 1977
12 1978 2.48181818181818 4.90909090909091 0 0 0 "BU" 1978
12 1979 0.183333333333333 6.5 0 0 0 "BU" 1979
12 1980 0.986363636363636 5.06818181818182 0 0 0 "BU" 1980
12 1981 0.48 7.125 0 0 0 "BU" 1981
12 1982 0 7.20625 0 0 0 "BU" 1982
12 1983 0.957142857142857 5.16071428571429 0 0 0 "BU" 1983
12 1984 0.41 2.805 0 0 0 "BU" 1984
12 1985 0.0263157894736842 7.01052631578947 0 0 0 "BU" 1985
12 1986 0.493333333333333 2.6 0 0 0 "BU" 1986
12 1987 0.675 3.30416666666667 0 0 0 "BU" 1987
12 1988 0.208333333333333 3.4 0 0 0 "BU" 1988
12 1989 0 8 0 0 0 "BU" 1989
12 1990 1.78 8.55 0 0 0 "BU" 1990
12 1991 0.2 -1.65 0 0 0 "BU" 1991
12 1992 15 5.175 0 0 0 "BU" 1992
12 1993 0 -1.95 0 0 0 "BU" 1993
12 1994 7.5 1.75 0 0 0 "BU" 1994
12 1995 1.025 5.85 0 0 0 "BU" 1995
12 1997 0 5.35 0 0 0 "BU" 1997
12 1998 0 -0.05 0 0 0 "BU" 1998
12 1999 0.15 11.175 0 0 0 "BU" 1999
12 2000 0.3 8.9 0 0 0 "BU" 2000
12 2002 0 8.4 0 0 0 "BU" 2002
12 2003 1.15 6.31666666666667 0 0 0 "BU" 2003
12 2004 0 9.8 0 0 0 "BU" 2004
12 2005 0.375 5.65 0 0 0 "BU" 2005
12 2006 0.166666666666667 6.1 0 0 0 "BU" 2006
12 2007 4.86666666666667 1.91666666666667 0 0 0 "BU" 2007
12 2008 0.575 3.925 0 0 0 "BU" 2008
12 2009 3.4375 3.575 0 0 0 "BU" 2009
12 2010 3.56666666666667 4.6 0 0 0 "BU" 2010
12 2011 0 0.4 0 0 0 "BU" 2011
12 2012 2.6 -0.8125 0 0 0 "BU" 2012
12 2013 2.3 2.1 0 0 0 "BU" 2013
12 2014 3.8 5.35 0 0 0 "BU" 2014
12 2016 0 4 0 0 0 "BU" 2016
12 2017 0 14.6 0 0 0 "BU" 2017
12 2018 5.8 8 0 0 0 "BU" 2018
1 1973 0.729411764705882 -1.70588235294118 0 0 0 "BU" 1973
1 1974 0.42962962962963 -0.444444444444444 0 0 0 "BU" 1974
1 1975 0.140909090909091 -0.840909090909091 0 0 0 "BU" 1975
1 1976 0.438888888888889 1.05555555555556 0 0 0 "BU" 1976
1 1977 0.85 -0.386363636363636 0 0 0 "BU" 1977
1 1978 0.384210526315789 -0.789473684210526 0 0 0 "BU" 1978
1 1979 0.5 -2.54545454545455 0 0 0 "BU" 1979
1 1980 0.3 -4.22222222222222 0 0 0 "BU" 1980
1 1981 0.663636363636364 -3.65909090909091 0 0 0 "BU" 1981
1 1982 0.1 -1.05 0 0 0 "BU" 1982
1 1983 0.06 3.17 0 0 0 "BU" 1983
1 1984 0.554545454545455 0.65 0 0 0 "BU" 1984
1 1985 0.233333333333333 -1.24583333333333 0 0 0 "BU" 1985
1 1986 0.976923076923077 0.0653846153846154 0 0 0 "BU" 1986
1 1987 1.64444444444444 -4.71111111111111 0 0 0 "BU" 1987
1 1988 0.0130434782608696 2.52391304347826 0 0 0 "BU" 1988
1 1989 0 -0.168421052631579 0 0 0 "BU" 1989
1 1990 0.18 -3.3675 0 0 0 "BU" 1990
1 1991 0 -0.433333333333334 0 0 0 "BU" 1991
1 1992 0 -4.45 0 0 0 "BU" 1992
1 1994 0.55 1.58333333333333 0 0 0 "BU" 1994
1 1995 1.225 -2.9375 0 0 0 "BU" 1995
1 1997 0 0.25 0 0 0 "BU" 1997
1 1998 0.1 0.81 0 0 0 "BU" 1998
1 1999 0.7375 -1.18125 0 0 0 "BU" 1999
1 2000 0 -7 0 0 0 "BU" 2000
1 2001 1.525 -1.2375 0 0 0 "BU" 2001
1 2002 1.5 1.05 0 0 0 "BU" 2002
1 2004 1.575 -1.80625 0 0 0 "BU" 2004
1 2005 4.05 -4.025 0 0 0 "BU" 2005
1 2006 4.7 1.4875 0 0 0 "BU" 2006
1 2007 13.7 7.45 0 0 0 "BU" 2007
1 2008 0.1 -0.5 0 0 0 "BU" 2008
1 2009 0.15 -2.425 0 0 0 "BU" 2009
1 2010 1.25 -1.025 0 0 0 "BU" 2010
1 2011 0 -1.35 0 0 0 "BU" 2011
1 2014 2.53333333333333 -3.23333333333333 0 0 0 "BU" 2014
1 2015 0 3.5 0 0 0 "BU" 2015
1 2016 3.3 -5.725 0 0 0 "BU" 2016
1 2017 5.725 -4.9375 0 0 0 "BU" 2017
1 2018 0.75 2.075 0 0 0 "BU" 2018
1 2019 0.816666666666667 -2.60833333333333 0 0 0 "BU" 2019
2 1973 1.04444444444444 1.88888888888889 0 0 0 "BU" 1973
2 1974 0.382352941176471 3.20588235294118 0 0 0 "BU" 1974
2 1975 3.14210526315789 -0.947368421052632 0 0 0 "BU" 1975
2 1976 0.233333333333333 -0.571428571428571 0 0 0 "BU" 1976
2 1977 0.6 6.97058823529412 0 0 0 "BU" 1977
2 1978 1.005 1.975 0 0 0 "BU" 1978
2 1979 0.809090909090909 1.47727272727273 0 0 0 "BU" 1979
2 1980 0.270588235294118 0.941176470588235 0 0 0 "BU" 1980
2 1981 0.777272727272727 -0.636363636363636 0 0 0 "BU" 1981
2 1982 0 -1.88571428571429 0 0 0 "BU" 1982
2 1983 0.766666666666667 0.1 0 0 0 "BU" 1983
2 1984 0.772222222222222 0.419444444444444 0 0 0 "BU" 1984
2 1985 0.05 -4.69 0 0 0 "BU" 1985
2 1986 0.51 0.115 0 0 0 "BU" 1986
2 1987 1.94615384615385 3.04615384615385 0 0 0 "BU" 1987
2 1988 1.90909090909091 2.30454545454545 0 0 0 "BU" 1988
2 1989 0.152941176470588 3.32941176470588 0 0 0 "BU" 1989
2 1990 0.789473684210526 5.05789473684211 0 0 0 "BU" 1990
2 1991 0 0.5 0 0 0 "BU" 1991
2 1994 0.766666666666667 0.433333333333333 0 0 0 "BU" 1994
2 1995 0 0.75 0 0 0 "BU" 1995
2 1997 0.666666666666667 1.76666666666667 0 0 0 "BU" 1997
2 1998 1.5 -3.1 0 0 0 "BU" 1998
2 1999 1.66666666666667 0.291666666666667 0 0 0 "BU" 1999
2 2000 0.666666666666667 -1.3 0 0 0 "BU" 2000
2 2001 0.3 0.8 0 0 0 "BU" 2001
2 2003 0 -2.65 0 0 0 "BU" 2003
2 2004 1.62 2.59 0 0 0 "BU" 2004
2 2005 0.716666666666667 1.06666666666667 0 0 0 "BU" 2005
2 2006 1.7 1.21666666666667 0 0 0 "BU" 2006
2 2007 2.55 4.675 0 0 0 "BU" 2007
2 2008 0 -2.7 0 0 0 "BU" 2008
2 2009 5 0.466666666666667 0 0 0 "BU" 2009
2 2010 8.4 -5.05 0 0 0 "BU" 2010
2 2012 1.5 -6.9 0 0 0 "BU" 2012
2 2013 0.5 6.25 0 0 0 "BU" 2013
2 2014 0 -0.875 0 0 0 "BU" 2014
2 2015 1.8 -4.3 0 0 0 "BU" 2015
2 2016 1.38 9.45 0 0 0 "BU" 2016
2 2017 0 0.25 0 0 0 "BU" 2017
2 2018 0 4.5 0 0 0 "BU" 2018
3 1973 1.108 2.3 0 0 0 "BU" 1973
3 1974 0.6 5.64 0 0 0 "BU" 1974
3 1975 0.876 8.08 0 0 0 "BU" 1975
3 1976 0.509523809523809 3.80952380952381 0 0 0 "BU" 1976
3 1977 1.16190476190476 8.40476190476191 0 0 0 "BU" 1977
3 1978 1.17391304347826 6.12826086956522 0 0 0 "BU" 1978
3 1979 0.392592592592593 7.7037037037037 0 0 0 "BU" 1979
3 1980 0.85 4.33333333333333 0 0 0 "BU" 1980
3 1981 1.07037037037037 7.31481481481481 0 0 0 "BU" 1981
3 1982 0.164285714285714 3.31071428571429 0 0 0 "BU" 1982
3 1983 0.0142857142857143 6.4452380952381 0 0 0 "BU" 1983
3 1984 1.01538461538462 2.72307692307692 0 0 0 "BU" 1984
3 1985 0.792857142857143 5.05357142857143 0 0 0 "BU" 1985
3 1986 0.180952380952381 4.95 0 0 0 "BU" 1986
3 1987 0.5 0.726315789473684 0 0 0 "BU" 1987
3 1988 1.09411764705882 4.11764705882353 0 0 0 "BU" 1988
3 1989 0.0941176470588235 8.56764705882353 0 0 0 "BU" 1989
3 1990 1 9.1452380952381 0 0 0 "BU" 1990
3 1991 0.133333333333333 7.36666666666667 0 0 0 "BU" 1991
3 1992 0 1.6 0 0 0 "BU" 1992
3 1993 0.828571428571429 -0.592857142857143 0 0 0 "BU" 1993
3 1994 0 7.95 0 0 0 "BU" 1994
3 1995 5.775 3.95 0 0 0 "BU" 1995
3 1997 0 7 0 0 0 "BU" 1997
3 1998 0.1 0.78 0 0 0 "BU" 1998
3 1999 2.7 5.22142857142857 0 0 0 "BU" 1999
3 2000 0 1.25 0 0 0 "BU" 2000
3 2001 0 5.725 0 0 0 "BU" 2001
3 2002 1.46666666666667 2.81666666666667 0 0 0 "BU" 2002
3 2003 0 6.4 0 0 0 "BU" 2003
3 2004 0.825 5.475 0 0 0 "BU" 2004
3 2005 3.22 2.54 0 0 0 "BU" 2005
3 2006 5.45 -0.675 0 0 0 "BU" 2006
3 2007 1.96666666666667 9.03333333333333 0 0 0 "BU" 2007
3 2008 1.9 8.75 0 0 0 "BU" 2008
3 2009 0.5 7.2 0 0 0 "BU" 2009
3 2010 2.94 9.2 0 0 0 "BU" 2010
3 2012 1.5 9.45 0 0 0 "BU" 2012
3 2013 1.26666666666667 7.46666666666667 0 0 0 "BU" 2013
3 2014 0 14.275 0 0 0 "BU" 2014
3 2016 5.25 7.0875 0 0 0 "BU" 2016
3 2017 0 8.1 0 0 0 "BU" 2017
3 2018 0.875 7.5 0 0 0 "BU" 2018
4 1973 3.05 9.4 0 0 0 "BU" 1973
4 1974 1.1304347826087 7.47826086956522 0 0 0 "BU" 1974
4 1975 2.27727272727273 11.2272727272727 0 0 0 "BU" 1975
4 1976 4.87826086956522 9.80434782608696 0 0 0 "BU" 1976
4 1977 0.133333333333333 10.5333333333333 0 0 0 "BU" 1977
4 1978 0.945833333333333 9.39583333333333 0 0 0 "BU" 1978
4 1979 0.895454545454545 9.40909090909091 0 0 0 "BU" 1979
4 1980 1.52592592592593 8.22222222222222 0 0 0 "BU" 1980
4 1981 1.344 9.46 0 0 0 "BU" 1981
4 1982 1.15384615384615 10.2307692307692 0 0 0 "BU" 1982
4 1983 0.4375 13.09375 0 0 0 "BU" 1983
4 1984 1.48571428571429 7.37142857142857 0 0 0 "BU" 1984
4 1985 0.257142857142857 12.3642857142857 0 0 0 "BU" 1985
4 1986 1.22173913043478 14.5717391304348 0 0 0 "BU" 1986
4 1987 1.50625 10.275 0 0 0 "BU" 1987
4 1988 1.73125 8.171875 0 0 0 "BU" 1988
4 1989 0.642105263157895 14.1921052631579 0 0 0 "BU" 1989
4 1990 2.36470588235294 11.4735294117647 0 0 0 "BU" 1990
4 1991 4.8 9.65 0 0 0 "BU" 1991
4 1993 1.53333333333333 8.41666666666667 0 0 0 "BU" 1993
4 1994 1.98571428571429 12.0285714285714 0 0 0 "BU" 1994
4 1995 2.55 10.75 0 0 0 "BU" 1995
4 1997 0.15 1.025 0 0 0 "BU" 1997
4 1998 4.3 10.3166666666667 0 0 0 "BU" 1998
4 1999 3.04 12.54 0 0 0 "BU" 1999
4 2000 0 15.4 0 0 0 "BU" 2000
4 2001 6.46 10.71 0 0 0 "BU" 2001
4 2003 5.9125 6.8 0 0 0 "BU" 2003
4 2004 0.2875 12.14375 0 0 0 "BU" 2004
4 2005 2.87142857142857 9.52857142857143 0 0 0 "BU" 2005
4 2006 0.3 11.5583333333333 0 0 0 "BU" 2006
4 2007 0.125 11.05 0 0 0 "BU" 2007
4 2008 0.3 14.2 0 0 0 "BU" 2008
4 2009 0.666666666666667 10.1333333333333 0 0 0 "BU" 2009
4 2010 2.4 10.525 0 0 0 "BU" 2010
4 2011 0 13.1 0 0 0 "BU" 2011
4 2012 2.96666666666667 11.2666666666667 0 0 0 "BU" 2012
4 2013 0.25 9.5 0 0 0 "BU" 2013
4 2014 1.3 7.95 0 0 0 "BU" 2014
4 2015 3.8 7.8 0 0 0 "BU" 2015
4 2017 2.86 10.77 0 0 0 "BU" 2017
4 2018 2.06 13.98 0 0 0 "BU" 2018
5 1973 2.23478260869565 15.9782608695652 0 0 0 "BU" 1973
5 1974 4.88 12.76 0 0 0 "BU" 1974
5 1975 2.67083333333333 15.25 0 0 0 "BU" 1975
5 1976 4.45217391304348 13.0652173913043 0 0 0 "BU" 1976
5 1977 1.965 15.625 0 0 0 "BU" 1977
5 1978 2 13.38 0 0 0 "BU" 1978
5 1979 2.61481481481481 14.4074074074074 0 0 0 "BU" 1979
5 1980 3.36538461538462 13.2115384615385 0 0 0 "BU" 1980
5 1981 2.34642857142857 13.1607142857143 0 0 0 "BU" 1981
5 1982 0.526666666666667 14.9966666666667 0 0 0 "BU" 1982
5 1983 0.275 16.178125 0 0 0 "BU" 1983
5 1984 0.573684210526316 16.2368421052632 0 0 0 "BU" 1984
5 1985 1.28666666666667 16.6 0 0 0 "BU" 1985
5 1986 0.742857142857143 15.9142857142857 0 0 0 "BU" 1986
5 1987 0.62 13.775 0 0 0 "BU" 1987
5 1988 0.292857142857143 14.1035714285714 0 0 0 "BU" 1988
5 1989 1.275 14.775 0 0 0 "BU" 1989
5 1990 0.0588235294117647 13.9882352941176 0 0 0 "BU" 1990
5 1992 0 12.6 0 0 0 "BU" 1992
5 1993 2.73333333333333 16.1666666666667 0 0 0 "BU" 1993
5 1994 6.5 15.3 0 0 0 "BU" 1994
5 1995 9.14 12.17 0 0 0 "BU" 1995
5 1997 20.1 11.95 0 0 0 "BU" 1997
5 1998 1.6 15.84 0 0 0 "BU" 1998
5 1999 5.96666666666667 12.875 0 0 0 "BU" 1999
5 2000 0 14.025 0 0 0 "BU" 2000
5 2001 7.025 13.7375 0 0 0 "BU" 2001
5 2003 12.34 16.23 0 0 0 "BU" 2003
5 2004 2.8 10.3125 0 0 0 "BU" 2004
5 2005 4.08888888888889 14.65 0 0 0 "BU" 2005
5 2006 1.0125 16.20625 0 0 0 "BU" 2006
5 2007 2.3 19.3833333333333 0 0 0 "BU" 2007
5 2008 2.325 15.25 0 0 0 "BU" 2008
5 2009 0.333333333333333 18.0833333333333 0 0 0 "BU" 2009
5 2010 1.15 13.5125 0 0 0 "BU" 2010
5 2011 0 10.6 0 0 0 "BU" 2011
5 2012 0.266666666666667 15.6166666666667 0 0 0 "BU" 2012
5 2016 1.6 12.4333333333333 0 0 0 "BU" 2016
5 2017 0 14.5 0 0 0 "BU" 2017
5 2018 1.4 16.225 0 0 0 "BU" 2018
6 1973 3.82692307692308 17.5576923076923 0 0 0 "BU" 1973
6 1974 2.79583333333333 16.4583333333333 0 0 0 "BU" 1974
6 1975 1.625 18.275 0 0 0 "BU" 1975
6 1976 3.80416666666667 16.125 0 0 0 "BU" 1976
6 1977 3.56190476190476 16.9761904761905 0 0 0 "BU" 1977
6 1978 2.06666666666667 17.625 0 0 0 "BU" 1978
6 1979 1.74444444444444 19.2037037037037 0 0 0 "BU" 1979
6 1980 1.13461538461538 18.3076923076923 0 0 0 "BU" 1980
6 1981 0.654166666666667 19.8958333333333 0 0 0 "BU" 1981
6 1982 0.955555555555556 20.2305555555556 0 0 0 "BU" 1982
6 1983 4.24285714285714 16.3964285714286 0 0 0 "BU" 1983
6 1984 0.44375 17.7375 0 0 0 "BU" 1984
6 1985 1.77857142857143 18.1357142857143 0 0 0 "BU" 1985
6 1986 3.20714285714286 19.1964285714286 0 0 0 "BU" 1986
6 1987 0.0526315789473684 20.2157894736842 0 0 0 "BU" 1987
6 1988 2.21538461538462 18.0576923076923 0 0 0 "BU" 1988
6 1989 3.38823529411765 16.1794117647059 0 0 0 "BU" 1989
6 1990 2.43529411764706 19.5764705882353 0 0 0 "BU" 1990
6 1992 0 14.9 0 0 0 "BU" 1992
6 1993 0 25.7 0 0 0 "BU" 1993
6 1994 5.55714285714286 16.35 0 0 0 "BU" 1994
6 1995 4.55 18.6875 0 0 0 "BU" 1995
6 1998 6.56 17.72 0 0 0 "BU" 1998
6 1999 6.38 18.64 0 0 0 "BU" 1999
6 2000 9.9 15 0 0 0 "BU" 2000
6 2001 4.55 14.725 0 0 0 "BU" 2001
6 2002 2.3 15.125 0 0 0 "BU" 2002
6 2003 4.02 20 0 0 0 "BU" 2003
6 2004 3.875 15.425 0 0 0 "BU" 2004
6 2005 2.9 15.1 0 0 0 "BU" 2005
6 2006 8.31818181818182 16.7545454545455 0 0 0 "BU" 2006
6 2007 0.266666666666667 24.4666666666667 0 0 0 "BU" 2007
6 2008 7.1 15.75 0 0 0 "BU" 2008
6 2009 1 21.3 0 0 0 "BU" 2009
6 2010 9.9 18.1 0 0 0 "BU" 2010
6 2013 7.35 18.15 0 0 0 "BU" 2013
6 2016 8 18.4625 0 0 0 "BU" 2016
6 2017 0 21.8 0 0 0 "BU" 2017
6 2018 6.45454545454545 18.5954545454545 0 0 0 "BU" 2018
7 1973 0.685714285714286 19.6190476190476 0 0 0 "BU" 1973
7 1974 0.578260869565217 18.3478260869565 0 0 0 "BU" 1974
7 1975 2.568 19.7 0 0 0 "BU" 1975
7 1976 6.18181818181818 18.1590909090909 0 0 0 "BU" 1976
7 1977 3.55714285714286 19.7142857142857 0 0 0 "BU" 1977
7 1978 1.31153846153846 19.5961538461538 0 0 0 "BU" 1978
7 1979 1.31 18.4666666666667 0 0 0 "BU" 1979
7 1980 2.15833333333333 19.4583333333333 0 0 0 "BU" 1980
7 1981 1.84444444444444 18.8518518518519 0 0 0 "BU" 1981
7 1982 0 19.4607142857143 0 0 0 "BU" 1982
7 1983 2.275 20.4025 0 0 0 "BU" 1983
7 1984 2.07777777777778 18.7861111111111 0 0 0 "BU" 1984
7 1985 0.0526315789473684 20.7447368421053 0 0 0 "BU" 1985
7 1986 3.06842105263158 19.1184210526316 0 0 0 "BU" 1986
7 1987 0.0454545454545455 23.9863636363636 0 0 0 "BU" 1987
7 1988 0 23.3375 0 0 0 "BU" 1988
7 1989 0.85 20.1525 0 0 0 "BU" 1989
7 1990 0.873913043478261 21.5804347826087 0 0 0 "BU" 1990
7 1992 0 16.55 0 0 0 "BU" 1992
7 1993 0 20.15 0 0 0 "BU" 1993
7 1994 5.36666666666667 20.9666666666667 0 0 0 "BU" 1994
7 1995 1 20.075 0 0 0 "BU" 1995
7 1997 0.25 16.2 0 0 0 "BU" 1997
7 1998 0 24.675 0 0 0 "BU" 1998
7 1999 0.511111111111111 20.6666666666667 0 0 0 "BU" 1999
7 2000 6.1 19.05 0 0 0 "BU" 2000
7 2002 1.3 19.4 0 0 0 "BU" 2002
7 2003 0 21.7 0 0 0 "BU" 2003
7 2004 2.275 21.1875 0 0 0 "BU" 2004
7 2005 1.02 19.5 0 0 0 "BU" 2005
7 2006 8.92 22.06 0 0 0 "BU" 2006
7 2008 0 19.775 0 0 0 "BU" 2008
7 2009 5.1 19.65 0 0 0 "BU" 2009
7 2010 7 19.9 0 0 0 "BU" 2010
7 2011 0 20.35 0 0 0 "BU" 2011
7 2014 0.6 20.5833333333333 0 0 0 "BU" 2014
7 2015 0 23.4 0 0 0 "BU" 2015
7 2016 0 23.06 0 0 0 "BU" 2016
7 2017 2.63333333333333 19.95 0 0 0 "BU" 2017
7 2018 4.37142857142857 21.1464285714286 0 0 0 "BU" 2018
8 1973 0.92962962962963 17.6666666666667 0 0 0 "BU" 1973
8 1974 0.843478260869565 19.695652173913 0 0 0 "BU" 1974
8 1975 1.61304347826087 18.3913043478261 0 0 0 "BU" 1975
8 1976 5.13 16.15 0 0 0 "BU" 1976
8 1977 0.5 17.5833333333333 0 0 0 "BU" 1977
8 1978 1.088 18.14 0 0 0 "BU" 1978
8 1979 3.59642857142857 19.2321428571429 0 0 0 "BU" 1979
8 1980 3.352 18.96 0 0 0 "BU" 1980
8 1981 0.56 19.22 0 0 0 "BU" 1981
8 1982 0.117647058823529 20.3323529411765 0 0 0 "BU" 1982
8 1983 0.4 19.3289473684211 0 0 0 "BU" 1983
8 1984 2.06428571428571 18.4642857142857 0 0 0 "BU" 1984
8 1985 2.29166666666667 21.0916666666667 0 0 0 "BU" 1985
8 1986 0.777272727272727 22.0022727272727 0 0 0 "BU" 1986
8 1987 0 21.0722222222222 0 0 0 "BU" 1987
8 1988 0 22.6520833333333 0 0 0 "BU" 1988
8 1989 0 21.2833333333333 0 0 0 "BU" 1989
8 1990 0.0227272727272727 21.4295454545455 0 0 0 "BU" 1990
8 1994 0 21.9 0 0 0 "BU" 1994
8 1995 8 19.55 0 0 0 "BU" 1995
8 1997 13.5 17.9 0 0 0 "BU" 1997
8 1998 0 21.85 0 0 0 "BU" 1998
8 1999 0 21.6 0 0 0 "BU" 1999
8 2002 5.85 19.525 0 0 0 "BU" 2002
8 2005 9.35714285714286 18.7214285714286 0 0 0 "BU" 2005
8 2006 2.34 19.79 0 0 0 "BU" 2006
8 2007 11 17.4166666666667 0 0 0 "BU" 2007
8 2008 0 21.65 0 0 0 "BU" 2008
8 2009 17.05 21.175 0 0 0 "BU" 2009
8 2011 0 20.35 0 0 0 "BU" 2011
8 2012 0 24 0 0 0 "BU" 2012
8 2015 3.95 22.525 0 0 0 "BU" 2015
8 2016 2.8 21.8 0 0 0 "BU" 2016
8 2017 4.06666666666667 21.4 0 0 0 "BU" 2017
8 2018 0.657142857142857 21.7285714285714 0 0 0 "BU" 2018
9 1973 1.22380952380952 16.3571428571429 0 0 0 "BU" 1973
9 1974 0.1 17.2608695652174 0 0 0 "BU" 1974
9 1975 0.0481481481481481 17.4814814814815 0 0 0 "BU" 1975
9 1976 0.62962962962963 14.1851851851852 0 0 0 "BU" 1976
9 1977 0.127777777777778 15.3888888888889 0 0 0 "BU" 1977
9 1978 1.1 14.7826086956522 0 0 0 "BU" 1978
9 1979 0.614814814814815 16.0185185185185 0 0 0 "BU" 1979
9 1980 0.284615384615385 14.8461538461538 0 0 0 "BU" 1980
9 1981 0.804347826086957 17.3478260869565 0 0 0 "BU" 1981
9 1982 0.739130434782609 18.5478260869565 0 0 0 "BU" 1982
9 1983 0.304761904761905 16.6904761904762 0 0 0 "BU" 1983
9 1984 0.258823529411765 18.0823529411765 0 0 0 "BU" 1984
9 1985 0 16.6 0 0 0 "BU" 1985
9 1986 0 18.8690476190476 0 0 0 "BU" 1986
9 1987 0.0909090909090909 20.4318181818182 0 0 0 "BU" 1987
9 1988 0.0941176470588235 16.3294117647059 0 0 0 "BU" 1988
9 1989 0.892857142857143 16.2535714285714 0 0 0 "BU" 1989
9 1990 0.457142857142857 15.9178571428571 0 0 0 "BU" 1990
9 1993 6.7 17.6666666666667 0 0 0 "BU" 1993
9 1994 0 20.45 0 0 0 "BU" 1994
9 1995 2 11.55 0 0 0 "BU" 1995
9 1997 0 15.15 0 0 0 "BU" 1997
9 1998 0 17.15 0 0 0 "BU" 1998
9 1999 0.4 17.78 0 0 0 "BU" 1999
9 2000 12.45 16.65 0 0 0 "BU" 2000
9 2001 6.35 17.95 0 0 0 "BU" 2001
9 2003 3 15 0 0 0 "BU" 2003
9 2004 1.1 15.8 0 0 0 "BU" 2004
9 2005 0 16.4642857142857 0 0 0 "BU" 2005
9 2006 1.42 18.63 0 0 0 "BU" 2006
9 2007 0 15.65 0 0 0 "BU" 2007
9 2008 3.3 15.88 0 0 0 "BU" 2008
9 2009 6.6 16.35 0 0 0 "BU" 2009
9 2010 3.55 17.85 0 0 0 "BU" 2010
9 2011 0.75 20.4 0 0 0 "BU" 2011
9 2013 0.3 16.125 0 0 0 "BU" 2013
9 2015 9.5 17.275 0 0 0 "BU" 2015
9 2016 3.2 15.4 0 0 0 "BU" 2016
9 2017 1 14.1 0 0 0 "BU" 2017
9 2018 0 16.13 0 0 0 "BU" 2018
10 1973 0.119047619047619 11.6666666666667 0 0 0 "BU" 1973
10 1974 0.704166666666667 11.6458333333333 0 0 0 "BU" 1974
10 1975 1.58461538461538 10.4038461538462 0 0 0 "BU" 1975
10 1976 1.59615384615385 11.2307692307692 0 0 0 "BU" 1976
10 1977 0.0869565217391304 10.4565217391304 0 0 0 "BU" 1977
10 1978 0.4 9.97916666666667 0 0 0 "BU" 1978
10 1979 0.792 9.36 0 0 0 "BU" 1979
10 1980 0.157142857142857 12.4761904761905 0 0 0 "BU" 1980
10 1981 1.94782608695652 13.4130434782609 0 0 0 "BU" 1981
10 1982 0.317647058823529 11.9941176470588 0 0 0 "BU" 1982
10 1983 0 10.9840909090909 0 0 0 "BU" 1983
10 1984 0 14.8175 0 0 0 "BU" 1984
10 1985 0.0909090909090909 10.8818181818182 0 0 0 "BU" 1985
10 1986 0.510526315789474 10.7289473684211 0 0 0 "BU" 1986
10 1987 1.32 9.5325 0 0 0 "BU" 1987
10 1988 0 10.596875 0 0 0 "BU" 1988
10 1989 0.51 10.8625 0 0 0 "BU" 1989
10 1990 0.123529411764706 13.6411764705882 0 0 0 "BU" 1990
10 1991 0 15.5 0 0 0 "BU" 1991
10 1992 0 18.5375 0 0 0 "BU" 1992
10 1993 0 12.8333333333333 0 0 0 "BU" 1993
10 1995 0 13.175 0 0 0 "BU" 1995
10 1997 7.36666666666667 1.01666666666667 0 0 0 "BU" 1997
10 1998 0 12.6 0 0 0 "BU" 1998
10 1999 1.9 9.4125 0 0 0 "BU" 1999
10 2000 0 12.1 0 0 0 "BU" 2000
10 2001 4.8 14.8 0 0 0 "BU" 2001
10 2002 8.125 10.35 0 0 0 "BU" 2002
10 2003 2.025 11.15 0 0 0 "BU" 2003
10 2004 0.95 13.875 0 0 0 "BU" 2004
10 2005 15.375 11.85 0 0 0 "BU" 2005
10 2006 2.4 13.3 0 0 0 "BU" 2006
10 2007 0.25 10.725 0 0 0 "BU" 2007
10 2008 11.1666666666667 13.7333333333333 0 0 0 "BU" 2008
10 2009 1.5 10.725 0 0 0 "BU" 2009
10 2010 1.15 9.5875 0 0 0 "BU" 2010
10 2013 20.6 10.35 0 0 0 "BU" 2013
10 2014 8.63333333333333 14.9833333333333 0 0 0 "BU" 2014
10 2015 8.9 12.3 0 0 0 "BU" 2015
10 2016 2.1 11.0666666666667 0 0 0 "BU" 2016
10 2017 4.73333333333333 9.70833333333333 0 0 0 "BU" 2017
10 2018 0.0888888888888889 12.0833333333333 0 0 0 "BU" 2018
11 1973 1.37777777777778 2.63888888888889 0 0 0 "BU" 1973
11 1974 0.717647058823529 3.32352941176471 0 0 0 "BU" 1974
11 1975 1.22105263157895 3.34210526315789 0 0 0 "BU" 1975
11 1976 2.14117647058824 5.44117647058824 0 0 0 "BU" 1976
11 1977 1.11578947368421 8.52631578947368 0 0 0 "BU" 1977
11 1978 0.0130434782608696 1.26086956521739 0 0 0 "BU" 1978
11 1979 1.4125 6.5 0 0 0 "BU" 1979
11 1980 0.991666666666667 6.70833333333333 0 0 0 "BU" 1980
11 1981 3.96666666666667 3.78571428571429 0 0 0 "BU" 1981
11 1982 0.0857142857142857 3.09761904761905 0 0 0 "BU" 1982
11 1983 0.733333333333333 2.32222222222222 0 0 0 "BU" 1983
11 1984 1.03529411764706 7.73529411764706 0 0 0 "BU" 1984
11 1985 0.111111111111111 4.91111111111111 0 0 0 "BU" 1985
11 1986 0.127272727272727 3.15227272727273 0 0 0 "BU" 1986
11 1987 1.86111111111111 7.15833333333333 0 0 0 "BU" 1987
11 1988 1.55714285714286 -1.41071428571429 0 0 0 "BU" 1988
11 1989 1.125 4.184375 0 0 0 "BU" 1989
11 1990 0 6.18333333333333 0 0 0 "BU" 1990
11 1991 0 3.85 0 0 0 "BU" 1991
11 1993 0 -1.77 0 0 0 "BU" 1993
11 1994 3.92 4.82 0 0 0 "BU" 1994
11 1995 1.51666666666667 1.325 0 0 0 "BU" 1995
11 1997 2.975 5.0125 0 0 0 "BU" 1997
11 1998 2.8 0.333333333333333 0 0 0 "BU" 1998
11 1999 1.86666666666667 2.2 0 0 0 "BU" 1999
11 2000 1.4 12.325 0 0 0 "BU" 2000
11 2001 4.8 -0.95 0 0 0 "BU" 2001
11 2002 5.35 3.55 0 0 0 "BU" 2002
11 2003 4.125 5.6 0 0 0 "BU" 2003
11 2004 0.1 -0.566666666666667 0 0 0 "BU" 2004
11 2005 1.2 -0.325 0 0 0 "BU" 2005
11 2006 2.65 -1.9 0 0 0 "BU" 2006
11 2007 1.8 4.25 0 0 0 "BU" 2007
11 2008 0.1 7.73333333333333 0 0 0 "BU" 2008
11 2010 0.266666666666667 11.2666666666667 0 0 0 "BU" 2010
11 2012 0.75 8.4 0 0 0 "BU" 2012
11 2013 0 10.65 0 0 0 "BU" 2013
11 2014 0 6.1 0 0 0 "BU" 2014
11 2015 9.4 5.4 0 0 0 "BU" 2015
11 2018 3.82 6.16 0 0 0 "BU" 2018
12 1973 1.6 -1.27777777777778 0 0 0 "BU" 1973
12 1974 0.752631578947368 -0.342105263157895 0 0 0 "BU" 1974
12 1975 0.231818181818182 0.931818181818182 0 0 0 "BU" 1975
12 1976 3.87777777777778 -0.277777777777778 0 0 0 "BU" 1976
12 1977 1.15294117647059 -3.14705882352941 0 0 0 "BU" 1977
12 1978 0.48 1.975 0 0 0 "BU" 1978
12 1979 0.186363636363636 2.88636363636364 0 0 0 "BU" 1979
12 1980 4.51176470588235 1.20588235294118 0 0 0 "BU" 1980
12 1981 0.580952380952381 1.76190476190476 0 0 0 "BU" 1981
12 1982 0 2.06071428571429 0 0 0 "BU" 1982
12 1983 0.71875 0.840625 0 0 0 "BU" 1983
12 1984 0.333333333333333 0.555555555555556 0 0 0 "BU" 1984
12 1985 0.3 4.03888888888889 0 0 0 "BU" 1985
12 1986 0.410526315789474 -1.57631578947368 0 0 0 "BU" 1986
12 1987 1.74 2.39 0 0 0 "BU" 1987
12 1988 1.17272727272727 -0.718181818181818 0 0 0 "BU" 1988
12 1989 0.78125 -2.334375 0 0 0 "BU" 1989
12 1990 5.66666666666667 0.416666666666667 0 0 0 "BU" 1990
12 1991 0 -1.05 0 0 0 "BU" 1991
12 1992 0 -3.275 0 0 0 "BU" 1992
12 1993 1.22 4.07 0 0 0 "BU" 1993
12 1994 0.2 -0.1875 0 0 0 "BU" 1994
12 1995 0 0.075 0 0 0 "BU" 1995
12 1997 0.333333333333333 -0.766666666666667 0 0 0 "BU" 1997
12 1998 0.4 -6.52 0 0 0 "BU" 1998
12 2000 0.8 -2.95 0 0 0 "BU" 2000
12 2002 1.85714285714286 1.32142857142857 0 0 0 "BU" 2002
12 2003 1.12222222222222 -0.305555555555556 0 0 0 "BU" 2003
12 2004 3.925 1 0 0 0 "BU" 2004
12 2005 4.31666666666667 1.91666666666667 0 0 0 "BU" 2005
12 2006 0 -2.025 0 0 0 "BU" 2006
12 2007 0 0.875 0 0 0 "BU" 2007
12 2008 1.15 1.7 0 0 0 "BU" 2008
12 2012 3.6 -0.9 0 0 0 "BU" 2012
12 2014 0 -0.483333333333333 0 0 0 "BU" 2014
12 2015 0 -2.5125 0 0 0 "BU" 2015
12 2016 0 -2.3125 0 0 0 "BU" 2016
12 2018 0.826666666666667 -1.16666666666667 0 0 0 "BU" 2018
1 1973 3.67272727272727 1.22727272727273 0 0 0 "BU" 1973
1 1974 0.422222222222222 1.30555555555556 0 0 0 "BU" 1974
1 1975 1.272 1.64 0 0 0 "BU" 1975
1 1976 0.152173913043478 3.76086956521739 0 0 0 "BU" 1976
1 1977 2.925 1.8125 0 0 0 "BU" 1977
1 1978 0.496153846153846 1.51923076923077 0 0 0 "BU" 1978
1 1979 2.46818181818182 1.70454545454545 0 0 0 "BU" 1979
1 1980 2.22173913043478 -1.34782608695652 0 0 0 "BU" 1980
1 1981 5.4695652173913 0.173913043478261 0 0 0 "BU" 1981
1 1983 0 4.53157894736842 0 0 0 "BU" 1983
1 1984 0.0176470588235294 3.65588235294118 0 0 0 "BU" 1984
1 1985 0.344444444444444 2.28888888888889 0 0 0 "BU" 1985
1 1986 2.35 3.175 0 0 0 "BU" 1986
1 1987 0.67 2.375 0 0 0 "BU" 1987
1 1988 0 4.85526315789474 0 0 0 "BU" 1988
1 1989 0 0.893181818181818 0 0 0 "BU" 1989
1 1990 0 0.86 0 0 0 "BU" 1990
1 1991 0.105263157894737 2.03947368421053 0 0 0 "BU" 1991
1 1992 0.254545454545455 1.66136363636364 0 0 0 "BU" 1992
1 1993 0.338888888888889 2.18333333333333 0 0 0 "BU" 1993
1 1994 1.14444444444444 5.63888888888889 0 0 0 "BU" 1994
1 1995 2.87368421052632 1.62631578947368 0 0 0 "BU" 1995
1 1997 1.0047619047619 2.86904761904762 0 0 0 "BU" 1997
1 1998 2.74285714285714 3.31071428571429 0 0 0 "BU" 1998
1 1999 1.04545454545455 2.96590909090909 0 0 0 "BU" 1999
1 2000 0 -2.525 0 0 0 "BU" 2000
1 2001 3.675 -0.0624999999999999 0 0 0 "BU" 2001
1 2002 8.6 1.425 0 0 0 "BU" 2002
1 2003 2.83529411764706 2.74117647058824 0 0 0 "BU" 2003
1 2004 2.15 1.24791666666667 0 0 0 "BU" 2004
1 2005 1.70967741935484 2.91290322580645 0 0 0 "BU" 2005
1 2006 0.97741935483871 -0.369354838709677 0 0 0 "BU" 2006
1 2007 1.02068965517241 7.11034482758621 0 0 0 "BU" 2007
1 2008 1.11612903225806 0.435483870967742 0 0 0 "BU" 2008
1 2009 11.7516129032258 2.75483870967742 0 0 0 "BU" 2009
1 2010 1.54193548387097 1.94677419354839 0 0 0 "BU" 2010
1 2011 3.65333333333333 2.57666666666667 0 0 0 "BU" 2011
1 2012 4.25161290322581 -0.0177419354838709 0 0 0 "BU" 2012
1 2013 6.10322580645161 3.67258064516129 0 0 0 "BU" 2013
1 2014 1.38387096774194 5.71129032258064 0 0 0 "BU" 2014
1 2015 2.41290322580645 3.89838709677419 0 0 0 "BU" 2015
1 2016 3.61333333333333 1.79833333333333 0 0 0 "BU" 2016
1 2017 2 -2.28387096774194 0 0 0 "BU" 2017
1 2018 0.583870967741935 4.24354838709677 0 0 0 "BU" 2018
1 2019 2.03571428571429 0.45 0 0 0 "BU" 2019
2 1973 2.35 5 0 0 0 "BU" 1973
2 1974 0.292857142857143 6.07142857142857 0 0 0 "BU" 1974
2 1975 0.626315789473684 2.63157894736842 0 0 0 "BU" 1975
2 1976 2.18636363636364 1.34090909090909 0 0 0 "BU" 1976
2 1977 0.788888888888889 9.88888888888889 0 0 0 "BU" 1977
2 1978 1.112 5.62 0 0 0 "BU" 1978
2 1979 0.385714285714286 3.42857142857143 0 0 0 "BU" 1979
2 1980 0.70952380952381 1.73809523809524 0 0 0 "BU" 1980
2 1981 0 1.70588235294118 0 0 0 "BU" 1981
2 1982 8.35 0.65 0 0 0 "BU" 1982
2 1983 0.13 1.75 0 0 0 "BU" 1983
2 1984 0.736363636363636 3.05454545454545 0 0 0 "BU" 1984
2 1985 1.01428571428571 -0.397619047619048 0 0 0 "BU" 1985
2 1986 4.25714285714286 1.72142857142857 0 0 0 "BU" 1986
2 1987 0.908333333333333 3.37916666666667 0 0 0 "BU" 1987
2 1988 0.0588235294117647 4.45588235294118 0 0 0 "BU" 1988
2 1989 0.622222222222222 4.73611111111111 0 0 0 "BU" 1989
2 1990 0.138888888888889 6.09166666666667 0 0 0 "BU" 1990
2 1991 5.74666666666667 2.52333333333333 0 0 0 "BU" 1991
2 1992 0.130434782608696 2.19782608695652 0 0 0 "BU" 1992
2 1993 2.125 0.896875 0 0 0 "BU" 1993
2 1994 0.652631578947368 3.58684210526316 0 0 0 "BU" 1994
2 1995 0.595 6.9775 0 0 0 "BU" 1995
2 1997 0.186363636363636 4.57727272727273 0 0 0 "BU" 1997
2 1998 3.3 4.5725 0 0 0 "BU" 1998
2 1999 0.866666666666667 3.54333333333333 0 0 0 "BU" 1999
2 2000 1.03333333333333 2.95 0 0 0 "BU" 2000
2 2001 4.78 4.68 0 0 0 "BU" 2001
2 2003 1.59285714285714 -1.42142857142857 0 0 0 "BU" 2003
2 2004 0.883333333333333 4.20208333333333 0 0 0 "BU" 2004
2 2005 5.03571428571429 1.76964285714286 0 0 0 "BU" 2005
2 2006 2.10714285714286 2.52321428571429 0 0 0 "BU" 2006
2 2007 0.925925925925926 5.78703703703704 0 0 0 "BU" 2007
2 2008 0.0275862068965517 4.29310344827586 0 0 0 "BU" 2008
2 2009 1.075 4.08214285714286 0 0 0 "BU" 2009
2 2010 5.55714285714286 4.73928571428571 0 0 0 "BU" 2010
2 2011 1.06428571428571 2.53392857142857 0 0 0 "BU" 2011
2 2012 2.91034482758621 -0.25 0 0 0 "BU" 2012
2 2013 3.7962962962963 5.96481481481481 0 0 0 "BU" 2013
2 2014 0.935714285714286 7.37321428571429 0 0 0 "BU" 2014
2 2015 5.39642857142857 4.16964285714286 0 0 0 "BU" 2015
2 2016 3.94827586206897 9.1448275862069 0 0 0 "BU" 2016
2 2017 1.11785714285714 4.8875 0 0 0 "BU" 2017
2 2018 4 4.27777777777778 0 0 0 "BU" 2018
3 1973 2.05 5.5 0 0 0 "BU" 1973
3 1974 2.12173913043478 7.06521739130435 0 0 0 "BU" 1974
3 1975 0.555555555555556 9.98148148148148 0 0 0 "BU" 1975
3 1976 0.566666666666667 5.64285714285714 0 0 0 "BU" 1976
3 1977 0.617857142857143 8.75 0 0 0 "BU" 1977
3 1978 1.72962962962963 7.70185185185185 0 0 0 "BU" 1978
3 1979 0.0541666666666667 8.5625 0 0 0 "BU" 1979
3 1980 0.653846153846154 6.19230769230769 0 0 0 "BU" 1980
3 1981 0.181818181818182 8.79545454545454 0 0 0 "BU" 1981
3 1982 0 6.10769230769231 0 0 0 "BU" 1982
3 1983 0.275 8.346875 0 0 0 "BU" 1983
3 1984 2.64705882352941 4.59411764705882 0 0 0 "BU" 1984
3 1985 0.3625 5.078125 0 0 0 "BU" 1985
3 1986 0.195238095238095 4.56190476190476 0 0 0 "BU" 1986
3 1987 0.49375 1.4875 0 0 0 "BU" 1987
3 1988 0.99047619047619 6.48333333333333 0 0 0 "BU" 1988
3 1989 3.12222222222222 8.725 0 0 0 "BU" 1989
3 1990 0.0166666666666667 10.2722222222222 0 0 0 "BU" 1990
3 1991 0.55 7.12857142857143 0 0 0 "BU" 1991
3 1992 2.125 5.934375 0 0 0 "BU" 1992
3 1993 0.835294117647059 5.55 0 0 0 "BU" 1993
3 1994 1.05454545454545 8.58409090909091 0 0 0 "BU" 1994
3 1995 1.05454545454545 6.33636363636364 0 0 0 "BU" 1995
3 1997 1.865 5.12 0 0 0 "BU" 1997
3 1998 0.275 4.12708333333333 0 0 0 "BU" 1998
3 1999 1.39 7.31833333333333 0 0 0 "BU" 1999
3 2000 0.15 6.525 0 0 0 "BU" 2000
3 2001 1.03333333333333 14.0666666666667 0 0 0 "BU" 2001
3 2002 10.2285714285714 6.67142857142857 0 0 0 "BU" 2002
3 2003 5.34545454545454 4.29545454545454 0 0 0 "BU" 2003
3 2004 0.232258064516129 7.63709677419355 0 0 0 "BU" 2004
3 2005 1.05161290322581 6.56290322580645 0 0 0 "BU" 2005
3 2006 4.35333333333333 7.10166666666667 0 0 0 "BU" 2006
3 2007 3.32333333333333 8.11666666666667 0 0 0 "BU" 2007
3 2008 0.596666666666667 9.78 0 0 0 "BU" 2008
3 2009 3.05 6.44333333333333 0 0 0 "BU" 2009
3 2010 1.29 6.865 0 0 0 "BU" 2010
3 2011 2.99354838709677 6.71774193548387 0 0 0 "BU" 2011
3 2012 0.22258064516129 7.49516129032258 0 0 0 "BU" 2012
3 2013 2.57096774193548 8.48225806451613 0 0 0 "BU" 2013
3 2014 3.0741935483871 9.42903225806452 0 0 0 "BU" 2014
3 2015 5.81935483870968 6.36935483870968 0 0 0 "BU" 2015
3 2016 2.51612903225806 8.9758064516129 0 0 0 "BU" 2016
3 2017 2.13548387096774 9.68064516129032 0 0 0 "BU" 2017
3 2018 3.73225806451613 8.44838709677419 0 0 0 "BU" 2018
4 1973 1.88695652173913 11.695652173913 0 0 0 "BU" 1973
4 1974 1.68695652173913 9.80434782608696 0 0 0 "BU" 1974
4 1975 1.36666666666667 13.5208333333333 0 0 0 "BU" 1975
4 1976 0.934615384615385 12.2692307692308 0 0 0 "BU" 1976
4 1977 0.0434782608695652 12.6739130434783 0 0 0 "BU" 1977
4 1978 3.008 11.62 0 0 0 "BU" 1978
4 1979 2.08214285714286 10.7678571428571 0 0 0 "BU" 1979
4 1980 2.28076923076923 10.75 0 0 0 "BU" 1980
4 1981 1.3 11.3958333333333 0 0 0 "BU" 1981
4 1982 1.89444444444444 10.9083333333333 0 0 0 "BU" 1982
4 1983 0.0555555555555556 14.6277777777778 0 0 0 "BU" 1983
4 1984 2.02857142857143 10.1321428571429 0 0 0 "BU" 1984
4 1985 0.0166666666666667 12.8416666666667 0 0 0 "BU" 1985
4 1986 0.430434782608696 15.2630434782609 0 0 0 "BU" 1986
4 1987 1.79473684210526 11.0605263157895 0 0 0 "BU" 1987
4 1988 0.505882352941176 11.5088235294118 0 0 0 "BU" 1988
4 1989 0.142857142857143 14.2333333333333 0 0 0 "BU" 1989
4 1990 3.01333333333333 11.3833333333333 0 0 0 "BU" 1990
4 1991 0.575 9.896875 0 0 0 "BU" 1991
4 1992 1.32 11.8025 0 0 0 "BU" 1992
4 1993 0 10.9157894736842 0 0 0 "BU" 1993
4 1994 4.95 13.2022727272727 0 0 0 "BU" 1994
4 1995 1.13333333333333 10.6125 0 0 0 "BU" 1995
4 1997 6.01111111111111 7.84722222222222 0 0 0 "BU" 1997
4 1998 0.184 12.848 0 0 0 "BU" 1998
4 1999 1.50769230769231 12.8307692307692 0 0 0 "BU" 1999
4 2000 8.21666666666667 15.1583333333333 0 0 0 "BU" 2000
4 2001 9.2 6.65 0 0 0 "BU" 2001
4 2002 3.82 10.2 0 0 0 "BU" 2002
4 2003 1.63333333333333 9.94047619047619 0 0 0 "BU" 2003
4 2004 0.353571428571429 12.3321428571429 0 0 0 "BU" 2004
4 2005 0.703333333333333 11.8933333333333 0 0 0 "BU" 2005
4 2006 1.23 12.5933333333333 0 0 0 "BU" 2006
4 2007 0.22 11.69 0 0 0 "BU" 2007
4 2008 3.22333333333333 12.7933333333333 0 0 0 "BU" 2008
4 2009 0.873333333333333 11.7916666666667 0 0 0 "BU" 2009
4 2010 1.20344827586207 12.2431034482759 0 0 0 "BU" 2010
4 2011 1.22758620689655 10.4086206896552 0 0 0 "BU" 2011
4 2012 0.81 13.8216666666667 0 0 0 "BU" 2012
4 2013 1.88275862068966 13.7034482758621 0 0 0 "BU" 2013
4 2014 4.45 12.5616666666667 0 0 0 "BU" 2014
4 2015 5.36666666666667 9.2 0 0 0 "BU" 2015
4 2016 2.71666666666667 15.2 0 0 0 "BU" 2016
4 2017 1.23333333333333 11.6616666666667 0 0 0 "BU" 2017
4 2018 0.113333333333333 15.8766666666667 0 0 0 "BU" 2018
5 1973 1.23333333333333 18.0238095238095 0 0 0 "BU" 1973
5 1974 2.55 15.5909090909091 0 0 0 "BU" 1974
5 1975 1.21481481481481 17.3148148148148 0 0 0 "BU" 1975
5 1976 0.818181818181818 16.5909090909091 0 0 0 "BU" 1976
5 1977 3.73181818181818 17.2727272727273 0 0 0 "BU" 1977
5 1978 4.10714285714286 15.75 0 0 0 "BU" 1978
5 1979 3.21379310344828 16.8793103448276 0 0 0 "BU" 1979
5 1980 4.81785714285714 14.7857142857143 0 0 0 "BU" 1980
5 1981 4.22758620689655 14.3448275862069 0 0 0 "BU" 1981
5 1982 0.826315789473684 16.8289473684211 0 0 0 "BU" 1982
5 1983 0.5875 18.425 0 0 0 "BU" 1983
5 1984 1.55 17.4638888888889 0 0 0 "BU" 1984
5 1985 1.22352941176471 18.0588235294118 0 0 0 "BU" 1985
5 1986 1.94285714285714 15.1214285714286 0 0 0 "BU" 1986
5 1987 1.1 15.6866666666667 0 0 0 "BU" 1987
5 1988 0.20625 15.61875 0 0 0 "BU" 1988
5 1989 0.8 14.6975 0 0 0 "BU" 1989
5 1990 0.910526315789474 15.8605263157895 0 0 0 "BU" 1990
5 1991 0.575 13.9 0 0 0 "BU" 1991
5 1992 1 13.9233333333333 0 0 0 "BU" 1992
5 1993 2.26666666666667 15.35 0 0 0 "BU" 1993
5 1994 0.918518518518519 17.2444444444444 0 0 0 "BU" 1994
5 1995 1.06153846153846 16.2942307692308 0 0 0 "BU" 1995
5 1997 0.724 17.116 0 0 0 "BU" 1997
5 1998 4.44782608695652 14.7760869565217 0 0 0 "BU" 1998
5 1999 1.70833333333333 16.4020833333333 0 0 0 "BU" 1999
5 2000 4.3 19.4 0 0 0 "BU" 2000
5 2001 11.6 14.1166666666667 0 0 0 "BU" 2001
5 2002 1.15 18.775 0 0 0 "BU" 2002
5 2003 21.45 18.4681818181818 0 0 0 "BU" 2003
5 2004 7.62413793103448 15.0431034482759 0 0 0 "BU" 2004
5 2005 7.91666666666667 17.3883333333333 0 0 0 "BU" 2005
5 2006 0.9 16.2709677419355 0 0 0 "BU" 2006
5 2007 4.76129032258064 18.0241935483871 0 0 0 "BU" 2007
5 2008 0.570967741935484 16.1467741935484 0 0 0 "BU" 2008
5 2009 2.16451612903226 17.0645161290323 0 0 0 "BU" 2009
5 2010 13.9566666666667 17.4633333333333 0 0 0 "BU" 2010
5 2011 1.53666666666667 16.2066666666667 0 0 0 "BU" 2011
5 2012 6.26 16.9283333333333 0 0 0 "BU" 2012
5 2013 0.680645161290323 19 0 0 0 "BU" 2013
5 2014 2.22903225806452 16.2725806451613 0 0 0 "BU" 2014
5 2015 1.23793103448276 17.9603448275862 0 0 0 "BU" 2015
5 2016 2.14193548387097 15.7741935483871 0 0 0 "BU" 2016
5 2017 1.22258064516129 16.4564516129032 0 0 0 "BU" 2017
5 2018 1.86129032258065 19.0677419354839 0 0 0 "BU" 2018
6 1973 0.837037037037037 20.1851851851852 0 0 0 "BU" 1973
6 1974 2.9625 20.0208333333333 0 0 0 "BU" 1974
6 1975 1.55217391304348 21.0869565217391 0 0 0 "BU" 1975
6 1976 2.2 19.6458333333333 0 0 0 "BU" 1976
6 1977 3.056 20.64 0 0 0 "BU" 1977
6 1978 1.04642857142857 20.1428571428571 0 0 0 "BU" 1978
6 1979 1.15357142857143 21.6785714285714 0 0 0 "BU" 1979
6 1980 1.75 19.6875 0 0 0 "BU" 1980
6 1981 1.41034482758621 22.6896551724138 0 0 0 "BU" 1981
6 1982 0.0214285714285714 22.3321428571429 0 0 0 "BU" 1982
6 1983 2.34545454545455 19.2 0 0 0 "BU" 1983
6 1984 0.671428571428571 18.8821428571429 0 0 0 "BU" 1984
6 1985 1.47647058823529 19.4294117647059 0 0 0 "BU" 1985
6 1986 1.95 20.4291666666667 0 0 0 "BU" 1986
6 1987 1.05 20.5423076923077 0 0 0 "BU" 1987
6 1988 1.07692307692308 19.8769230769231 0 0 0 "BU" 1988
6 1989 1.47142857142857 18.7357142857143 0 0 0 "BU" 1989
6 1990 0 20.935 0 0 0 "BU" 1990
6 1991 0.645454545454545 20.5840909090909 0 0 0 "BU" 1991
6 1992 1.94117647058824 19.6970588235294 0 0 0 "BU" 1992
6 1993 0 21.2636363636364 0 0 0 "BU" 1993
6 1994 2.3304347826087 20.0239130434783 0 0 0 "BU" 1994
6 1995 1.375 21.5 0 0 0 "BU" 1995
6 1997 0.554545454545455 21.0909090909091 0 0 0 "BU" 1997
6 1998 0.552941176470588 20.6794117647059 0 0 0 "BU" 1998
6 1999 1.93214285714286 21.5857142857143 0 0 0 "BU" 1999
6 2000 1 18.775 0 0 0 "BU" 2000
6 2001 2.7 16.9 0 0 0 "BU" 2001
6 2002 1.9 17.25 0 0 0 "BU" 2002
6 2003 0 22.1272727272727 0 0 0 "BU" 2003
6 2004 4.44827586206897 19.8120689655172 0 0 0 "BU" 2004
6 2005 1.42333333333333 19.2466666666667 0 0 0 "BU" 2005
6 2006 14.4655172413793 19.9879310344828 0 0 0 "BU" 2006
6 2007 7.07586206896552 21.8431034482759 0 0 0 "BU" 2007
6 2008 2.13333333333333 20.805 0 0 0 "BU" 2008
6 2009 6.63793103448276 21.248275862069 0 0 0 "BU" 2009
6 2010 2.01 20.3733333333333 0 0 0 "BU" 2010
6 2011 1.2448275862069 20.5879310344828 0 0 0 "BU" 2011
6 2012 0.796666666666667 22.6983333333333 0 0 0 "BU" 2012
6 2013 4.00666666666667 20.67 0 0 0 "BU" 2013
6 2014 3.22333333333333 19.7283333333333 0 0 0 "BU" 2014
6 2015 3.05 19.5883333333333 0 0 0 "BU" 2015
6 2016 1.25 21.98 0 0 0 "BU" 2016
6 2017 1.4 21.3916666666667 0 0 0 "BU" 2017
6 2018 4.91 21.31 0 0 0 "BU" 2018
7 1973 0.154545454545455 23.2954545454545 0 0 0 "BU" 1973
7 1974 0.62 22.06 0 0 0 "BU" 1974
7 1975 0.430434782608696 23.9782608695652 0 0 0 "BU" 1975
7 1976 2.01851851851852 21.8518518518519 0 0 0 "BU" 1976
7 1977 0.61 23.325 0 0 0 "BU" 1977
7 1978 0.172413793103448 22.1379310344828 0 0 0 "BU" 1978
7 1979 1.48928571428571 20.9107142857143 0 0 0 "BU" 1979
7 1980 0.460869565217391 23.1521739130435 0 0 0 "BU" 1980
7 1981 0.837037037037037 21.962962962963 0 0 0 "BU" 1981
7 1982 7.2 21.6025 0 0 0 "BU" 1982
7 1983 2.10714285714286 21.7321428571429 0 0 0 "BU" 1983
7 1984 0 22.0236842105263 0 0 0 "BU" 1984
7 1985 0 23.2272727272727 0 0 0 "BU" 1985
7 1986 0 21.5647058823529 0 0 0 "BU" 1986
7 1987 1.1625 24.2375 0 0 0 "BU" 1987
7 1988 0 24.93 0 0 0 "BU" 1988
7 1989 0 21.938 0 0 0 "BU" 1989
7 1990 0.0227272727272727 23.4977272727273 0 0 0 "BU" 1990
7 1991 2.1047619047619 22.4857142857143 0 0 0 "BU" 1991
7 1992 0.447058823529412 20.9764705882353 0 0 0 "BU" 1992
7 1993 0.0217391304347826 22.7304347826087 0 0 0 "BU" 1993
7 1994 0.75 23.27 0 0 0 "BU" 1994
7 1995 2.9 23.2282608695652 0 0 0 "BU" 1995
7 1997 1.1 23.0214285714286 0 0 0 "BU" 1997
7 1998 0.840909090909091 22.1613636363636 0 0 0 "BU" 1998
7 1999 1.21379310344828 23.9551724137931 0 0 0 "BU" 1999
7 2001 1.3 21.65 0 0 0 "BU" 2001
7 2002 6.7 22.7666666666667 0 0 0 "BU" 2002
7 2003 0.660869565217391 22.9695652173913 0 0 0 "BU" 2003
7 2004 1.26206896551724 22.1741379310345 0 0 0 "BU" 2004
7 2005 2.54838709677419 22.3177419354839 0 0 0 "BU" 2005
7 2006 3.12 22.1083333333333 0 0 0 "BU" 2006
7 2007 0 25.0241935483871 0 0 0 "BU" 2007
7 2008 0.7 22.9403225806452 0 0 0 "BU" 2008
7 2009 3.36333333333333 23.5333333333333 0 0 0 "BU" 2009
7 2010 2.99032258064516 22.958064516129 0 0 0 "BU" 2010
7 2011 9.58709677419355 24.358064516129 0 0 0 "BU" 2011
7 2012 0.0266666666666667 26.6133333333333 0 0 0 "BU" 2012
7 2013 0.203225806451613 23.5354838709677 0 0 0 "BU" 2013
7 2014 1.8741935483871 22.141935483871 0 0 0 "BU" 2014
7 2015 0.212903225806452 23.8258064516129 0 0 0 "BU" 2015
7 2016 0.574193548387097 24.2177419354839 0 0 0 "BU" 2016
7 2017 1.82258064516129 23.0967741935484 0 0 0 "BU" 2017
7 2018 4.23870967741935 22.7225806451613 0 0 0 "BU" 2018
8 1973 0.639285714285714 21.5357142857143 0 0 0 "BU" 1973
8 1974 1.1 23.1428571428571 0 0 0 "BU" 1974
8 1975 2.67826086956522 21.6086956521739 0 0 0 "BU" 1975
8 1976 0.527272727272727 18.8863636363636 0 0 0 "BU" 1976
8 1977 0 21.0833333333333 0 0 0 "BU" 1977
8 1978 1.15862068965517 20.6551724137931 0 0 0 "BU" 1978
8 1979 1.44285714285714 21.0535714285714 0 0 0 "BU" 1979
8 1980 2.15185185185185 21.462962962963 0 0 0 "BU" 1980
8 1981 0.281481481481481 21.962962962963 0 0 0 "BU" 1981
8 1982 0.195238095238095 21.802380952381 0 0 0 "BU" 1982
8 1983 0.03125 19.70625 0 0 0 "BU" 1983
8 1984 0 20.2333333333333 0 0 0 "BU" 1984
8 1985 0.0476190476190476 23.5261904761905 0 0 0 "BU" 1985
8 1986 0.12 23.304 0 0 0 "BU" 1986
8 1987 0.0142857142857143 21.6619047619048 0 0 0 "BU" 1987
8 1988 0.0208333333333333 23.2833333333333 0 0 0 "BU" 1988
8 1989 0 22.682 0 0 0 "BU" 1989
8 1990 0 22.2145833333333 0 0 0 "BU" 1990
8 1991 2.33636363636364 21.4318181818182 0 0 0 "BU" 1991
8 1992 0 24.1145833333333 0 0 0 "BU" 1992
8 1993 0 23.066 0 0 0 "BU" 1993
8 1994 0.0869565217391304 24.4130434782609 0 0 0 "BU" 1994
8 1995 1.26086956521739 21.5782608695652 0 0 0 "BU" 1995
8 1997 8.16 20.276 0 0 0 "BU" 1997
8 1998 0.0227272727272727 23.9204545454545 0 0 0 "BU" 1998
8 1999 0.488888888888889 24.0351851851852 0 0 0 "BU" 1999
8 2002 4.84 20.42 0 0 0 "BU" 2002
8 2003 0 24.3354166666667 0 0 0 "BU" 2003
8 2004 1.14838709677419 22.35 0 0 0 "BU" 2004
8 2005 0.46551724137931 22.8137931034483 0 0 0 "BU" 2005
8 2006 0.696774193548387 23.7209677419355 0 0 0 "BU" 2006
8 2007 1.5 23.4783333333333 0 0 0 "BU" 2007
8 2008 0.116129032258065 24.0725806451613 0 0 0 "BU" 2008
8 2009 0.00967741935483871 23.3483870967742 0 0 0 "BU" 2009
8 2010 0 25.7483870967742 0 0 0 "BU" 2010
8 2011 7.66129032258065 23.3 0 0 0 "BU" 2011
8 2012 0.067741935483871 24.9467741935484 0 0 0 "BU" 2012
8 2013 0.00967741935483871 24.6516129032258 0 0 0 "BU" 2013
8 2014 1.87741935483871 23.3887096774194 0 0 0 "BU" 2014
8 2015 1.80344827586207 23.7206896551724 0 0 0 "BU" 2015
8 2016 0.109677419354839 24.0403225806452 0 0 0 "BU" 2016
8 2017 0.558064516129032 23.691935483871 0 0 0 "BU" 2017
8 2018 0 23.4928571428571 0 0 0 "BU" 2018
9 1973 1.0375 19.7916666666667 0 0 0 "BU" 1973
9 1974 0.404166666666667 19.8541666666667 0 0 0 "BU" 1974
9 1975 0.0576923076923077 20.3461538461538 0 0 0 "BU" 1975
9 1976 0.912 17.38 0 0 0 "BU" 1976
9 1977 0.385185185185185 17.7037037037037 0 0 0 "BU" 1977
9 1978 2.54090909090909 16.4772727272727 0 0 0 "BU" 1978
9 1979 0.0192307692307692 18.8653846153846 0 0 0 "BU" 1979
9 1980 0.838461538461538 17.6346153846154 0 0 0 "BU" 1980
9 1981 0.7 19 0 0 0 "BU" 1981
9 1982 1.73478260869565 20.0739130434783 0 0 0 "BU" 1982
9 1983 0 19.16 0 0 0 "BU" 1983
9 1984 0 19.546875 0 0 0 "BU" 1984
9 1985 0 18.362 0 0 0 "BU" 1985
9 1986 0.308695652173913 19.1260869565217 0 0 0 "BU" 1986
9 1987 0.130434782608696 20.9130434782609 0 0 0 "BU" 1987
9 1988 0.0454545454545455 18.8 0 0 0 "BU" 1988
9 1989 0.721052631578947 17.8473684210526 0 0 0 "BU" 1989
9 1990 0 18.075 0 0 0 "BU" 1990
9 1991 0.170833333333333 18.5416666666667 0 0 0 "BU" 1991
9 1992 0 18.0130434782609 0 0 0 "BU" 1992
9 1993 0.0238095238095238 19.047619047619 0 0 0 "BU" 1993
9 1994 0 22.9875 0 0 0 "BU" 1994
9 1995 0.575 18.445 0 0 0 "BU" 1995
9 1997 0.236 16.546 0 0 0 "BU" 1997
9 1998 1.56666666666667 16.7541666666667 0 0 0 "BU" 1998
9 1999 1.292 19.146 0 0 0 "BU" 1999
9 2002 19.4157894736842 17.1236842105263 0 0 0 "BU" 2002
9 2003 0.2125 17.0458333333333 0 0 0 "BU" 2003
9 2004 1.78666666666667 19.1933333333333 0 0 0 "BU" 2004
9 2005 0.723333333333333 18.825 0 0 0 "BU" 2005
9 2006 7.2448275862069 18.7189655172414 0 0 0 "BU" 2006
9 2007 3.80666666666667 18.0116666666667 0 0 0 "BU" 2007
9 2008 1.49666666666667 18.3216666666667 0 0 0 "BU" 2008
9 2009 1.17333333333333 18.7316666666667 0 0 0 "BU" 2009
9 2010 12.0166666666667 19.3516666666667 0 0 0 "BU" 2010
9 2011 0.55 21.1966666666667 0 0 0 "BU" 2011
9 2012 0.317241379310345 20.9637931034483 0 0 0 "BU" 2012
9 2013 0.443333333333333 19.0716666666667 0 0 0 "BU" 2013
9 2014 5.29 17.98 0 0 0 "BU" 2014
9 2015 1.67666666666667 20.0316666666667 0 0 0 "BU" 2015
9 2016 0.0266666666666667 19.5366666666667 0 0 0 "BU" 2016
9 2017 2.58333333333333 19.3633333333333 0 0 0 "BU" 2017
9 2018 0.688888888888889 18.6777777777778 0 0 0 "BU" 2018
10 1973 2.31052631578947 13.8947368421053 0 0 0 "BU" 1973
10 1974 0.739130434782609 16 0 0 0 "BU" 1974
10 1975 2.2304347826087 12.8913043478261 0 0 0 "BU" 1975
10 1976 4.46086956521739 12.8478260869565 0 0 0 "BU" 1976
10 1977 0 11.4583333333333 0 0 0 "BU" 1977
10 1978 0.569230769230769 12.9038461538462 0 0 0 "BU" 1978
10 1979 0.743478260869565 11.5434782608696 0 0 0 "BU" 1979
10 1980 0.996 15.54 0 0 0 "BU" 1980
10 1981 0.254166666666667 16.3125 0 0 0 "BU" 1981
10 1982 0.157894736842105 13.6394736842105 0 0 0 "BU" 1982
10 1983 0 12.4285714285714 0 0 0 "BU" 1983
10 1984 0 16.1095238095238 0 0 0 "BU" 1984
10 1985 0 11.7375 0 0 0 "BU" 1985
10 1986 0.694444444444444 12.5194444444444 0 0 0 "BU" 1986
10 1987 1.0375 11.4833333333333 0 0 0 "BU" 1987
10 1988 0 10.9694444444444 0 0 0 "BU" 1988
10 1989 1.73157894736842 12.1710526315789 0 0 0 "BU" 1989
10 1990 0.485 12.2725 0 0 0 "BU" 1990
10 1991 3.82352941176471 14.2529411764706 0 0 0 "BU" 1991
10 1992 0.25 17.0227272727273 0 0 0 "BU" 1992
10 1993 0 16.3684210526316 0 0 0 "BU" 1993
10 1994 1.37619047619048 14.5142857142857 0 0 0 "BU" 1994
10 1995 0.220689655172414 12.7413793103448 0 0 0 "BU" 1995
10 1997 0.50625 11.8375 0 0 0 "BU" 1997
10 1998 0 14.8125 0 0 0 "BU" 1998
10 1999 0.19 14.865 0 0 0 "BU" 1999
10 2000 17.5 12.875 0 0 0 "BU" 2000
10 2001 1.5 14.3 0 0 0 "BU" 2001
10 2002 13.925 13.1895833333333 0 0 0 "BU" 2002
10 2003 3.19545454545455 13.2954545454545 0 0 0 "BU" 2003
10 2004 0.283333333333333 15.585 0 0 0 "BU" 2004
10 2005 1.75161290322581 12.3451612903226 0 0 0 "BU" 2005
10 2006 1.73225806451613 14.2677419354839 0 0 0 "BU" 2006
10 2007 2.59032258064516 13.8564516129032 0 0 0 "BU" 2007
10 2008 0.367741935483871 14.1145161290323 0 0 0 "BU" 2008
10 2009 11.5933333333333 13.8383333333333 0 0 0 "BU" 2009
10 2010 4.46206896551724 10.8655172413793 0 0 0 "BU" 2010
10 2011 3.87666666666667 11.155 0 0 0 "BU" 2011
10 2012 0.880645161290323 16.8677419354839 0 0 0 "BU" 2012
10 2013 1.75161290322581 12.5758064516129 0 0 0 "BU" 2013
10 2014 5.05161290322581 12.3822580645161 0 0 0 "BU" 2014
10 2015 2.35161290322581 12.6354838709677 0 0 0 "BU" 2015
10 2016 0.590322580645161 12.8532258064516 0 0 0 "BU" 2016
10 2017 2.33548387096774 12.4774193548387 0 0 0 "BU" 2017
10 2018 1.05 14.0033333333333 0 0 0 "BU" 2018
11 1973 1.45238095238095 6.23809523809524 0 0 0 "BU" 1973
11 1974 0.115 7.125 0 0 0 "BU" 1974
11 1975 1.47272727272727 6.63636363636364 0 0 0 "BU" 1975
11 1976 1.08636363636364 9.15909090909091 0 0 0 "BU" 1976
11 1977 1.75789473684211 10.4736842105263 0 0 0 "BU" 1977
11 1978 2.37083333333333 5.72916666666667 0 0 0 "BU" 1978
11 1979 3.725 8.55 0 0 0 "BU" 1979
11 1980 1.55652173913043 10.6304347826087 0 0 0 "BU" 1980
11 1981 1.46086956521739 5.67391304347826 0 0 0 "BU" 1981
11 1982 0.642857142857143 6.08333333333333 0 0 0 "BU" 1982
11 1983 0.778571428571429 5.39642857142857 0 0 0 "BU" 1983
11 1984 2.28947368421053 8.62894736842105 0 0 0 "BU" 1984
11 1985 2.09333333333333 8.76333333333333 0 0 0 "BU" 1985
11 1986 0 4.53461538461538 0 0 0 "BU" 1986
11 1987 1.74 9.10666666666667 0 0 0 "BU" 1987
11 1988 1.8 2.50714285714286 0 0 0 "BU" 1988
11 1989 1.77777777777778 7.50555555555556 0 0 0 "BU" 1989
11 1990 0 9.8625 0 0 0 "BU" 1990
11 1991 0.05 7.705 0 0 0 "BU" 1991
11 1992 1.26842105263158 9.37894736842105 0 0 0 "BU" 1992
11 1993 1.80588235294118 3.87058823529412 0 0 0 "BU" 1993
11 1994 3.11176470588235 6.39705882352941 0 0 0 "BU" 1994
11 1995 0.44375 4.421875 0 0 0 "BU" 1995
11 1997 0.36 8.2875 0 0 0 "BU" 1997
11 1998 2.92631578947368 5.75 0 0 0 "BU" 1998
11 1999 0.494736842105263 7.98947368421053 0 0 0 "BU" 1999
11 2000 12.95 8.375 0 0 0 "BU" 2000
11 2001 1.5 11.75 0 0 0 "BU" 2001
11 2002 8.61428571428571 9.34285714285714 0 0 0 "BU" 2002
11 2003 3.08571428571429 8.01904761904762 0 0 0 "BU" 2003
11 2004 1.18 8.64166666666667 0 0 0 "BU" 2004
11 2005 1.77333333333333 6.85 0 0 0 "BU" 2005
11 2006 4.98 7.92666666666667 0 0 0 "BU" 2006
11 2007 4.29 6.68833333333333 0 0 0 "BU" 2007
11 2008 12.6266666666667 8.92166666666667 0 0 0 "BU" 2008
11 2009 0.5 9.68965517241379 0 0 0 "BU" 2009
11 2010 0.99 13.0966666666667 0 0 0 "BU" 2010
11 2011 0.0344827586206897 4.62413793103448 0 0 0 "BU" 2011
11 2012 0.376666666666667 9.97666666666667 0 0 0 "BU" 2012
11 2013 2.76666666666667 9.91666666666667 0 0 0 "BU" 2013
11 2014 0.826666666666667 8.095 0 0 0 "BU" 2014
11 2015 3.56 11.1916666666667 0 0 0 "BU" 2015
11 2016 1.61666666666667 8.12166666666667 0 0 0 "BU" 2016
11 2017 1.53666666666667 8.14166666666667 0 0 0 "BU" 2017
11 2018 0.945833333333333 8.70625 0 0 0 "BU" 2018
12 1973 1.375 3.725 0 0 0 "BU" 1973
12 1974 2.425 3.55 0 0 0 "BU" 1974
12 1975 1.21666666666667 4.29166666666667 0 0 0 "BU" 1975
12 1976 0.963157894736842 3.44736842105263 0 0 0 "BU" 1976
12 1977 0.339130434782609 1.76086956521739 0 0 0 "BU" 1977
12 1978 0.356 3.9 0 0 0 "BU" 1978
12 1979 2.552 5.5 0 0 0 "BU" 1979
12 1980 5.388 4.74 0 0 0 "BU" 1980
12 1981 2.06190476190476 5.23809523809524 0 0 0 "BU" 1981
12 1982 3.46428571428571 6.58214285714286 0 0 0 "BU" 1982
12 1983 1.77777777777778 3.92222222222222 0 0 0 "BU" 1983
12 1984 1.43125 1.8875 0 0 0 "BU" 1984
12 1985 0.0722222222222222 6.56666666666667 0 0 0 "BU" 1985
12 1986 0.376190476190476 1.20714285714286 0 0 0 "BU" 1986
12 1987 1.49285714285714 2.22142857142857 0 0 0 "BU" 1987
12 1988 1.42380952380952 2.09047619047619 0 0 0 "BU" 1988
12 1989 2.58260869565217 3.67608695652174 0 0 0 "BU" 1989
12 1990 5.61666666666667 3.94166666666667 0 0 0 "BU" 1990
12 1991 0.463636363636364 0.463636363636364 0 0 0 "BU" 1991
12 1992 0.840909090909091 0.579545454545455 0 0 0 "BU" 1992
12 1993 2.48095238095238 4.6452380952381 0 0 0 "BU" 1993
12 1994 5.05 3.075 0 0 0 "BU" 1994
12 1995 1.93157894736842 3.77894736842105 0 0 0 "BU" 1995
12 1997 3.30588235294118 3.24705882352941 0 0 0 "BU" 1997
12 1998 3.01052631578947 0.231578947368421 0 0 0 "BU" 1998
12 1999 2.45333333333333 6.30666666666667 0 0 0 "BU" 1999
12 2000 0.5 -0.3 0 0 0 "BU" 2000
12 2001 4.64 -1.47 0 0 0 "BU" 2001
12 2002 2.51578947368421 0.894736842105263 0 0 0 "BU" 2002
12 2003 7.344 2.686 0 0 0 "BU" 2003
12 2004 4.39354838709677 4.62741935483871 0 0 0 "BU" 2004
12 2005 2.61290322580645 4.1758064516129 0 0 0 "BU" 2005
12 2006 1.1 3.6241935483871 0 0 0 "BU" 2006
12 2007 1.28387096774194 1.46774193548387 0 0 0 "BU" 2007
12 2008 6.68 5.305 0 0 0 "BU" 2008
12 2009 4.62 6.445 0 0 0 "BU" 2009
12 2010 1.74838709677419 5.9741935483871 0 0 0 "BU" 2010
12 2011 1.44516129032258 4.53548387096774 0 0 0 "BU" 2011
12 2012 3.91333333333333 3.21666666666667 0 0 0 "BU" 2012
12 2013 0.303225806451613 2.87741935483871 0 0 0 "BU" 2013
12 2014 5.43548387096774 5.39032258064516 0 0 0 "BU" 2014
12 2015 0 4.93870967741935 0 0 0 "BU" 2015
12 2016 0.18 1.035 0 0 0 "BU" 2016
12 2017 2.63225806451613 5.85967741935484 0 0 0 "BU" 2017
12 2018 1.14193548387097 3.16774193548387 0 0 0 "BU" 2018
