"MONTH" "YEAR" "ave_precip_mo" "ave_mo_t" "opium_t" "mj_t" "coca_t" "fips" "year"
1 1987 0 26.75 0 0 0 "BX" 1987
1 1988 10.5764705882353 27.6176470588235 0 0 0 "BX" 1988
1 1989 0.35 27.45 0 0 0 "BX" 1989
1 1990 16.5125 26.90625 0 0 0 "BX" 1990
1 1991 2.23846153846154 27.4346153846154 0 0 0 "BX" 1991
1 1994 6.66666666666667 27.5222222222222 0 0 0 "BX" 1994
1 1995 9.37619047619048 27.85 0 0 0 "BX" 1995
1 1996 9.17222222222222 26.6388888888889 0 0 0 "BX" 1996
1 1997 6.89285714285714 27.1714285714286 0 0 0 "BX" 1997
1 1998 0.546666666666667 28.29 0 0 0 "BX" 1998
1 2000 13.37 27.215 0 0 0 "BX" 2000
1 2001 21.7368421052632 27.2315789473684 0 0 0 "BX" 2001
1 2002 7.32727272727273 27.35 0 0 0 "BX" 2002
1 2003 2.60833333333333 27.8583333333333 0 0 0 "BX" 2003
1 2004 4.19375 27.8 0 0 0 "BX" 2004
1 2005 5.14705882352941 26.7323529411765 0 0 0 "BX" 2005
1 2006 12.4631578947368 26.85 0 0 0 "BX" 2006
1 2007 18.665 27.2275 0 0 0 "BX" 2007
1 2008 15.2071428571429 27.425 0 0 0 "BX" 2008
1 2009 39.2722222222222 26.8027777777778 0 0 0 "BX" 2009
1 2010 9.26153846153846 27.3615384615385 0 0 0 "BX" 2010
1 2011 12.79375 27.053125 0 0 0 "BX" 2011
1 2012 14.5294117647059 27.8088235294118 0 0 0 "BX" 2012
1 2013 7.41111111111111 27.4611111111111 0 0 0 "BX" 2013
1 2014 24.93 26.38 0 0 0 "BX" 2014
1 2015 16.6153846153846 27 0 0 0 "BX" 2015
1 2016 0 28.1 0 0 0 "BX" 2016
1 2017 11.85 27.7875 0 0 0 "BX" 2017
1 2018 11.6357142857143 27.2714285714286 0 0 0 "BX" 2018
1 2019 11.5444444444444 27.7833333333333 0 0 0 "BX" 2019
2 1987 31 25.2 0 0 0 "BX" 1987
2 1988 11.20625 27.34375 0 0 0 "BX" 1988
2 1989 13.6153846153846 26.2307692307692 0 0 0 "BX" 1989
2 1990 0.0857142857142857 27.8714285714286 0 0 0 "BX" 1990
2 1991 1.03333333333333 27.2208333333333 0 0 0 "BX" 1991
2 1994 3.925 27.646875 0 0 0 "BX" 1994
2 1995 4.99166666666667 27.6458333333333 0 0 0 "BX" 1995
2 1996 7.89285714285714 26.875 0 0 0 "BX" 1996
2 1997 6.325 27.178125 0 0 0 "BX" 1997
2 1998 1.91818181818182 28.5545454545455 0 0 0 "BX" 1998
2 2000 18.7294117647059 26.7882352941176 0 0 0 "BX" 2000
2 2001 7.37142857142857 27.1214285714286 0 0 0 "BX" 2001
2 2002 4.84285714285714 27.3714285714286 0 0 0 "BX" 2002
2 2003 0.2 28.22 0 0 0 "BX" 2003
2 2004 0.1 27.66 0 0 0 "BX" 2004
2 2005 2.79375 28.053125 0 0 0 "BX" 2005
2 2006 5.9625 27.609375 0 0 0 "BX" 2006
2 2007 15.8684210526316 26.7631578947368 0 0 0 "BX" 2007
2 2008 7.85833333333333 26.8 0 0 0 "BX" 2008
2 2009 16.92 26.9933333333333 0 0 0 "BX" 2009
2 2010 8.25 28.55 0 0 0 "BX" 2010
2 2011 24.425 26.8208333333333 0 0 0 "BX" 2011
2 2012 17.3230769230769 27.7961538461538 0 0 0 "BX" 2012
2 2013 4.07142857142857 28.05 0 0 0 "BX" 2013
2 2014 7.2375 26.5375 0 0 0 "BX" 2014
2 2015 0.877777777777778 27.6777777777778 0 0 0 "BX" 2015
2 2016 2.6375 28.3125 0 0 0 "BX" 2016
2 2017 7.62 27.15 0 0 0 "BX" 2017
2 2018 15.6363636363636 26.6590909090909 0 0 0 "BX" 2018
3 1987 0 27.65 0 0 0 "BX" 1987
3 1988 4.78125 27.871875 0 0 0 "BX" 1988
3 1989 3.97142857142857 26.8321428571429 0 0 0 "BX" 1989
3 1990 4.59090909090909 27.6954545454545 0 0 0 "BX" 1990
3 1991 0.1 28.36 0 0 0 "BX" 1991
3 1994 8.38 27.86 0 0 0 "BX" 1994
3 1995 24.9 28.35 0 0 0 "BX" 1995
3 1996 5.27333333333333 28.2633333333333 0 0 0 "BX" 1996
3 1997 0.306666666666667 28.1933333333333 0 0 0 "BX" 1997
3 1998 0 30.0642857142857 0 0 0 "BX" 1998
3 2000 10.2272727272727 27.775 0 0 0 "BX" 2000
3 2001 11.7363636363636 27.8318181818182 0 0 0 "BX" 2001
3 2002 4 28.0863636363636 0 0 0 "BX" 2002
3 2003 1.82 28.14 0 0 0 "BX" 2003
3 2004 7.86666666666667 27.7666666666667 0 0 0 "BX" 2004
3 2005 5.72352941176471 28.0264705882353 0 0 0 "BX" 2005
3 2006 5.14166666666667 27.2375 0 0 0 "BX" 2006
3 2007 6 27.68 0 0 0 "BX" 2007
3 2008 23.2933333333333 27.11 0 0 0 "BX" 2008
3 2009 12.0944444444444 27.6333333333333 0 0 0 "BX" 2009
3 2010 10.7 28.91875 0 0 0 "BX" 2010
3 2011 10.5277777777778 27.2555555555556 0 0 0 "BX" 2011
3 2012 7.235 28.01 0 0 0 "BX" 2012
3 2013 4.59166666666667 28.5958333333333 0 0 0 "BX" 2013
3 2014 5.03333333333333 28.1722222222222 0 0 0 "BX" 2014
3 2015 0 28.025 0 0 0 "BX" 2015
3 2016 2.06666666666667 28.8416666666667 0 0 0 "BX" 2016
3 2017 12.8166666666667 27.5458333333333 0 0 0 "BX" 2017
3 2018 6.08 27.8 0 0 0 "BX" 2018
4 1986 5.1 27.55 0 0 0 "BX" 1986
4 1987 1 27.65 0 0 0 "BX" 1987
4 1988 4.14 28.565 0 0 0 "BX" 1988
4 1989 0 27.725 0 0 0 "BX" 1989
4 1990 15.225 28.3166666666667 0 0 0 "BX" 1990
4 1991 11.89375 27.975 0 0 0 "BX" 1991
4 1994 11.7857142857143 28.3071428571429 0 0 0 "BX" 1994
4 1995 5.56111111111111 28.7555555555556 0 0 0 "BX" 1995
4 1996 8.79285714285714 28.325 0 0 0 "BX" 1996
4 1997 4.415 28.2725 0 0 0 "BX" 1997
4 1998 2.27333333333333 29.81 0 0 0 "BX" 1998
4 2000 12.8357142857143 27.6214285714286 0 0 0 "BX" 2000
4 2001 10.88125 28.28125 0 0 0 "BX" 2001
4 2002 13.6944444444444 28.3527777777778 0 0 0 "BX" 2002
4 2003 11.3333333333333 28.6966666666667 0 0 0 "BX" 2003
4 2004 11.6176470588235 28.4264705882353 0 0 0 "BX" 2004
4 2005 6.67647058823529 28.3352941176471 0 0 0 "BX" 2005
4 2006 10.4466666666667 27.2933333333333 0 0 0 "BX" 2006
4 2007 13.1166666666667 28.175 0 0 0 "BX" 2007
4 2008 11.5733333333333 28.0633333333333 0 0 0 "BX" 2008
4 2009 7.21 28.76 0 0 0 "BX" 2009
4 2010 14.7636363636364 28.5818181818182 0 0 0 "BX" 2010
4 2011 9.83684210526316 28.2 0 0 0 "BX" 2011
4 2012 17.7941176470588 28.0294117647059 0 0 0 "BX" 2012
4 2013 14.35 28.2361111111111 0 0 0 "BX" 2013
4 2014 11.5166666666667 28.4333333333333 0 0 0 "BX" 2014
4 2015 1.15 28.575 0 0 0 "BX" 2015
4 2016 18.4142857142857 29.25 0 0 0 "BX" 2016
4 2017 17.19 28.2375 0 0 0 "BX" 2017
4 2018 7.96428571428571 28.4178571428571 0 0 0 "BX" 2018
5 1987 20.1 26.75 0 0 0 "BX" 1987
5 1988 4.77777777777778 27.9888888888889 0 0 0 "BX" 1988
5 1989 2.52857142857143 28.0071428571429 0 0 0 "BX" 1989
5 1990 7.53333333333333 28.5041666666667 0 0 0 "BX" 1990
5 1991 1.91111111111111 28.3666666666667 0 0 0 "BX" 1991
5 1994 4.8375 28.765625 0 0 0 "BX" 1994
5 1995 10.4 28.8342105263158 0 0 0 "BX" 1995
5 1996 14.7142857142857 28.575 0 0 0 "BX" 1996
5 1997 19.0777777777778 28.3722222222222 0 0 0 "BX" 1997
5 1998 3.33571428571429 30.2285714285714 0 0 0 "BX" 1998
5 2000 2.4 28.4333333333333 0 0 0 "BX" 2000
5 2001 10.2909090909091 28.6 0 0 0 "BX" 2001
5 2002 29.15 28.71875 0 0 0 "BX" 2002
5 2003 3.38666666666667 28.6766666666667 0 0 0 "BX" 2003
5 2004 15.075 27.9416666666667 0 0 0 "BX" 2004
5 2005 16.0823529411765 28.3470588235294 0 0 0 "BX" 2005
5 2006 12.46 27.695 0 0 0 "BX" 2006
5 2007 12.8739130434783 28.3239130434783 0 0 0 "BX" 2007
5 2008 6.09 27.75 0 0 0 "BX" 2008
5 2009 4.19 29.16 0 0 0 "BX" 2009
5 2010 13.3 29.375 0 0 0 "BX" 2010
5 2011 8.64117647058823 28.3323529411765 0 0 0 "BX" 2011
5 2012 3.80909090909091 28.6681818181818 0 0 0 "BX" 2012
5 2013 19.6857142857143 28.5821428571429 0 0 0 "BX" 2013
5 2014 7.99 28.175 0 0 0 "BX" 2014
5 2015 16.6 28.59375 0 0 0 "BX" 2015
5 2016 6.17 29.355 0 0 0 "BX" 2016
5 2017 12.6583333333333 28.5958333333333 0 0 0 "BX" 2017
5 2018 15.62 28.3066666666667 0 0 0 "BX" 2018
6 1981 0 28.5 0 0 0 "BX" 1981
6 1987 26.3333333333333 27.95 0 0 0 "BX" 1987
6 1988 5.35 27.875 0 0 0 "BX" 1988
6 1989 6.82 27.87 0 0 0 "BX" 1989
6 1990 15.7142857142857 27.9928571428571 0 0 0 "BX" 1990
6 1991 43.9 28.2 0 0 0 "BX" 1991
6 1994 6.70625 28.203125 0 0 0 "BX" 1994
6 1995 7.82 28.37 0 0 0 "BX" 1995
6 1996 6.37692307692308 28.6692307692308 0 0 0 "BX" 1996
6 1997 4.54615384615385 28.3769230769231 0 0 0 "BX" 1997
6 1998 10.5 28.43 0 0 0 "BX" 1998
6 2000 18.8727272727273 27.4954545454545 0 0 0 "BX" 2000
6 2001 21.5454545454545 27.0681818181818 0 0 0 "BX" 2001
6 2002 2.27142857142857 28.3285714285714 0 0 0 "BX" 2002
6 2003 7.72 27.99 0 0 0 "BX" 2003
6 2004 2.75384615384615 28.5653846153846 0 0 0 "BX" 2004
6 2005 12.4375 28.075 0 0 0 "BX" 2005
6 2006 11.4411764705882 27.4352941176471 0 0 0 "BX" 2006
6 2007 16.147619047619 28.0452380952381 0 0 0 "BX" 2007
6 2008 4.4625 27.99375 0 0 0 "BX" 2008
6 2009 2.42727272727273 28.9409090909091 0 0 0 "BX" 2009
6 2010 18.2272727272727 28.4181818181818 0 0 0 "BX" 2010
6 2011 12.95625 28.2 0 0 0 "BX" 2011
6 2012 5.28333333333333 29.0166666666667 0 0 0 "BX" 2012
6 2013 5.1 28.585 0 0 0 "BX" 2013
6 2014 12.7888888888889 28.6833333333333 0 0 0 "BX" 2014
6 2015 20.3 28.35 0 0 0 "BX" 2015
6 2016 19.4 28.1055555555556 0 0 0 "BX" 2016
6 2017 16.7692307692308 27.9846153846154 0 0 0 "BX" 2017
6 2018 14.8666666666667 28.1277777777778 0 0 0 "BX" 2018
7 1981 13.1 26.8636363636364 0 0 0 "BX" 1981
7 1987 8.24444444444445 27.3444444444444 0 0 0 "BX" 1987
7 1988 21.3 27.48125 0 0 0 "BX" 1988
7 1989 1.97777777777778 27.7833333333333 0 0 0 "BX" 1989
7 1990 4.68888888888889 27.5444444444444 0 0 0 "BX" 1990
7 1991 3.88888888888889 28.0722222222222 0 0 0 "BX" 1991
7 1994 2.81666666666667 28.9083333333333 0 0 0 "BX" 1994
7 1995 10.85 27.9178571428571 0 0 0 "BX" 1995
7 1996 13.39 28.98 0 0 0 "BX" 1996
7 1997 16.8 27.7117647058824 0 0 0 "BX" 1997
7 1998 7.7 27.8678571428571 0 0 0 "BX" 1998
7 2000 1.2 28.1722222222222 0 0 0 "BX" 2000
7 2001 6.03333333333333 28.6888888888889 0 0 0 "BX" 2001
7 2002 2.6 28.8363636363636 0 0 0 "BX" 2002
7 2003 9.39047619047619 28.1904761904762 0 0 0 "BX" 2003
7 2004 12.7833333333333 27.4291666666667 0 0 0 "BX" 2004
7 2005 13.1473684210526 27.7473684210526 0 0 0 "BX" 2005
7 2006 0.7625 28.45625 0 0 0 "BX" 2006
7 2007 18.95 27.803125 0 0 0 "BX" 2007
7 2008 16.4 27.4285714285714 0 0 0 "BX" 2008
7 2009 8.21666666666667 28.0083333333333 0 0 0 "BX" 2009
7 2010 20.0142857142857 28.0714285714286 0 0 0 "BX" 2010
7 2011 4.6 28.465 0 0 0 "BX" 2011
7 2012 18.2666666666667 27.7458333333333 0 0 0 "BX" 2012
7 2013 1.8125 27.925 0 0 0 "BX" 2013
7 2014 4.15555555555556 28.6666666666667 0 0 0 "BX" 2014
7 2015 17.4 28.41875 0 0 0 "BX" 2015
7 2016 12.38 27.91 0 0 0 "BX" 2016
7 2017 4.87692307692308 27.8115384615385 0 0 0 "BX" 2017
7 2018 4.60555555555556 28.25 0 0 0 "BX" 2018
8 1981 0.546153846153846 27.5769230769231 0 0 0 "BX" 1981
8 1986 20.1 27.55 0 0 0 "BX" 1986
8 1987 17.8909090909091 27.4863636363636 0 0 0 "BX" 1987
8 1988 24.9416666666667 27.2416666666667 0 0 0 "BX" 1988
8 1989 4.83333333333333 27.6583333333333 0 0 0 "BX" 1989
8 1990 2.6 27.9357142857143 0 0 0 "BX" 1990
8 1991 2.82 28.3 0 0 0 "BX" 1991
8 1994 11.4818181818182 28.1363636363636 0 0 0 "BX" 1994
8 1995 16.0076923076923 27.9153846153846 0 0 0 "BX" 1995
8 1996 9.46153846153846 28.4807692307692 0 0 0 "BX" 1996
8 1997 3.50833333333333 28.5291666666667 0 0 0 "BX" 1997
8 1998 12.5230769230769 27.5615384615385 0 0 0 "BX" 1998
8 2000 19.7833333333333 27.5166666666667 0 0 0 "BX" 2000
8 2001 13.12 28.31 0 0 0 "BX" 2001
8 2002 15.5636363636364 27.9318181818182 0 0 0 "BX" 2002
8 2003 28.6666666666667 28.62 0 0 0 "BX" 2003
8 2004 6.6 28.1208333333333 0 0 0 "BX" 2004
8 2005 8.66923076923077 27.9153846153846 0 0 0 "BX" 2005
8 2006 15.2153846153846 28.0423076923077 0 0 0 "BX" 2006
8 2007 11.6785714285714 27.55 0 0 0 "BX" 2007
8 2008 8.46923076923077 27.8153846153846 0 0 0 "BX" 2008
8 2009 3.91428571428571 28.3535714285714 0 0 0 "BX" 2009
8 2010 29.6727272727273 28.0136363636364 0 0 0 "BX" 2010
8 2011 9.07857142857143 27.8785714285714 0 0 0 "BX" 2011
8 2012 4.85714285714286 28.7142857142857 0 0 0 "BX" 2012
8 2013 10.4111111111111 27.7888888888889 0 0 0 "BX" 2013
8 2014 14.5454545454545 27.3181818181818 0 0 0 "BX" 2014
8 2015 9.88461538461539 28.1461538461538 0 0 0 "BX" 2015
8 2016 1 29.05 0 0 0 "BX" 2016
8 2017 13.725 28.23125 0 0 0 "BX" 2017
8 2018 5.30625 28.484375 0 0 0 "BX" 2018
9 1981 4.45555555555556 27.5555555555556 0 0 0 "BX" 1981
9 1987 24 28.05 0 0 0 "BX" 1987
9 1988 10.6625 27.30625 0 0 0 "BX" 1988
9 1989 12.1 27.3409090909091 0 0 0 "BX" 1989
9 1990 0.416666666666667 27.9 0 0 0 "BX" 1990
9 1991 7.66153846153846 27.5192307692308 0 0 0 "BX" 1991
9 1994 12.3090909090909 27.8772727272727 0 0 0 "BX" 1994
9 1995 6.4 27.945 0 0 0 "BX" 1995
9 1996 1.5 28.9 0 0 0 "BX" 1996
9 1997 12.0882352941176 27.9941176470588 0 0 0 "BX" 1997
9 1998 15.7625 28.00625 0 0 0 "BX" 1998
9 1999 0.5 27.65 0 0 0 "BX" 1999
9 2000 12.05 28.05 0 0 0 "BX" 2000
9 2001 12.0625 27.9875 0 0 0 "BX" 2001
9 2002 9.065 27.8775 0 0 0 "BX" 2002
9 2003 2.38461538461538 28.2807692307692 0 0 0 "BX" 2003
9 2004 14.6277777777778 27.6722222222222 0 0 0 "BX" 2004
9 2005 12.2866666666667 27.7233333333333 0 0 0 "BX" 2005
9 2006 13.8133333333333 27.5166666666667 0 0 0 "BX" 2006
9 2007 11.0647058823529 27.5176470588235 0 0 0 "BX" 2007
9 2008 7.89090909090909 28.1272727272727 0 0 0 "BX" 2008
9 2009 7.93333333333333 28.3291666666667 0 0 0 "BX" 2009
9 2010 17.02 27.835 0 0 0 "BX" 2010
9 2011 5.49166666666667 28.2708333333333 0 0 0 "BX" 2011
9 2012 8.25 27.29375 0 0 0 "BX" 2012
9 2013 11.5444444444444 27.5833333333333 0 0 0 "BX" 2013
9 2014 5.9 28.1166666666667 0 0 0 "BX" 2014
9 2015 1.98888888888889 28.3444444444444 0 0 0 "BX" 2015
9 2016 8.14444444444444 28.5166666666667 0 0 0 "BX" 2016
9 2017 10.70625 27.678125 0 0 0 "BX" 2017
9 2018 13.8214285714286 27.5321428571429 0 0 0 "BX" 2018
10 1981 7.11578947368421 26.8684210526316 0 0 0 "BX" 1981
10 1986 3 27.2 0 0 0 "BX" 1986
10 1987 14.1583333333333 27.5958333333333 0 0 0 "BX" 1987
10 1988 5.68333333333333 27.5194444444444 0 0 0 "BX" 1988
10 1989 7.26428571428571 27.4 0 0 0 "BX" 1989
10 1990 8.5 27.89 0 0 0 "BX" 1990
10 1991 10.4142857142857 27.8857142857143 0 0 0 "BX" 1991
10 1993 1 27.5 0 0 0 "BX" 1993
10 1994 11.3705882352941 27.6558823529412 0 0 0 "BX" 1994
10 1995 3.72222222222222 28.0277777777778 0 0 0 "BX" 1995
10 1996 10.62 27.63 0 0 0 "BX" 1996
10 1997 12.6294117647059 27.8235294117647 0 0 0 "BX" 1997
10 1998 8.86875 27.690625 0 0 0 "BX" 1998
10 1999 16.0857142857143 27.1464285714286 0 0 0 "BX" 1999
10 2000 5.37333333333333 27.82 0 0 0 "BX" 2000
10 2001 12.7846153846154 27.2846153846154 0 0 0 "BX" 2001
10 2002 7.90625 27.659375 0 0 0 "BX" 2002
10 2003 11.1642857142857 27.3964285714286 0 0 0 "BX" 2003
10 2004 8.56875 27.990625 0 0 0 "BX" 2004
10 2005 10.495652173913 27.7434782608696 0 0 0 "BX" 2005
10 2006 8.74117647058824 27.5647058823529 0 0 0 "BX" 2006
10 2007 10.2789473684211 27.7605263157895 0 0 0 "BX" 2007
10 2008 23.9411764705882 27.5823529411765 0 0 0 "BX" 2008
10 2009 9.91428571428571 28.1285714285714 0 0 0 "BX" 2009
10 2010 17.2714285714286 28.1285714285714 0 0 0 "BX" 2010
10 2011 2.95454545454545 28.55 0 0 0 "BX" 2011
10 2012 9.37857142857143 27.7285714285714 0 0 0 "BX" 2012
10 2013 9.36428571428571 27.3071428571429 0 0 0 "BX" 2013
10 2014 12.4166666666667 27.6458333333333 0 0 0 "BX" 2014
10 2015 5.36923076923077 28.5653846153846 0 0 0 "BX" 2015
10 2016 12.3153846153846 28.0653846153846 0 0 0 "BX" 2016
10 2017 14.5478260869565 27.4260869565217 0 0 0 "BX" 2017
10 2018 6.18235294117647 28.0588235294118 0 0 0 "BX" 2018
11 1981 18 26.9 0 0 0 "BX" 1981
11 1986 11.55 26.75 0 0 0 "BX" 1986
11 1987 20.6933333333333 27.4633333333333 0 0 0 "BX" 1987
11 1988 13.3125 26.978125 0 0 0 "BX" 1988
11 1989 8.61 27.53 0 0 0 "BX" 1989
11 1990 13.7 27.15 0 0 0 "BX" 1990
11 1991 11.1666666666667 27.2166666666667 0 0 0 "BX" 1991
11 1994 13.875 28.04375 0 0 0 "BX" 1994
11 1995 7.13 27.58 0 0 0 "BX" 1995
11 1996 9.37 27.4725 0 0 0 "BX" 1996
11 1997 14.9666666666667 27.75 0 0 0 "BX" 1997
11 1998 5.7 28.0392857142857 0 0 0 "BX" 1998
11 1999 10.7928571428571 27.75 0 0 0 "BX" 1999
11 2000 12.78 27.525 0 0 0 "BX" 2000
11 2001 9.43125 27.45625 0 0 0 "BX" 2001
11 2002 14.55 27.3607142857143 0 0 0 "BX" 2002
11 2003 6.0875 27.803125 0 0 0 "BX" 2003
11 2004 6.80909090909091 27.7977272727273 0 0 0 "BX" 2004
11 2005 8.63636363636364 27.1363636363636 0 0 0 "BX" 2005
11 2006 9.83 28.2875 0 0 0 "BX" 2006
11 2007 6.92083333333333 27.3520833333333 0 0 0 "BX" 2007
11 2008 11.1642857142857 27.9928571428571 0 0 0 "BX" 2008
11 2009 15.0416666666667 27.925 0 0 0 "BX" 2009
11 2010 14.12 27.7466666666667 0 0 0 "BX" 2010
11 2011 10.55 28.11875 0 0 0 "BX" 2011
11 2012 13.8315789473684 27.8763157894737 0 0 0 "BX" 2012
11 2013 23.4142857142857 27.7428571428571 0 0 0 "BX" 2013
11 2014 19.9666666666667 28.1833333333333 0 0 0 "BX" 2014
11 2015 22.5083333333333 28.0583333333333 0 0 0 "BX" 2015
11 2016 9.50909090909091 28.2227272727273 0 0 0 "BX" 2016
11 2017 23.52 27.61 0 0 0 "BX" 2017
11 2018 6.35833333333333 28.3833333333333 0 0 0 "BX" 2018
12 1981 8.28235294117647 26.7941176470588 0 0 0 "BX" 1981
12 1986 13.45 26.725 0 0 0 "BX" 1986
12 1987 6.3 27.4558823529412 0 0 0 "BX" 1987
12 1988 14.0083333333333 26.1583333333333 0 0 0 "BX" 1988
12 1989 0.942857142857143 27.5214285714286 0 0 0 "BX" 1989
12 1990 3.16111111111111 27.4166666666667 0 0 0 "BX" 1990
12 1993 8.40909090909091 27.5727272727273 0 0 0 "BX" 1993
12 1994 12.7357142857143 27.6714285714286 0 0 0 "BX" 1994
12 1995 10.19375 26.971875 0 0 0 "BX" 1995
12 1996 10.9666666666667 26.9766666666667 0 0 0 "BX" 1996
12 1997 4.21538461538462 27.9730769230769 0 0 0 "BX" 1997
12 1998 22.0583333333333 27.0458333333333 0 0 0 "BX" 1998
12 1999 6.83333333333333 27.2166666666667 0 0 0 "BX" 1999
12 2000 10.2466666666667 27.3566666666667 0 0 0 "BX" 2000
12 2001 11.63 27.21 0 0 0 "BX" 2001
12 2002 7.0375 28.303125 0 0 0 "BX" 2002
12 2003 30.215 27.5225 0 0 0 "BX" 2003
12 2004 4.87894736842105 27.3447368421053 0 0 0 "BX" 2004
12 2005 18.6882352941176 27.0117647058824 0 0 0 "BX" 2005
12 2006 10.0222222222222 27.8916666666667 0 0 0 "BX" 2006
12 2007 8.54 27.545 0 0 0 "BX" 2007
12 2008 12.74375 27.628125 0 0 0 "BX" 2008
12 2009 12.725 27.8125 0 0 0 "BX" 2009
12 2010 17.53 27.61 0 0 0 "BX" 2010
12 2011 11.8380952380952 27.5404761904762 0 0 0 "BX" 2011
12 2012 23.5 27.8363636363636 0 0 0 "BX" 2012
12 2013 18.4923076923077 27.6230769230769 0 0 0 "BX" 2013
12 2014 13.7428571428571 27.7928571428571 0 0 0 "BX" 2014
12 2015 7.31538461538462 28.3153846153846 0 0 0 "BX" 2015
12 2016 5.50833333333333 28.1875 0 0 0 "BX" 2016
12 2017 23.9666666666667 27.4375 0 0 0 "BX" 2017
12 2018 12.3894736842105 27.8894736842105 0 0 0 "BX" 2018
