"MONTH" "YEAR" "ave_precip_mo" "ave_mo_t" "opium_t" "mj_t" "coca_t" "fips" "year"
1 1970 0 24.155 0 0 0 "CD" 1970
1 1971 0 22.0677419354839 0 0 0 "CD" 1971
1 1972 0 23.0096774193548 0 0 0 "CD" 1972
1 1973 0 25.5354838709677 0 0 0 "CD" 1973
1 1974 0 22.7 0 0 0 "CD" 1974
1 1975 0 20.7370967741935 0 0 0 "CD" 1975
1 1976 0 23.3693548387097 0 0 0 "CD" 1976
1 1977 0 23.7129032258064 0 0 0 "CD" 1977
1 1978 0 22.4741935483871 0 0 0 "CD" 1978
1 1979 0 23.8888888888889 0 0 0 "CD" 1979
1 1994 24.9 28.35 0 0 0 "CD" 1994
1 1998 0 24.125 0 0 0 "CD" 1998
1 2000 0 24.5285714285714 0 0 0 "CD" 2000
1 2003 0 23.5323529411765 0 0 0 "CD" 2003
1 2004 0 24.3535714285714 0 0 0 "CD" 2004
1 2005 0 21.6454545454545 0 0 0 "CD" 2005
2 1970 0 25.5928571428571 0 0 0 "CD" 1970
2 1971 0 26.3017857142857 0 0 0 "CD" 1971
2 1972 0 26.498275862069 0 0 0 "CD" 1972
2 1973 0 28.1125 0 0 0 "CD" 1973
2 1974 0 26.0053571428571 0 0 0 "CD" 1974
2 1975 0 25.7339285714286 0 0 0 "CD" 1975
2 1976 0 28.0655172413793 0 0 0 "CD" 1976
2 1977 0 25.3446428571429 0 0 0 "CD" 1977
2 1978 0 26.1375 0 0 0 "CD" 1978
2 1979 0 24.8333333333333 0 0 0 "CD" 1979
2 1994 0 25.65 0 0 0 "CD" 1994
2 1997 0 24.5192307692308 0 0 0 "CD" 1997
2 1998 0 31.325 0 0 0 "CD" 1998
2 2002 0.5 30.725 0 0 0 "CD" 2002
2 2003 0 27.5692307692308 0 0 0 "CD" 2003
2 2004 0 25.1611111111111 0 0 0 "CD" 2004
2 2005 0 30.8545454545455 0 0 0 "CD" 2005
3 1970 0 29.1322580645161 0 0 0 "CD" 1970
3 1971 0 31.7354838709677 0 0 0 "CD" 1971
3 1972 0 30.8758064516129 0 0 0 "CD" 1972
3 1973 0 30.6096774193548 0 0 0 "CD" 1973
3 1974 0 29.7274193548387 0 0 0 "CD" 1974
3 1975 0 30.1806451612903 0 0 0 "CD" 1975
3 1976 0 28.7645161290323 0 0 0 "CD" 1976
3 1977 0 28.1435483870968 0 0 0 "CD" 1977
3 1978 0 29.9483870967742 0 0 0 "CD" 1978
3 1994 12.775 30.125 0 0 0 "CD" 1994
3 1997 0 30.555 0 0 0 "CD" 1997
3 2003 0 29.7447368421053 0 0 0 "CD" 2003
3 2004 0 29.0394736842105 0 0 0 "CD" 2004
3 2005 0 33.4428571428571 0 0 0 "CD" 2005
4 1970 0.213333333333333 33.0483333333333 0 0 0 "CD" 1970
4 1971 0 32.3 0 0 0 "CD" 1971
4 1972 0.143333333333333 32.98 0 0 0 "CD" 1972
4 1973 0.0633333333333333 34.26 0 0 0 "CD" 1973
4 1974 0.186666666666667 33.8 0 0 0 "CD" 1974
4 1975 0.0166666666666667 32.9716666666667 0 0 0 "CD" 1975
4 1976 0.593333333333333 32.7266666666667 0 0 0 "CD" 1976
4 1977 0 31.7183333333333 0 0 0 "CD" 1977
4 1978 0.826666666666667 33.06 0 0 0 "CD" 1978
4 1989 0 33 0 0 0 "CD" 1989
4 1991 5.1 31.8666666666667 0 0 0 "CD" 1991
4 1992 4.1 30.35 0 0 0 "CD" 1992
4 1993 0.3 33.68 0 0 0 "CD" 1993
4 1994 6 29.45 0 0 0 "CD" 1994
4 1997 0.0833333333333333 33.15 0 0 0 "CD" 1997
4 2000 1 34.35 0 0 0 "CD" 2000
4 2002 99.1 30.7 0 0 0 "CD" 2002
4 2003 0 34.275 0 0 0 "CD" 2003
4 2004 0 34.0558823529412 0 0 0 "CD" 2004
4 2005 0 34.14375 0 0 0 "CD" 2005
4 2007 163.1 34.55 0 0 0 "CD" 2007
4 2009 6.6 31.575 0 0 0 "CD" 2009
4 2011 0 31.35 0 0 0 "CD" 2011
4 2014 1 35 0 0 0 "CD" 2014
5 1970 1.60967741935484 33.0661290322581 0 0 0 "CD" 1970
5 1971 0.364516129032258 32.6564516129032 0 0 0 "CD" 1971
5 1972 1.08387096774194 32.4645161290323 0 0 0 "CD" 1972
5 1973 0.461290322580645 33.6516129032258 0 0 0 "CD" 1973
5 1974 0.603225806451613 32.1774193548387 0 0 0 "CD" 1974
5 1975 0.354838709677419 33.3096774193548 0 0 0 "CD" 1975
5 1976 0.709677419354839 32.7758064516129 0 0 0 "CD" 1976
5 1977 1.79032258064516 32.7467741935484 0 0 0 "CD" 1977
5 1978 2.90322580645161 32.2225806451613 0 0 0 "CD" 1978
5 1988 9 33.8333333333333 0 0 0 "CD" 1988
5 1989 0.1 33.2833333333333 0 0 0 "CD" 1989
5 1991 63.475 28.75 0 0 0 "CD" 1991
5 1992 3.95 31.875 0 0 0 "CD" 1992
5 1993 5.72857142857143 31.9142857142857 0 0 0 "CD" 1993
5 1994 3 31.25 0 0 0 "CD" 1994
5 1995 135.9 33 0 0 0 "CD" 1995
5 1997 0 33.9625 0 0 0 "CD" 1997
5 2001 0 32.25 0 0 0 "CD" 2001
5 2003 0.1 34.735 0 0 0 "CD" 2003
5 2004 1.85714285714286 33.8142857142857 0 0 0 "CD" 2004
5 2005 3.63333333333333 32.5666666666667 0 0 0 "CD" 2005
5 2006 9.4 30.75 0 0 0 "CD" 2006
5 2007 1 34.69 0 0 0 "CD" 2007
5 2008 7.5 32.925 0 0 0 "CD" 2008
5 2011 0 32.75 0 0 0 "CD" 2011
5 2012 0 30.25 0 0 0 "CD" 2012
5 2013 3 34.2 0 0 0 "CD" 2013
5 2014 4.65714285714286 31.8071428571429 0 0 0 "CD" 2014
5 2016 23 31.225 0 0 0 "CD" 2016
5 2017 3.63333333333333 33.5666666666667 0 0 0 "CD" 2017
6 1970 1.01 31.8366666666667 0 0 0 "CD" 1970
6 1971 0.0533333333333333 32.0983333333333 0 0 0 "CD" 1971
6 1972 3.21333333333333 30.8416666666667 0 0 0 "CD" 1972
6 1973 0.623333333333333 32.875 0 0 0 "CD" 1973
6 1974 0.803333333333333 31.82 0 0 0 "CD" 1974
6 1975 1.46666666666667 31.5116666666667 0 0 0 "CD" 1975
6 1976 3.38333333333333 30.12 0 0 0 "CD" 1976
6 1977 1.36 30.9433333333333 0 0 0 "CD" 1977
6 1978 2.34666666666667 29.4966666666667 0 0 0 "CD" 1978
6 1987 17 24.95 0 0 0 "CD" 1987
6 1988 1.5 29.55 0 0 0 "CD" 1988
6 1989 3.72857142857143 31.0285714285714 0 0 0 "CD" 1989
6 1990 0.88 32.11 0 0 0 "CD" 1990
6 1991 7.225 30.125 0 0 0 "CD" 1991
6 1993 4.3375 30.68125 0 0 0 "CD" 1993
6 1994 6.85 30.1416666666667 0 0 0 "CD" 1994
6 1995 2 26.15 0 0 0 "CD" 1995
6 1996 2.4 30.2642857142857 0 0 0 "CD" 1996
6 1997 0 31.6666666666667 0 0 0 "CD" 1997
6 2000 8.84285714285714 30.1285714285714 0 0 0 "CD" 2000
6 2001 1.36666666666667 31.65 0 0 0 "CD" 2001
6 2002 6.26666666666667 32.6166666666667 0 0 0 "CD" 2002
6 2003 2.6 30.5555555555556 0 0 0 "CD" 2003
6 2004 1.85 31.875 0 0 0 "CD" 2004
6 2005 0 31.1875 0 0 0 "CD" 2005
6 2006 6.85 31.49375 0 0 0 "CD" 2006
6 2007 24.6333333333333 29.6 0 0 0 "CD" 2007
6 2008 22 30.4833333333333 0 0 0 "CD" 2008
6 2009 0.5 32.8 0 0 0 "CD" 2009
6 2010 0 34.95 0 0 0 "CD" 2010
6 2011 35.2166666666667 33.0166666666667 0 0 0 "CD" 2011
6 2013 1 30.3625 0 0 0 "CD" 2013
6 2014 0 34 0 0 0 "CD" 2014
6 2015 0.166666666666667 32.2 0 0 0 "CD" 2015
6 2017 5.525 30.25 0 0 0 "CD" 2017
6 2018 2.3 29.825 0 0 0 "CD" 2018
7 1970 6.00645161290323 28.5854838709677 0 0 0 "CD" 1970
7 1971 4.25483870967742 28.5161290322581 0 0 0 "CD" 1971
7 1972 6.03870967741936 29.2758064516129 0 0 0 "CD" 1972
7 1973 1.91290322580645 30.4032258064516 0 0 0 "CD" 1973
7 1974 4.71290322580645 27.2548387096774 0 0 0 "CD" 1974
7 1975 8.21612903225807 27.1096774193548 0 0 0 "CD" 1975
7 1976 5.35483870967742 27.3451612903226 0 0 0 "CD" 1976
7 1977 3.09677419354839 28.8354838709677 0 0 0 "CD" 1977
7 1978 7.4741935483871 27.1145161290323 0 0 0 "CD" 1978
7 1987 3.13333333333333 28.4833333333333 0 0 0 "CD" 1987
7 1988 0 31.15 0 0 0 "CD" 1988
7 1989 10.7 27.3916666666667 0 0 0 "CD" 1989
7 1990 15.7272727272727 27.4818181818182 0 0 0 "CD" 1990
7 1991 7.2 27.81 0 0 0 "CD" 1991
7 1992 5.5 27.1916666666667 0 0 0 "CD" 1992
7 1993 5.04285714285714 28.25 0 0 0 "CD" 1993
7 1994 13.1428571428571 27.9785714285714 0 0 0 "CD" 1994
7 1995 11.55 27.7 0 0 0 "CD" 1995
7 1996 7.72727272727273 29.0909090909091 0 0 0 "CD" 1996
7 1997 4.52 28.4133333333333 0 0 0 "CD" 1997
7 2000 21.58 26.33 0 0 0 "CD" 2000
7 2001 7.03333333333333 28.1833333333333 0 0 0 "CD" 2001
7 2002 1.36666666666667 32.6666666666667 0 0 0 "CD" 2002
7 2003 2.39 29.065 0 0 0 "CD" 2003
7 2004 10.75 28.6041666666667 0 0 0 "CD" 2004
7 2005 21.6 26.91 0 0 0 "CD" 2005
7 2006 9.2 29.99 0 0 0 "CD" 2006
7 2007 19.75 26.6 0 0 0 "CD" 2007
7 2008 10.275 27.9 0 0 0 "CD" 2008
7 2009 5.44444444444444 29.5 0 0 0 "CD" 2009
7 2010 13.88 27.26 0 0 0 "CD" 2010
7 2011 2.04 29.83 0 0 0 "CD" 2011
7 2012 3.95 27.2 0 0 0 "CD" 2012
7 2013 2.96666666666667 29.8 0 0 0 "CD" 2013
7 2014 19.25 28.35 0 0 0 "CD" 2014
7 2015 0.575 29.7375 0 0 0 "CD" 2015
7 2016 2.64 28.93 0 0 0 "CD" 2016
7 2017 4.22 28.3 0 0 0 "CD" 2017
7 2018 21.0111111111111 27.4333333333333 0 0 0 "CD" 2018
8 1970 8.70967741935484 26.3516129032258 0 0 0 "CD" 1970
8 1971 5.98064516129032 26.0854838709677 0 0 0 "CD" 1971
8 1972 4.40967741935484 27.4677419354839 0 0 0 "CD" 1972
8 1973 3.44516129032258 27.1370967741935 0 0 0 "CD" 1973
8 1974 4.33870967741935 26.9725806451613 0 0 0 "CD" 1974
8 1975 9.18387096774194 26.4677419354839 0 0 0 "CD" 1975
8 1976 5.99677419354839 26.8145161290323 0 0 0 "CD" 1976
8 1977 9.26129032258065 26.0516129032258 0 0 0 "CD" 1977
8 1978 4.34516129032258 26.7677419354839 0 0 0 "CD" 1978
8 1987 2.02 28.22 0 0 0 "CD" 1987
8 1988 25.2857142857143 26.2428571428571 0 0 0 "CD" 1988
8 1989 4.17692307692308 26.6 0 0 0 "CD" 1989
8 1990 10.1142857142857 27.3285714285714 0 0 0 "CD" 1990
8 1991 3.86666666666667 26.5 0 0 0 "CD" 1991
8 1992 10.0769230769231 26.4461538461538 0 0 0 "CD" 1992
8 1993 10.62 27.4 0 0 0 "CD" 1993
8 1994 6.24444444444444 26.3611111111111 0 0 0 "CD" 1994
8 1995 8.5 26.275 0 0 0 "CD" 1995
8 1996 10.6 27.48125 0 0 0 "CD" 1996
8 1997 6.64545454545455 28.1681818181818 0 0 0 "CD" 1997
8 2000 0 28 0 0 0 "CD" 2000
8 2001 17.96 26.96 0 0 0 "CD" 2001
8 2002 2.55 28.075 0 0 0 "CD" 2002
8 2003 15.1090909090909 27.2681818181818 0 0 0 "CD" 2003
8 2004 0.428571428571429 28.45 0 0 0 "CD" 2004
8 2005 2.40909090909091 27.5727272727273 0 0 0 "CD" 2005
8 2006 20.1333333333333 27.25 0 0 0 "CD" 2006
8 2007 0 26.75 0 0 0 "CD" 2007
8 2008 70.1 27.25 0 0 0 "CD" 2008
8 2009 184.05 28.675 0 0 0 "CD" 2009
8 2010 5.18571428571429 26.8928571428571 0 0 0 "CD" 2010
8 2011 26.5888888888889 27.2666666666667 0 0 0 "CD" 2011
8 2012 23.1 26.5 0 0 0 "CD" 2012
8 2013 15.9363636363636 26.8272727272727 0 0 0 "CD" 2013
8 2014 4.06666666666667 26.725 0 0 0 "CD" 2014
8 2015 11.05 26.1375 0 0 0 "CD" 2015
8 2016 9.06666666666667 26.35 0 0 0 "CD" 2016
8 2017 19.2625 27.26875 0 0 0 "CD" 2017
8 2018 14.7285714285714 26.8071428571429 0 0 0 "CD" 2018
9 1970 3.66666666666667 27.485 0 0 0 "CD" 1970
9 1971 3.09 27.405 0 0 0 "CD" 1971
9 1972 2.83666666666667 29.0866666666667 0 0 0 "CD" 1972
9 1973 3.35 28.8083333333333 0 0 0 "CD" 1973
9 1974 1.81 27.7883333333333 0 0 0 "CD" 1974
9 1975 5.01666666666667 26.6983333333333 0 0 0 "CD" 1975
9 1976 2.56 27.71 0 0 0 "CD" 1976
9 1977 1.99666666666667 28.1716666666667 0 0 0 "CD" 1977
9 1978 3.23 27.1433333333333 0 0 0 "CD" 1978
9 1987 0.142857142857143 29.0928571428571 0 0 0 "CD" 1987
9 1988 6.09166666666667 26.4625 0 0 0 "CD" 1988
9 1989 6.025 27.1125 0 0 0 "CD" 1989
9 1990 0.166666666666667 30.1833333333333 0 0 0 "CD" 1990
9 1991 23.9 29 0 0 0 "CD" 1991
9 1992 8.34 26.38 0 0 0 "CD" 1992
9 1993 4.22 27.985 0 0 0 "CD" 1993
9 1994 13.1444444444444 26.6888888888889 0 0 0 "CD" 1994
9 1995 11.55 26.025 0 0 0 "CD" 1995
9 1996 5.75 26.7125 0 0 0 "CD" 1996
9 1997 2.55454545454545 30.0863636363636 0 0 0 "CD" 1997
9 2000 3.84285714285714 27.9857142857143 0 0 0 "CD" 2000
9 2001 17.3 27.8666666666667 0 0 0 "CD" 2001
9 2002 3.63333333333333 28.8166666666667 0 0 0 "CD" 2002
9 2003 1.8 29.035 0 0 0 "CD" 2003
9 2004 3.4 30.1166666666667 0 0 0 "CD" 2004
9 2005 4.1625 28.625 0 0 0 "CD" 2005
9 2006 5.5625 27.1375 0 0 0 "CD" 2006
9 2007 2.03333333333333 27.5166666666667 0 0 0 "CD" 2007
9 2008 7.42 26.47 0 0 0 "CD" 2008
9 2009 2.36666666666667 30.05 0 0 0 "CD" 2009
9 2010 5.16 28.45 0 0 0 "CD" 2010
9 2011 13 27.5 0 0 0 "CD" 2011
9 2012 14.0666666666667 26.1166666666667 0 0 0 "CD" 2012
9 2013 5.77777777777778 28.1388888888889 0 0 0 "CD" 2013
9 2014 7.3 28.01 0 0 0 "CD" 2014
9 2015 28.95 26.825 0 0 0 "CD" 2015
9 2016 13.2 28.05 0 0 0 "CD" 2016
9 2017 1 28.25 0 0 0 "CD" 2017
9 2018 0.642857142857143 27.7714285714286 0 0 0 "CD" 2018
10 1970 0 28.3177419354839 0 0 0 "CD" 1970
10 1971 0 28.9177419354839 0 0 0 "CD" 1971
10 1972 1.91935483870968 29.1645161290323 0 0 0 "CD" 1972
10 1973 0.0548387096774194 30.1548387096774 0 0 0 "CD" 1973
10 1974 1.31290322580645 29.6209677419355 0 0 0 "CD" 1974
10 1975 0.0161290322580645 28.358064516129 0 0 0 "CD" 1975
10 1976 2.6 29.3725806451613 0 0 0 "CD" 1976
10 1977 0 28.4403225806452 0 0 0 "CD" 1977
10 1978 0.570967741935484 29.2661290322581 0 0 0 "CD" 1978
10 1988 0 28.95 0 0 0 "CD" 1988
10 1989 3.05 29.25 0 0 0 "CD" 1989
10 1990 0 32.25 0 0 0 "CD" 1990
10 1991 0.25 28.275 0 0 0 "CD" 1991
10 1992 0 31 0 0 0 "CD" 1992
10 1993 1.025 30.5625 0 0 0 "CD" 1993
10 1994 1.98333333333333 29.1666666666667 0 0 0 "CD" 1994
10 1995 89.9 30.4 0 0 0 "CD" 1995
10 1996 12 29.025 0 0 0 "CD" 1996
10 1997 0.25 31.425 0 0 0 "CD" 1997
10 1999 0 27.8625 0 0 0 "CD" 1999
10 2000 1.5 29.1 0 0 0 "CD" 2000
10 2002 4.45 29.025 0 0 0 "CD" 2002
10 2003 0 30.8166666666667 0 0 0 "CD" 2003
10 2004 0 30.8333333333333 0 0 0 "CD" 2004
10 2005 1 30.475 0 0 0 "CD" 2005
10 2006 2.03333333333333 30.0166666666667 0 0 0 "CD" 2006
10 2008 7.9 27 0 0 0 "CD" 2008
10 2009 3.95 31.3 0 0 0 "CD" 2009
10 2010 5.66666666666667 29.1333333333333 0 0 0 "CD" 2010
10 2012 2.36666666666667 29.8333333333333 0 0 0 "CD" 2012
10 2013 1 31.25 0 0 0 "CD" 2013
10 2014 0 30 0 0 0 "CD" 2014
10 2015 9.9 29.45 0 0 0 "CD" 2015
10 2018 0.4 30.8 0 0 0 "CD" 2018
11 1970 0 25.925 0 0 0 "CD" 1970
11 1971 0 26.4883333333333 0 0 0 "CD" 1971
11 1972 0 25.7766666666667 0 0 0 "CD" 1972
11 1973 0 25.835 0 0 0 "CD" 1973
11 1974 0 26.9866666666667 0 0 0 "CD" 1974
11 1975 0 27.3716666666667 0 0 0 "CD" 1975
11 1976 0.0266666666666667 26.5316666666667 0 0 0 "CD" 1976
11 1977 0 25.945 0 0 0 "CD" 1977
11 1978 0 25.8846153846154 0 0 0 "CD" 1978
11 1997 0 28.1333333333333 0 0 0 "CD" 1997
11 1998 0 29.2 0 0 0 "CD" 1998
11 1999 0 28.9 0 0 0 "CD" 1999
11 2002 0 28.3916666666667 0 0 0 "CD" 2002
11 2003 0 28.375 0 0 0 "CD" 2003
11 2004 0 29.7642857142857 0 0 0 "CD" 2004
12 1970 0 23.0564516129032 0 0 0 "CD" 1970
12 1971 0 23.7112903225806 0 0 0 "CD" 1971
12 1972 0 25.3096774193548 0 0 0 "CD" 1972
12 1973 0 25.9016129032258 0 0 0 "CD" 1973
12 1974 0 22.2467741935484 0 0 0 "CD" 1974
12 1975 0 23.2274193548387 0 0 0 "CD" 1975
12 1976 0 24.658064516129 0 0 0 "CD" 1976
12 1977 0 22.3096774193548 0 0 0 "CD" 1977
12 1978 0 23.7225806451613 0 0 0 "CD" 1978
12 1993 59.9 23.9 0 0 0 "CD" 1993
12 1996 0 23.775 0 0 0 "CD" 1996
12 1997 0 24.56875 0 0 0 "CD" 1997
12 1998 0 28 0 0 0 "CD" 1998
12 1999 0 24.05625 0 0 0 "CD" 1999
12 2002 0 25.93 0 0 0 "CD" 2002
12 2003 0 23.7766666666667 0 0 0 "CD" 2003
12 2004 0 25.02 0 0 0 "CD" 2004
1 1977 0 22.1951612903226 0 0 0 "CD" 1977
1 1978 0 21.6193548387097 0 0 0 "CD" 1978
2 1977 0 23.4607142857143 0 0 0 "CD" 1977
2 1978 0 25.3589285714286 0 0 0 "CD" 1978
3 1977 0 26.3774193548387 0 0 0 "CD" 1977
3 1978 0 29.2983870967742 0 0 0 "CD" 1978
4 1977 0 31.23 0 0 0 "CD" 1977
5 1977 0.251612903225806 33.9112903225806 0 0 0 "CD" 1977
6 1977 0.02 33.29 0 0 0 "CD" 1977
7 1977 1.28387096774194 30.8516129032258 0 0 0 "CD" 1977
8 1977 8.67096774193548 27.7032258064516 0 0 0 "CD" 1977
9 1977 0.95 30.4266666666667 0 0 0 "CD" 1977
10 1977 0 29.8725806451613 0 0 0 "CD" 1977
11 1977 0 25.5533333333333 0 0 0 "CD" 1977
12 1977 0 21.3193548387097 0 0 0 "CD" 1977
1 1970 0 26.0903225806452 0 0 0 "CD" 1970
1 1971 0 24.2064516129032 0 0 0 "CD" 1971
1 1972 0 25.5887096774194 0 0 0 "CD" 1972
1 1973 0 27.3483870967742 0 0 0 "CD" 1973
1 1974 0 25.25 0 0 0 "CD" 1974
1 1975 0 23.4677419354839 0 0 0 "CD" 1975
1 1976 0 25.2225806451613 0 0 0 "CD" 1976
1 1977 0 26.1532258064516 0 0 0 "CD" 1977
1 1978 0 25.5209677419355 0 0 0 "CD" 1978
2 1970 0 28.0732142857143 0 0 0 "CD" 1970
2 1971 0 27.9035714285714 0 0 0 "CD" 1971
2 1972 0 28.098275862069 0 0 0 "CD" 1972
2 1973 0 29.5553571428571 0 0 0 "CD" 1973
2 1974 0 28.3946428571429 0 0 0 "CD" 1974
2 1975 0 27.9910714285714 0 0 0 "CD" 1975
2 1976 0 29.1724137931034 0 0 0 "CD" 1976
2 1977 0 27.7910714285714 0 0 0 "CD" 1977
2 1978 0 28.8821428571429 0 0 0 "CD" 1978
3 1970 0 31.0806451612903 0 0 0 "CD" 1970
3 1971 0 32.3516129032258 0 0 0 "CD" 1971
3 1972 0.148387096774194 32.1967741935484 0 0 0 "CD" 1972
3 1973 0 30.4838709677419 0 0 0 "CD" 1973
3 1974 0 30.9548387096774 0 0 0 "CD" 1974
3 1975 0.0645161290322581 31.1532258064516 0 0 0 "CD" 1975
3 1976 0 30.9225806451613 0 0 0 "CD" 1976
3 1977 0 31.0548387096774 0 0 0 "CD" 1977
3 1978 0 31.6548387096774 0 0 0 "CD" 1978
4 1970 3.09333333333333 33.3 0 0 0 "CD" 1970
4 1971 1.58 32.1916666666667 0 0 0 "CD" 1971
4 1972 0.363333333333333 32.5016666666667 0 0 0 "CD" 1972
4 1973 0.0466666666666667 33.305 0 0 0 "CD" 1973
4 1974 0.126666666666667 33.7616666666667 0 0 0 "CD" 1974
4 1975 0.0266666666666667 33.8733333333333 0 0 0 "CD" 1975
4 1976 0.346666666666667 33.5683333333333 0 0 0 "CD" 1976
4 1977 0.536666666666667 33.6433333333333 0 0 0 "CD" 1977
4 1978 1.59 32.8266666666667 0 0 0 "CD" 1978
5 1970 1.36451612903226 31.9967741935484 0 0 0 "CD" 1970
5 1971 0.719354838709677 32.0677419354839 0 0 0 "CD" 1971
5 1972 2.1 30.8532258064516 0 0 0 "CD" 1972
5 1973 0.541935483870968 32.5725806451613 0 0 0 "CD" 1973
5 1974 1.35161290322581 31.1306451612903 0 0 0 "CD" 1974
5 1975 5.57741935483871 31.1306451612903 0 0 0 "CD" 1975
5 1976 4.84516129032258 31.0290322580645 0 0 0 "CD" 1976
5 1977 1.66451612903226 32.741935483871 0 0 0 "CD" 1977
5 1978 3.32258064516129 30.6 0 0 0 "CD" 1978
6 1970 3.68333333333333 30.5166666666667 0 0 0 "CD" 1970
6 1971 4.24666666666667 29.6133333333333 0 0 0 "CD" 1971
6 1972 1.85666666666667 29.675 0 0 0 "CD" 1972
6 1973 3.31333333333333 30.945 0 0 0 "CD" 1973
6 1974 3.87666666666667 29.495 0 0 0 "CD" 1974
6 1975 2.95666666666667 29.72 0 0 0 "CD" 1975
6 1976 2.51 28.105 0 0 0 "CD" 1976
6 1977 3.78 29.7333333333333 0 0 0 "CD" 1977
6 1978 4.26666666666667 28.8266666666667 0 0 0 "CD" 1978
7 1970 8.17741935483871 26.8435483870968 0 0 0 "CD" 1970
7 1971 4.97741935483871 26.4548387096774 0 0 0 "CD" 1971
7 1972 5.56774193548387 27.5467741935484 0 0 0 "CD" 1972
7 1973 5.45161290322581 28.0822580645161 0 0 0 "CD" 1973
7 1974 6.09032258064516 26.1370967741935 0 0 0 "CD" 1974
7 1975 4.55161290322581 26.1741935483871 0 0 0 "CD" 1975
7 1976 6.30645161290323 27.058064516129 0 0 0 "CD" 1976
7 1977 5.55483870967742 27.041935483871 0 0 0 "CD" 1977
7 1978 8.40967741935484 26.45 0 0 0 "CD" 1978
8 1970 11.2741935483871 25.9048387096774 0 0 0 "CD" 1970
8 1971 12.7451612903226 25.6193548387097 0 0 0 "CD" 1971
8 1972 7.68387096774194 26.5161290322581 0 0 0 "CD" 1972
8 1973 11.6225806451613 26.3661290322581 0 0 0 "CD" 1973
8 1974 8.82903225806452 26.7145161290323 0 0 0 "CD" 1974
8 1975 10.9161290322581 25.4354838709677 0 0 0 "CD" 1975
8 1976 5.48387096774194 26.3451612903226 0 0 0 "CD" 1976
8 1977 5.77096774193548 25.8693548387097 0 0 0 "CD" 1977
8 1978 6.94193548387097 26.8790322580645 0 0 0 "CD" 1978
9 1970 6.78666666666667 26.4866666666667 0 0 0 "CD" 1970
9 1971 4.25666666666667 26.1716666666667 0 0 0 "CD" 1971
9 1972 1.65333333333333 27.8416666666667 0 0 0 "CD" 1972
9 1973 1.59333333333333 27.48 0 0 0 "CD" 1973
9 1974 3.98333333333333 26.725 0 0 0 "CD" 1974
9 1975 8.65333333333333 26.175 0 0 0 "CD" 1975
9 1976 2.08333333333333 27.17 0 0 0 "CD" 1976
9 1977 4.04333333333333 27.625 0 0 0 "CD" 1977
9 1978 7.26666666666667 26.7916666666667 0 0 0 "CD" 1978
10 1970 0.212903225806452 28.0435483870968 0 0 0 "CD" 1970
10 1971 0.325806451612903 28.2612903225806 0 0 0 "CD" 1971
10 1972 1.32903225806452 28.4822580645161 0 0 0 "CD" 1972
10 1973 0.751612903225806 28.8887096774194 0 0 0 "CD" 1973
10 1974 0.187096774193548 28.8467741935484 0 0 0 "CD" 1974
10 1975 0.770967741935484 28.3129032258065 0 0 0 "CD" 1975
10 1976 2.83225806451613 27.7274193548387 0 0 0 "CD" 1976
10 1977 0.364516129032258 27.7790322580645 0 0 0 "CD" 1977
10 1978 0.706451612903226 28.5758064516129 0 0 0 "CD" 1978
11 1970 0 26.6266666666667 0 0 0 "CD" 1970
11 1971 0 27.005 0 0 0 "CD" 1971
11 1972 0.0333333333333333 26.7683333333333 0 0 0 "CD" 1972
11 1973 0 26.5333333333333 0 0 0 "CD" 1973
11 1974 0 28.0519230769231 0 0 0 "CD" 1974
11 1975 0 27.5466666666667 0 0 0 "CD" 1975
11 1976 0.01 27.295 0 0 0 "CD" 1976
11 1977 0 26.98 0 0 0 "CD" 1977
12 1970 0 24.9480769230769 0 0 0 "CD" 1970
12 1971 0.174193548387097 24.9258064516129 0 0 0 "CD" 1971
12 1972 0 27.4241935483871 0 0 0 "CD" 1972
12 1973 0 26.6951612903226 0 0 0 "CD" 1973
12 1974 0 23.7826923076923 0 0 0 "CD" 1974
12 1975 0 24.3887096774194 0 0 0 "CD" 1975
12 1976 0 26.5435483870968 0 0 0 "CD" 1976
12 1977 0 25.1693548387097 0 0 0 "CD" 1977
12 1978 0 25.9290322580645 0 0 0 "CD" 1978
1 1970 0 25.6435483870968 0 0 0 "CD" 1970
1 1971 0 23.8548387096774 0 0 0 "CD" 1971
1 1972 0 25.2451612903226 0 0 0 "CD" 1972
1 1973 0 26.9951612903226 0 0 0 "CD" 1973
1 1974 0 24.2677419354839 0 0 0 "CD" 1974
1 1975 0 22.8612903225806 0 0 0 "CD" 1975
1 1976 0 24.9338709677419 0 0 0 "CD" 1976
1 1977 0 25.2854838709677 0 0 0 "CD" 1977
1 1978 0 25.1661290322581 0 0 0 "CD" 1978
2 1970 0 27.4035714285714 0 0 0 "CD" 1970
2 1971 0 27.7642857142857 0 0 0 "CD" 1971
2 1972 0 27.8189655172414 0 0 0 "CD" 1972
2 1973 0 29.4642857142857 0 0 0 "CD" 1973
2 1974 0 27.6767857142857 0 0 0 "CD" 1974
2 1975 0 27.675 0 0 0 "CD" 1975
2 1976 0 29.5258620689655 0 0 0 "CD" 1976
2 1977 0 26.925 0 0 0 "CD" 1977
2 1978 0 28.4642857142857 0 0 0 "CD" 1978
3 1970 0 30.4483870967742 0 0 0 "CD" 1970
3 1971 0 32.4693548387097 0 0 0 "CD" 1971
3 1972 0 31.5 0 0 0 "CD" 1972
3 1973 0 31.7629032258065 0 0 0 "CD" 1973
3 1974 0 30.6451612903226 0 0 0 "CD" 1974
3 1975 0 31.0854838709677 0 0 0 "CD" 1975
3 1976 0.0645161290322581 30.7209677419355 0 0 0 "CD" 1976
3 1977 0 29.5338709677419 0 0 0 "CD" 1977
3 1978 0.0483870967741935 31.5467741935484 0 0 0 "CD" 1978
4 1970 0.603333333333333 32.2283333333333 0 0 0 "CD" 1970
4 1971 0.27 31.52 0 0 0 "CD" 1971
4 1972 2.05333333333333 30.8183333333333 0 0 0 "CD" 1972
4 1973 1.17666666666667 32.7466666666667 0 0 0 "CD" 1973
4 1974 2.75333333333333 31.7166666666667 0 0 0 "CD" 1974
4 1975 0.533333333333333 32.385 0 0 0 "CD" 1975
4 1976 0.663333333333333 31.725 0 0 0 "CD" 1976
4 1977 0 32.8916666666667 0 0 0 "CD" 1977
4 1978 2.92666666666667 30.235 0 0 0 "CD" 1978
5 1970 1.56774193548387 30.2548387096774 0 0 0 "CD" 1970
5 1971 3.21935483870968 29.7516129032258 0 0 0 "CD" 1971
5 1972 1.61290322580645 29.3177419354839 0 0 0 "CD" 1972
5 1973 2.73225806451613 29.9274193548387 0 0 0 "CD" 1973
5 1974 1.76774193548387 29.0838709677419 0 0 0 "CD" 1974
5 1975 4.42258064516129 29.341935483871 0 0 0 "CD" 1975
5 1976 6.46129032258065 29.0048387096774 0 0 0 "CD" 1976
5 1977 2.36129032258065 30.9177419354839 0 0 0 "CD" 1977
5 1978 7.60645161290323 28.3306451612903 0 0 0 "CD" 1978
6 1970 4.75333333333333 28.0666666666667 0 0 0 "CD" 1970
6 1971 3.93333333333333 27.35 0 0 0 "CD" 1971
6 1972 2.76 27.075 0 0 0 "CD" 1972
6 1973 4.12666666666667 28.56 0 0 0 "CD" 1973
6 1974 3.90333333333333 27.6716666666667 0 0 0 "CD" 1974
6 1975 4.57 27.5233333333333 0 0 0 "CD" 1975
6 1976 4.81333333333333 26.4466666666667 0 0 0 "CD" 1976
6 1977 5.31 27.44 0 0 0 "CD" 1977
6 1978 3.63 26.7566666666667 0 0 0 "CD" 1978
7 1970 3.88387096774194 25.4516129032258 0 0 0 "CD" 1970
7 1971 5.88064516129032 25.3387096774194 0 0 0 "CD" 1971
7 1972 9.12903225806452 26.2322580645161 0 0 0 "CD" 1972
7 1973 3.90967741935484 26.4677419354839 0 0 0 "CD" 1973
7 1974 11.5387096774194 24.991935483871 0 0 0 "CD" 1974
7 1975 8.2 24.7741935483871 0 0 0 "CD" 1975
7 1976 3.24516129032258 25.2758064516129 0 0 0 "CD" 1976
7 1977 5.86774193548387 25.5435483870968 0 0 0 "CD" 1977
7 1978 6.49677419354839 24.9 0 0 0 "CD" 1978
8 1970 9.76129032258065 24.4693548387097 0 0 0 "CD" 1970
8 1971 12.3096774193548 24.1629032258065 0 0 0 "CD" 1971
8 1972 9.92258064516129 25.2096774193548 0 0 0 "CD" 1972
8 1973 9.80967741935484 25.0129032258065 0 0 0 "CD" 1973
8 1974 5.76451612903226 25.3483870967742 0 0 0 "CD" 1974
8 1975 9.16129032258065 24.4403225806452 0 0 0 "CD" 1975
8 1976 5.24516129032258 25.0145161290323 0 0 0 "CD" 1976
8 1977 4.29354838709677 25.1306451612903 0 0 0 "CD" 1977
8 1978 8.93548387096774 25.241935483871 0 0 0 "CD" 1978
9 1970 8.23666666666667 24.9783333333333 0 0 0 "CD" 1970
9 1971 5.35 25.005 0 0 0 "CD" 1971
9 1972 3.77666666666667 26.4633333333333 0 0 0 "CD" 1972
9 1973 5.45333333333333 25.8733333333333 0 0 0 "CD" 1973
9 1974 5.96666666666667 25.0383333333333 0 0 0 "CD" 1974
9 1975 10.12 24.83 0 0 0 "CD" 1975
9 1976 6.76666666666667 25.6716666666667 0 0 0 "CD" 1976
9 1977 3.39 26.6366666666667 0 0 0 "CD" 1977
9 1978 7.1 25.33 0 0 0 "CD" 1978
10 1970 0.587096774193548 27.2064516129032 0 0 0 "CD" 1970
10 1971 1.56451612903226 26.7354838709677 0 0 0 "CD" 1971
10 1972 1.03548387096774 27.3596774193548 0 0 0 "CD" 1972
10 1973 0.825806451612903 27.8790322580645 0 0 0 "CD" 1973
10 1974 0.819354838709677 27.3661290322581 0 0 0 "CD" 1974
10 1975 2.51612903225806 26.8967741935484 0 0 0 "CD" 1975
10 1976 4.57096774193548 26.5725806451613 0 0 0 "CD" 1976
10 1977 0.319354838709677 27.2338709677419 0 0 0 "CD" 1977
10 1978 1.01612903225806 27.6 0 0 0 "CD" 1978
11 1970 0 26.08 0 0 0 "CD" 1970
11 1971 0 26.13 0 0 0 "CD" 1971
11 1972 0.28 25.5533333333333 0 0 0 "CD" 1972
11 1973 0 25.48 0 0 0 "CD" 1973
11 1974 0 26.9283333333333 0 0 0 "CD" 1974
11 1975 0 27.375 0 0 0 "CD" 1975
11 1976 0 26.1183333333333 0 0 0 "CD" 1976
11 1977 0 26.8433333333333 0 0 0 "CD" 1977
12 1970 0 24.0225806451613 0 0 0 "CD" 1970
12 1971 0 24.2354838709677 0 0 0 "CD" 1971
12 1972 0 26.3193548387097 0 0 0 "CD" 1972
12 1973 0 26.4016129032258 0 0 0 "CD" 1973
12 1974 0 23.5274193548387 0 0 0 "CD" 1974
12 1975 0 24.1387096774194 0 0 0 "CD" 1975
12 1976 0 25.05 0 0 0 "CD" 1976
12 1977 0 24.6145161290323 0 0 0 "CD" 1977
12 1978 0 25.1370967741935 0 0 0 "CD" 1978
1 1970 0 26.8645161290323 0 0 0 "CD" 1970
1 1971 0 25.1306451612903 0 0 0 "CD" 1971
1 1972 0 26.3564516129032 0 0 0 "CD" 1972
1 1973 0 27.7338709677419 0 0 0 "CD" 1973
1 1974 0 26.1693548387097 0 0 0 "CD" 1974
1 1975 0 25.6403225806452 0 0 0 "CD" 1975
1 1976 0 26.0822580645161 0 0 0 "CD" 1976
1 1977 0 26.7645161290323 0 0 0 "CD" 1977
1 1978 0 26.1145161290323 0 0 0 "CD" 1978
1 1979 0 26.9 0 0 0 "CD" 1979
1 1992 29.95 27.8 0 0 0 "CD" 1992
1 1994 35.05 30 0 0 0 "CD" 1994
1 2000 0 27.3 0 0 0 "CD" 2000
1 2003 0 27.3970588235294 0 0 0 "CD" 2003
1 2004 0 26.8681818181818 0 0 0 "CD" 2004
1 2005 0 26.1727272727273 0 0 0 "CD" 2005
1 2010 0 26 0 0 0 "CD" 2010
2 1970 0 29.0535714285714 0 0 0 "CD" 1970
2 1971 0 28.025 0 0 0 "CD" 1971
2 1972 0 28.248275862069 0 0 0 "CD" 1972
2 1973 0.0107142857142857 30.5857142857143 0 0 0 "CD" 1973
2 1974 0 29.0553571428571 0 0 0 "CD" 1974
2 1975 0 29.8107142857143 0 0 0 "CD" 1975
2 1976 0.724137931034483 28.9931034482759 0 0 0 "CD" 1976
2 1977 0 28.4428571428571 0 0 0 "CD" 1977
2 1978 0.0714285714285714 29.5160714285714 0 0 0 "CD" 1978
2 1979 0 27.25 0 0 0 "CD" 1979
2 1998 0 29.25 0 0 0 "CD" 1998
2 2003 0 30.5076923076923 0 0 0 "CD" 2003
2 2004 0 28.0222222222222 0 0 0 "CD" 2004
2 2005 0 32.255 0 0 0 "CD" 2005
3 1970 0.458064516129032 30.8725806451613 0 0 0 "CD" 1970
3 1971 1.19677419354839 30.9661290322581 0 0 0 "CD" 1971
3 1972 0 31.4483870967742 0 0 0 "CD" 1972
3 1973 0.0193548387096774 31.7806451612903 0 0 0 "CD" 1973
3 1974 0 30.4838709677419 0 0 0 "CD" 1974
3 1975 0.303225806451613 31.5129032258065 0 0 0 "CD" 1975
3 1976 0.00967741935483871 31.2451612903226 0 0 0 "CD" 1976
3 1977 0 31.0483870967742 0 0 0 "CD" 1977
3 1978 0.00967741935483871 31.0612903225806 0 0 0 "CD" 1978
3 1991 0 32.5 0 0 0 "CD" 1991
3 1998 0 30.25 0 0 0 "CD" 1998
3 2000 7.9 29.3 0 0 0 "CD" 2000
3 2001 7.9 30.5 0 0 0 "CD" 2001
3 2003 0 33.155 0 0 0 "CD" 2003
3 2004 0 31.6526315789474 0 0 0 "CD" 2004
3 2005 0 32.0785714285714 0 0 0 "CD" 2005
3 2006 0.3 31 0 0 0 "CD" 2006
3 2010 16 32.2 0 0 0 "CD" 2010
3 2013 0.333333333333333 33.2 0 0 0 "CD" 2013
3 2014 6.66666666666667 30.1833333333333 0 0 0 "CD" 2014
3 2016 7 32.1625 0 0 0 "CD" 2016
3 2017 0 34.5 0 0 0 "CD" 2017
4 1970 2.02666666666667 31.2116666666667 0 0 0 "CD" 1970
4 1971 0.436666666666667 31.2483333333333 0 0 0 "CD" 1971
4 1972 0.716666666666667 31.3833333333333 0 0 0 "CD" 1972
4 1973 3.53333333333333 31.16 0 0 0 "CD" 1973
4 1974 0.33 31.6683333333333 0 0 0 "CD" 1974
4 1975 1.95666666666667 31.3566666666667 0 0 0 "CD" 1975
4 1976 0.54 31.0333333333333 0 0 0 "CD" 1976
4 1977 1.12333333333333 32.4683333333333 0 0 0 "CD" 1977
4 1978 0.716666666666667 31.4283333333333 0 0 0 "CD" 1978
4 1988 0 32.75 0 0 0 "CD" 1988
4 1991 0.416666666666667 31.025 0 0 0 "CD" 1991
4 1992 0 32.5 0 0 0 "CD" 1992
4 1993 10.8428571428571 31.2428571428571 0 0 0 "CD" 1993
4 1994 13.0333333333333 27.6833333333333 0 0 0 "CD" 1994
4 1997 0 34 0 0 0 "CD" 1997
4 2000 1 31.45 0 0 0 "CD" 2000
4 2002 0.266666666666667 33.3166666666667 0 0 0 "CD" 2002
4 2003 3.33 32.625 0 0 0 "CD" 2003
4 2004 0.4 33.09 0 0 0 "CD" 2004
4 2005 0 33.725 0 0 0 "CD" 2005
4 2006 2 32.25 0 0 0 "CD" 2006
4 2007 4.06666666666667 29.8666666666667 0 0 0 "CD" 2007
4 2008 4.96666666666667 26.1 0 0 0 "CD" 2008
4 2009 0 28.925 0 0 0 "CD" 2009
4 2011 89.9 32.3 0 0 0 "CD" 2011
4 2013 3.4 30.07 0 0 0 "CD" 2013
4 2014 1 29.8 0 0 0 "CD" 2014
4 2017 4.4 31.52 0 0 0 "CD" 2017
4 2018 0.5 32.9 0 0 0 "CD" 2018
5 1970 0.587096774193548 30.6354838709677 0 0 0 "CD" 1970
5 1971 2.11290322580645 30.5274193548387 0 0 0 "CD" 1971
5 1972 2.35806451612903 29.3854838709677 0 0 0 "CD" 1972
5 1973 0.396774193548387 30.3225806451613 0 0 0 "CD" 1973
5 1974 3.95483870967742 28.9 0 0 0 "CD" 1974
5 1975 1.6258064516129 30.8822580645161 0 0 0 "CD" 1975
5 1976 3.40967741935484 30.1322580645161 0 0 0 "CD" 1976
5 1977 2.56774193548387 30.9951612903226 0 0 0 "CD" 1977
5 1978 3.9258064516129 28.8532258064516 0 0 0 "CD" 1978
5 1988 0.2 30.4666666666667 0 0 0 "CD" 1988
5 1990 13 28.25 0 0 0 "CD" 1990
5 1991 4.2 28.02 0 0 0 "CD" 1991
5 1992 1.68 30 0 0 0 "CD" 1992
5 1993 7.06 28.035 0 0 0 "CD" 1993
5 1994 8.78 29.16 0 0 0 "CD" 1994
5 1995 4.95 26.15 0 0 0 "CD" 1995
5 1997 8.9 28.75 0 0 0 "CD" 1997
5 2000 14 30.5 0 0 0 "CD" 2000
5 2001 26.9 26.55 0 0 0 "CD" 2001
5 2003 1.04375 31.84375 0 0 0 "CD" 2003
5 2004 0 32.8916666666667 0 0 0 "CD" 2004
5 2005 4.98 28.72 0 0 0 "CD" 2005
5 2006 7.51666666666667 29.0166666666667 0 0 0 "CD" 2006
5 2007 1.62 29.82 0 0 0 "CD" 2007
5 2008 0.5 28.3 0 0 0 "CD" 2008
5 2009 1.4 30.8 0 0 0 "CD" 2009
5 2011 5.15 30.35 0 0 0 "CD" 2011
5 2012 29.4888888888889 28.3111111111111 0 0 0 "CD" 2012
5 2013 5.93333333333333 30.3916666666667 0 0 0 "CD" 2013
5 2014 12.2 28.4 0 0 0 "CD" 2014
5 2015 2.725 30.0375 0 0 0 "CD" 2015
5 2016 2.025 29.7 0 0 0 "CD" 2016
5 2017 7.36 30.36 0 0 0 "CD" 2017
5 2018 9.25 31.525 0 0 0 "CD" 2018
6 1970 4.79666666666667 28.7416666666667 0 0 0 "CD" 1970
6 1971 5.05666666666667 28.0683333333333 0 0 0 "CD" 1971
6 1972 3.68 27.6566666666667 0 0 0 "CD" 1972
6 1973 3.47931034482759 28.6241379310345 0 0 0 "CD" 1973
6 1974 5.35333333333333 27.5366666666667 0 0 0 "CD" 1974
6 1975 2.57 28.62 0 0 0 "CD" 1975
6 1976 4.59310344827586 27.6086206896552 0 0 0 "CD" 1976
6 1977 2.23 28.3 0 0 0 "CD" 1977
6 1978 2.21666666666667 27.8466666666667 0 0 0 "CD" 1978
6 1988 13.9666666666667 25.2333333333333 0 0 0 "CD" 1988
6 1989 4.84444444444444 27.9 0 0 0 "CD" 1989
6 1990 10.6833333333333 27.55 0 0 0 "CD" 1990
6 1991 0.5 28 0 0 0 "CD" 1991
6 1993 14.1727272727273 26.7727272727273 0 0 0 "CD" 1993
6 1994 30.18 28.73 0 0 0 "CD" 1994
6 1995 24.9 25.65 0 0 0 "CD" 1995
6 1996 14.3 27.6428571428571 0 0 0 "CD" 1996
6 1997 6.75714285714286 27.0714285714286 0 0 0 "CD" 1997
6 2000 0 27.25 0 0 0 "CD" 2000
6 2001 7.9 29.4 0 0 0 "CD" 2001
6 2002 5.45 27.55 0 0 0 "CD" 2002
6 2003 6.15833333333333 28.3833333333333 0 0 0 "CD" 2003
6 2004 11.5545454545455 27.1363636363636 0 0 0 "CD" 2004
6 2005 2.05 27.525 0 0 0 "CD" 2005
6 2006 7.91428571428571 27.6571428571429 0 0 0 "CD" 2006
6 2007 17.7 27.4333333333333 0 0 0 "CD" 2007
6 2008 14.775 27.5375 0 0 0 "CD" 2008
6 2009 19.4 27.7166666666667 0 0 0 "CD" 2009
6 2011 5.05 28.275 0 0 0 "CD" 2011
6 2012 9.08333333333333 26.9625 0 0 0 "CD" 2012
6 2013 2.93 28.785 0 0 0 "CD" 2013
6 2014 1.7375 29.0125 0 0 0 "CD" 2014
6 2015 14.875 27.66875 0 0 0 "CD" 2015
6 2016 4.74615384615385 27.9846153846154 0 0 0 "CD" 2016
6 2017 13.7142857142857 27.9571428571429 0 0 0 "CD" 2017
7 1970 6.55483870967742 26.0645161290323 0 0 0 "CD" 1970
7 1971 8.09032258064516 25.7774193548387 0 0 0 "CD" 1971
7 1972 6.54193548387097 27.2548387096774 0 0 0 "CD" 1972
7 1973 6.24193548387097 26.9354838709677 0 0 0 "CD" 1973
7 1974 11.441935483871 25.358064516129 0 0 0 "CD" 1974
7 1975 6.61290322580645 26.1209677419355 0 0 0 "CD" 1975
7 1976 4.86774193548387 26.6532258064516 0 0 0 "CD" 1976
7 1977 5.47096774193548 26.5677419354839 0 0 0 "CD" 1977
7 1978 8.58709677419355 25.5596774193548 0 0 0 "CD" 1978
7 1987 4.55 25.125 0 0 0 "CD" 1987
7 1988 1 27.5 0 0 0 "CD" 1988
7 1989 18.0333333333333 27.4333333333333 0 0 0 "CD" 1989
7 1990 11.1666666666667 26.5416666666667 0 0 0 "CD" 1990
7 1991 14.3 28.2666666666667 0 0 0 "CD" 1991
7 1992 2.2875 26.5 0 0 0 "CD" 1992
7 1993 8.07692307692308 26.55 0 0 0 "CD" 1993
7 1994 13.07 26.41 0 0 0 "CD" 1994
7 1995 35.1 25.5 0 0 0 "CD" 1995
7 1996 28.05 26.8875 0 0 0 "CD" 1996
7 1997 11.83 27.185 0 0 0 "CD" 1997
7 1998 0 26 0 0 0 "CD" 1998
7 2000 1.775 27.5875 0 0 0 "CD" 2000
7 2001 15.7833333333333 25.5083333333333 0 0 0 "CD" 2001
7 2002 2.45 29.375 0 0 0 "CD" 2002
7 2003 18.7142857142857 26.7785714285714 0 0 0 "CD" 2003
7 2004 11.175 25.85 0 0 0 "CD" 2004
7 2005 3 27.15 0 0 0 "CD" 2005
7 2006 22.9333333333333 26.0333333333333 0 0 0 "CD" 2006
7 2007 3.13 26.135 0 0 0 "CD" 2007
7 2008 48.3333333333333 25.9833333333333 0 0 0 "CD" 2008
7 2009 4.5125 27.53125 0 0 0 "CD" 2009
7 2010 7.48333333333333 26.9791666666667 0 0 0 "CD" 2010
7 2011 14.9333333333333 27.5222222222222 0 0 0 "CD" 2011
7 2012 16.7769230769231 26.3692307692308 0 0 0 "CD" 2012
7 2013 14.6428571428571 25.8607142857143 0 0 0 "CD" 2013
7 2014 6.13333333333333 26.3666666666667 0 0 0 "CD" 2014
7 2015 18.05 25.7666666666667 0 0 0 "CD" 2015
7 2016 14 26.33 0 0 0 "CD" 2016
7 2017 9.67777777777778 25.9888888888889 0 0 0 "CD" 2017
8 1970 9.21612903225807 26.0564516129032 0 0 0 "CD" 1970
8 1971 6.3258064516129 25.458064516129 0 0 0 "CD" 1971
8 1972 9.43870967741936 26.0048387096774 0 0 0 "CD" 1972
8 1973 7.25161290322581 26.458064516129 0 0 0 "CD" 1973
8 1974 6.93225806451613 26.4983870967742 0 0 0 "CD" 1974
8 1975 18.2290322580645 25.6629032258065 0 0 0 "CD" 1975
8 1976 7.07741935483871 25.8612903225806 0 0 0 "CD" 1976
8 1977 6.43548387096774 26.05 0 0 0 "CD" 1977
8 1978 4.70322580645161 26.2338709677419 0 0 0 "CD" 1978
8 1988 6.53333333333333 25.8888888888889 0 0 0 "CD" 1988
8 1989 5.16666666666667 26.0166666666667 0 0 0 "CD" 1989
8 1990 14.12 26.6 0 0 0 "CD" 1990
8 1991 5.9 26.975 0 0 0 "CD" 1991
8 1992 6.30588235294118 25.5588235294118 0 0 0 "CD" 1992
8 1993 8.45294117647059 26.1147058823529 0 0 0 "CD" 1993
8 1994 18.5235294117647 25.8029411764706 0 0 0 "CD" 1994
8 1995 11.55 25.45 0 0 0 "CD" 1995
8 1996 26.1666666666667 26.9 0 0 0 "CD" 1996
8 1997 12.4 26.745 0 0 0 "CD" 1997
8 1998 11.95 26.875 0 0 0 "CD" 1998
8 2000 10.3666666666667 25.9916666666667 0 0 0 "CD" 2000
8 2001 1 25.95 0 0 0 "CD" 2001
8 2002 8.50833333333333 27.0875 0 0 0 "CD" 2002
8 2003 6.51666666666667 26.825 0 0 0 "CD" 2003
8 2004 2.9 26.19 0 0 0 "CD" 2004
8 2005 11.06875 26.196875 0 0 0 "CD" 2005
8 2006 17.275 26.5375 0 0 0 "CD" 2006
8 2007 3.57272727272727 25.9772727272727 0 0 0 "CD" 2007
8 2008 16.075 25.025 0 0 0 "CD" 2008
8 2009 1.15 26.6125 0 0 0 "CD" 2009
8 2010 15.5928571428571 26.8785714285714 0 0 0 "CD" 2010
8 2011 9.57894736842105 26.1578947368421 0 0 0 "CD" 2011
8 2012 11.5357142857143 25.8357142857143 0 0 0 "CD" 2012
8 2013 8.72857142857143 25.7857142857143 0 0 0 "CD" 2013
8 2014 12.6571428571429 25.7714285714286 0 0 0 "CD" 2014
8 2015 15.3181818181818 26.8681818181818 0 0 0 "CD" 2015
8 2016 36.9333333333333 26.7111111111111 0 0 0 "CD" 2016
8 2017 7.03888888888889 26.4027777777778 0 0 0 "CD" 2017
9 1970 9.87 25.9916666666667 0 0 0 "CD" 1970
9 1971 8.89666666666667 26.0716666666667 0 0 0 "CD" 1971
9 1972 7.73333333333333 26.965 0 0 0 "CD" 1972
9 1973 3.73333333333333 26.75 0 0 0 "CD" 1973
9 1974 4 26.745 0 0 0 "CD" 1974
9 1975 7.86333333333333 26.2983333333333 0 0 0 "CD" 1975
9 1976 7.27666666666667 26.9033333333333 0 0 0 "CD" 1976
9 1977 3.79666666666667 27.1966666666667 0 0 0 "CD" 1977
9 1978 4.16333333333333 26.6133333333333 0 0 0 "CD" 1978
9 1987 4.95 25.375 0 0 0 "CD" 1987
9 1988 16.8111111111111 26.2388888888889 0 0 0 "CD" 1988
9 1989 6.12222222222222 26.9666666666667 0 0 0 "CD" 1989
9 1990 7.96666666666667 27.5166666666667 0 0 0 "CD" 1990
9 1991 9.9 27 0 0 0 "CD" 1991
9 1992 15.5545454545455 25.5954545454545 0 0 0 "CD" 1992
9 1993 17.65 26.81 0 0 0 "CD" 1993
9 1994 3.85625 26.921875 0 0 0 "CD" 1994
9 1996 8.75 26.2625 0 0 0 "CD" 1996
9 1997 8.45714285714286 27.3071428571429 0 0 0 "CD" 1997
9 1998 18.2833333333333 26.7166666666667 0 0 0 "CD" 1998
9 1999 0 27 0 0 0 "CD" 1999
9 2000 28.25 26.125 0 0 0 "CD" 2000
9 2001 19.1571428571429 25.3571428571429 0 0 0 "CD" 2001
9 2002 1.5 27.625 0 0 0 "CD" 2002
9 2003 8.125 26.76875 0 0 0 "CD" 2003
9 2004 22.475 27.0375 0 0 0 "CD" 2004
9 2005 12.0272727272727 26.2727272727273 0 0 0 "CD" 2005
9 2006 10.6166666666667 26.1666666666667 0 0 0 "CD" 2006
9 2007 8.22 25.02 0 0 0 "CD" 2007
9 2008 24.625 26 0 0 0 "CD" 2008
9 2009 2.36666666666667 27.1833333333333 0 0 0 "CD" 2009
9 2010 15.8714285714286 26.8857142857143 0 0 0 "CD" 2010
9 2011 10.5647058823529 26.3647058823529 0 0 0 "CD" 2011
9 2012 5 26.9916666666667 0 0 0 "CD" 2012
9 2013 5.96842105263158 26.8052631578947 0 0 0 "CD" 2013
9 2014 24.5 25.9875 0 0 0 "CD" 2014
9 2015 12.4888888888889 26.55 0 0 0 "CD" 2015
9 2016 7.5 26.95 0 0 0 "CD" 2016
9 2017 12.5857142857143 26.6428571428571 0 0 0 "CD" 2017
10 1970 0.754838709677419 27.8354838709677 0 0 0 "CD" 1970
10 1971 1.99032258064516 27.8532258064516 0 0 0 "CD" 1971
10 1972 3.14838709677419 27.4983870967742 0 0 0 "CD" 1972
10 1973 1.82258064516129 27.8209677419355 0 0 0 "CD" 1973
10 1974 3.09354838709677 27.5677419354839 0 0 0 "CD" 1974
10 1975 1.83225806451613 27.5274193548387 0 0 0 "CD" 1975
10 1976 3.3741935483871 27.2532258064516 0 0 0 "CD" 1976
10 1977 2.2741935483871 26.7983870967742 0 0 0 "CD" 1977
10 1978 3.43548387096774 27.0854838709677 0 0 0 "CD" 1978
10 1989 6.81666666666667 26.5583333333333 0 0 0 "CD" 1989
10 1991 3.3 27.1357142857143 0 0 0 "CD" 1991
10 1992 0.4 27 0 0 0 "CD" 1992
10 1993 1.91428571428571 28.1142857142857 0 0 0 "CD" 1993
10 1994 5.3625 27.4625 0 0 0 "CD" 1994
10 1995 6.45 27.825 0 0 0 "CD" 1995
10 1996 0 27.45 0 0 0 "CD" 1996
10 1997 5.3875 27.875 0 0 0 "CD" 1997
10 1998 43.95 26.725 0 0 0 "CD" 1998
10 1999 12.6076923076923 26.3423076923077 0 0 0 "CD" 1999
10 2000 4.9 26.225 0 0 0 "CD" 2000
10 2001 10.82 26.45 0 0 0 "CD" 2001
10 2002 1.775 28.1875 0 0 0 "CD" 2002
10 2003 16.2307692307692 27.9576923076923 0 0 0 "CD" 2003
10 2004 0 28.27 0 0 0 "CD" 2004
10 2005 2.475 27.45 0 0 0 "CD" 2005
10 2006 8.58 28.18 0 0 0 "CD" 2006
10 2008 15.5 26.6166666666667 0 0 0 "CD" 2008
10 2009 5 27.9166666666667 0 0 0 "CD" 2009
10 2010 4.6375 27.7125 0 0 0 "CD" 2010
10 2011 11.8555555555556 27.3388888888889 0 0 0 "CD" 2011
10 2012 4.45 27.675 0 0 0 "CD" 2012
10 2013 13.5 27.4833333333333 0 0 0 "CD" 2013
10 2014 2.9 27.6277777777778 0 0 0 "CD" 2014
10 2015 2.58571428571429 27.3571428571429 0 0 0 "CD" 2015
10 2017 4.33333333333333 28.4416666666667 0 0 0 "CD" 2017
11 1970 0 27.065 0 0 0 "CD" 1970
11 1971 0 26.6233333333333 0 0 0 "CD" 1971
11 1972 0 26.8833333333333 0 0 0 "CD" 1972
11 1973 1.53 26.2633333333333 0 0 0 "CD" 1973
11 1974 0 27.0766666666667 0 0 0 "CD" 1974
11 1975 0 27.1633333333333 0 0 0 "CD" 1975
11 1976 0.00666666666666667 27.2083333333333 0 0 0 "CD" 1976
11 1977 0 26.7916666666667 0 0 0 "CD" 1977
11 1978 0 25.8666666666667 0 0 0 "CD" 1978
11 1991 35.95 28.725 0 0 0 "CD" 1991
11 1992 0 27.3 0 0 0 "CD" 1992
11 1993 20.3 28.6833333333333 0 0 0 "CD" 1993
11 1994 0.5 26 0 0 0 "CD" 1994
11 1997 16.525 27.525 0 0 0 "CD" 1997
11 1998 0 29 0 0 0 "CD" 1998
11 1999 0 27.3833333333333 0 0 0 "CD" 1999
11 2002 0 28.6392857142857 0 0 0 "CD" 2002
11 2003 0 28.3541666666667 0 0 0 "CD" 2003
11 2004 0 28.4111111111111 0 0 0 "CD" 2004
11 2007 1 29.25 0 0 0 "CD" 2007
11 2012 0.4 28.725 0 0 0 "CD" 2012
12 1970 0 25.0354838709677 0 0 0 "CD" 1970
12 1971 0 24.8322580645161 0 0 0 "CD" 1971
12 1972 0 26.8 0 0 0 "CD" 1972
12 1973 0 25.4967741935484 0 0 0 "CD" 1973
12 1974 0 24.8854838709677 0 0 0 "CD" 1974
12 1975 0 24.8145161290323 0 0 0 "CD" 1975
12 1976 0 26.4645161290323 0 0 0 "CD" 1976
12 1977 0 25.5596774193548 0 0 0 "CD" 1977
12 1978 0 26.35 0 0 0 "CD" 1978
12 1993 59.9 28.25 0 0 0 "CD" 1993
12 1998 1.01428571428571 26.5428571428571 0 0 0 "CD" 1998
12 1999 0 26.1791666666667 0 0 0 "CD" 1999
12 2002 0 27.8545454545455 0 0 0 "CD" 2002
12 2003 0 26.565 0 0 0 "CD" 2003
12 2004 0 26.5666666666667 0 0 0 "CD" 2004
12 2013 2.55 29.9 0 0 0 "CD" 2013
1 1970 0 25.7725806451613 0 0 0 "CD" 1970
1 1971 0 22.9661290322581 0 0 0 "CD" 1971
1 1972 0 23.6161290322581 0 0 0 "CD" 1972
1 1973 0 25.8887096774194 0 0 0 "CD" 1973
1 1974 0 23.2209677419355 0 0 0 "CD" 1974
1 1975 0 21.95 0 0 0 "CD" 1975
1 1976 0 24.3241935483871 0 0 0 "CD" 1976
1 1977 0 24.7532258064516 0 0 0 "CD" 1977
1 1978 0 23.3258064516129 0 0 0 "CD" 1978
2 1970 0 26.8303571428571 0 0 0 "CD" 1970
2 1971 0 26.4071428571429 0 0 0 "CD" 1971
2 1972 0 26.6568965517241 0 0 0 "CD" 1972
2 1973 0 29.1232142857143 0 0 0 "CD" 1973
2 1974 0 26.5089285714286 0 0 0 "CD" 1974
2 1975 0 27.2642857142857 0 0 0 "CD" 1975
2 1976 0 28.15 0 0 0 "CD" 1976
2 1977 0 25.8982142857143 0 0 0 "CD" 1977
2 1978 0 27.0482142857143 0 0 0 "CD" 1978
3 1970 0 29.5983870967742 0 0 0 "CD" 1970
3 1971 0 31.5306451612903 0 0 0 "CD" 1971
3 1972 0 31.2693548387097 0 0 0 "CD" 1972
3 1973 0 31.0112903225806 0 0 0 "CD" 1973
3 1974 0 29.2629032258065 0 0 0 "CD" 1974
3 1975 0 30.6854838709677 0 0 0 "CD" 1975
3 1976 0 30.0048387096774 0 0 0 "CD" 1976
3 1977 0 29.0629032258065 0 0 0 "CD" 1977
3 1978 0 29.8854838709677 0 0 0 "CD" 1978
4 1970 0 33.8783333333333 0 0 0 "CD" 1970
4 1971 0 32.28 0 0 0 "CD" 1971
4 1972 0 33.6966666666667 0 0 0 "CD" 1972
4 1973 0 34.8633333333333 0 0 0 "CD" 1973
4 1974 0 34.17 0 0 0 "CD" 1974
4 1975 0 33.4033333333333 0 0 0 "CD" 1975
4 1976 0.39 33.7383333333333 0 0 0 "CD" 1976
4 1977 0 33.07 0 0 0 "CD" 1977
4 1978 0.373333333333333 34.6 0 0 0 "CD" 1978
5 1970 0.925806451612903 34.5274193548387 0 0 0 "CD" 1970
5 1971 0.0741935483870968 33.9451612903226 0 0 0 "CD" 1971
5 1972 0.164516129032258 34.108064516129 0 0 0 "CD" 1972
5 1973 0 34.6290322580645 0 0 0 "CD" 1973
5 1974 0 33.4693548387097 0 0 0 "CD" 1974
5 1975 0.0161290322580645 34.5338709677419 0 0 0 "CD" 1975
5 1976 0.0193548387096774 34.0032258064516 0 0 0 "CD" 1976
5 1977 0 34.4451612903226 0 0 0 "CD" 1977
6 1970 0.0733333333333333 33.215 0 0 0 "CD" 1970
6 1971 0.296666666666667 33.0366666666667 0 0 0 "CD" 1971
6 1972 0.723333333333333 33.2216666666667 0 0 0 "CD" 1972
6 1973 0.0766666666666667 34.425 0 0 0 "CD" 1973
6 1974 0.206666666666667 33.2133333333333 0 0 0 "CD" 1974
6 1975 0.446666666666667 33.5616666666667 0 0 0 "CD" 1975
6 1976 0.783333333333333 33.0083333333333 0 0 0 "CD" 1976
6 1977 1.38666666666667 33.1883333333333 0 0 0 "CD" 1977
7 1970 3.38387096774194 30.1258064516129 0 0 0 "CD" 1970
7 1971 2.96129032258065 30.3467741935484 0 0 0 "CD" 1971
7 1972 1.20322580645161 31.8322580645161 0 0 0 "CD" 1972
7 1973 0.819354838709677 32.2048387096774 0 0 0 "CD" 1973
7 1974 3.45161290322581 28.4016129032258 0 0 0 "CD" 1974
7 1975 5.76129032258065 28.6096774193548 0 0 0 "CD" 1975
7 1976 3.38064516129032 30.0532258064516 0 0 0 "CD" 1976
7 1977 1.89677419354839 30.8854838709677 0 0 0 "CD" 1977
7 1978 4.69354838709677 28.7951612903226 0 0 0 "CD" 1978
8 1970 7.46451612903226 27.5774193548387 0 0 0 "CD" 1970
8 1971 4.80967741935484 27.2677419354839 0 0 0 "CD" 1971
8 1972 2.73870967741935 29.0741935483871 0 0 0 "CD" 1972
8 1973 3.89677419354839 28.6725806451613 0 0 0 "CD" 1973
8 1974 6.40645161290323 27.5741935483871 0 0 0 "CD" 1974
8 1975 3.58387096774194 27.4403225806452 0 0 0 "CD" 1975
8 1976 3.22258064516129 28.7887096774194 0 0 0 "CD" 1976
8 1977 9.22 27.1116666666667 0 0 0 "CD" 1977
8 1978 2.44193548387097 28.0887096774194 0 0 0 "CD" 1978
9 1970 1.48333333333333 28.7566666666667 0 0 0 "CD" 1970
9 1971 0.866666666666667 28.9616666666667 0 0 0 "CD" 1971
9 1972 0.79 30.5883333333333 0 0 0 "CD" 1972
9 1973 0.49 31.2066666666667 0 0 0 "CD" 1973
9 1974 1.8 28.5083333333333 0 0 0 "CD" 1974
9 1975 1.68 28.8283333333333 0 0 0 "CD" 1975
9 1976 1.56333333333333 29.6883333333333 0 0 0 "CD" 1976
9 1977 2.17 29.3683333333333 0 0 0 "CD" 1977
9 1978 2.01333333333333 28.7983333333333 0 0 0 "CD" 1978
10 1970 0 29.1016129032258 0 0 0 "CD" 1970
10 1971 0.0516129032258065 29.5161290322581 0 0 0 "CD" 1971
10 1972 0.635483870967742 30.9322580645161 0 0 0 "CD" 1972
10 1973 0 31.0290322580645 0 0 0 "CD" 1973
10 1974 0.174193548387097 30.3467741935484 0 0 0 "CD" 1974
10 1975 0.0032258064516129 30.0887096774194 0 0 0 "CD" 1975
10 1976 0.454838709677419 30.6854838709677 0 0 0 "CD" 1976
10 1977 0.0580645161290323 29.0048387096774 0 0 0 "CD" 1977
10 1978 0.332258064516129 30.4645161290323 0 0 0 "CD" 1978
11 1970 0 26.96 0 0 0 "CD" 1970
11 1971 0 27.0216666666667 0 0 0 "CD" 1971
11 1972 0 26.3966666666667 0 0 0 "CD" 1972
11 1973 0 26.145 0 0 0 "CD" 1973
11 1974 0 27.8483333333333 0 0 0 "CD" 1974
11 1975 0 28.42 0 0 0 "CD" 1975
11 1976 0 28.0283333333333 0 0 0 "CD" 1976
11 1977 0 26.84 0 0 0 "CD" 1977
12 1970 0 23.5 0 0 0 "CD" 1970
12 1971 0 23.3225806451613 0 0 0 "CD" 1971
12 1972 0 26.1725806451613 0 0 0 "CD" 1972
12 1973 0 25.5870967741935 0 0 0 "CD" 1973
12 1974 0 23.4161290322581 0 0 0 "CD" 1974
12 1975 0 23.4741935483871 0 0 0 "CD" 1975
12 1976 0 25.9161290322581 0 0 0 "CD" 1976
12 1977 0 23.0935483870968 0 0 0 "CD" 1977
12 1978 0 25.0887096774194 0 0 0 "CD" 1978
1 1970 0 22.1145161290323 0 0 0 "CD" 1970
1 1971 0 20.4806451612903 0 0 0 "CD" 1971
1 1972 0 20.2806451612903 0 0 0 "CD" 1972
1 1973 0 20.7645161290323 0 0 0 "CD" 1973
1 1974 0 18.6241935483871 0 0 0 "CD" 1974
1 1975 0 17.6645161290323 0 0 0 "CD" 1975
1 1976 0 19.9983870967742 0 0 0 "CD" 1976
1 1977 0 20.2064516129032 0 0 0 "CD" 1977
2 1970 0 22.5267857142857 0 0 0 "CD" 1970
2 1971 0 22.4571428571429 0 0 0 "CD" 1971
2 1972 0 22.4775862068966 0 0 0 "CD" 1972
2 1973 0 24.2089285714286 0 0 0 "CD" 1973
2 1974 0 22.3196428571429 0 0 0 "CD" 1974
2 1975 0 23.5267857142857 0 0 0 "CD" 1975
2 1976 0 23.3586206896552 0 0 0 "CD" 1976
2 1977 0 21.9482142857143 0 0 0 "CD" 1977
3 1970 0 24.5693548387097 0 0 0 "CD" 1970
3 1971 0 28.6129032258065 0 0 0 "CD" 1971
3 1972 0 27.1274193548387 0 0 0 "CD" 1972
3 1973 0 26.1887096774194 0 0 0 "CD" 1973
3 1974 0 26.0596774193548 0 0 0 "CD" 1974
3 1975 0 26.7467741935484 0 0 0 "CD" 1975
3 1976 0 26.1758064516129 0 0 0 "CD" 1976
3 1977 0 23.8612903225806 0 0 0 "CD" 1977
4 1970 0 29.755 0 0 0 "CD" 1970
4 1971 0 29.3733333333333 0 0 0 "CD" 1971
4 1972 0 30.55 0 0 0 "CD" 1972
4 1973 0 31.2583333333333 0 0 0 "CD" 1973
4 1974 0 31.54 0 0 0 "CD" 1974
4 1975 0 31.4233333333333 0 0 0 "CD" 1975
4 1976 0 30.4366666666667 0 0 0 "CD" 1976
4 1977 0 28.3566666666667 0 0 0 "CD" 1977
5 1970 0 33.8338709677419 0 0 0 "CD" 1970
5 1971 0 33.7451612903226 0 0 0 "CD" 1971
5 1972 0 34.2209677419355 0 0 0 "CD" 1972
5 1973 0 32.3822580645161 0 0 0 "CD" 1973
5 1974 0 32.3903225806452 0 0 0 "CD" 1974
5 1975 0 34 0 0 0 "CD" 1975
5 1976 0 34.3145161290323 0 0 0 "CD" 1976
5 1977 0 33.2322580645161 0 0 0 "CD" 1977
6 1970 0 33.9866666666667 0 0 0 "CD" 1970
6 1971 0 32.79 0 0 0 "CD" 1971
6 1972 0 33.985 0 0 0 "CD" 1972
6 1973 0 34.2566666666667 0 0 0 "CD" 1973
6 1974 0 33.5066666666667 0 0 0 "CD" 1974
6 1975 0 33.9983333333333 0 0 0 "CD" 1975
6 1976 0 34.2566666666667 0 0 0 "CD" 1976
6 1977 0 33.815 0 0 0 "CD" 1977
7 1970 0 33.6903225806452 0 0 0 "CD" 1970
7 1971 0 32.7403225806452 0 0 0 "CD" 1971
7 1972 0.0129032258064516 33.9741935483871 0 0 0 "CD" 1972
7 1973 0.387096774193548 32.8596774193548 0 0 0 "CD" 1973
7 1974 0 32.891935483871 0 0 0 "CD" 1974
7 1975 0.503225806451613 32.8403225806452 0 0 0 "CD" 1975
7 1976 0 33.0532258064516 0 0 0 "CD" 1976
7 1977 0 33.4790322580645 0 0 0 "CD" 1977
8 1970 0 33.0870967741935 0 0 0 "CD" 1970
8 1971 0 32.958064516129 0 0 0 "CD" 1971
8 1972 0 34.0983870967742 0 0 0 "CD" 1972
8 1973 0 33.3887096774194 0 0 0 "CD" 1973
8 1974 0.364516129032258 33.2387096774194 0 0 0 "CD" 1974
8 1975 0 33.1483870967742 0 0 0 "CD" 1975
8 1976 0 33.3887096774194 0 0 0 "CD" 1976
8 1977 0.409677419354839 33.1854838709677 0 0 0 "CD" 1977
9 1970 0 32.42 0 0 0 "CD" 1970
9 1971 0 32.2566666666667 0 0 0 "CD" 1971
9 1972 0 34.0616666666667 0 0 0 "CD" 1972
9 1973 0 33.1566666666667 0 0 0 "CD" 1973
9 1974 0.0333333333333333 33.08 0 0 0 "CD" 1974
9 1975 0 32.3433333333333 0 0 0 "CD" 1975
9 1976 0 32.6816666666667 0 0 0 "CD" 1976
9 1977 0 33.3966666666667 0 0 0 "CD" 1977
10 1970 0 28.0483870967742 0 0 0 "CD" 1970
10 1971 0 27.7483870967742 0 0 0 "CD" 1971
10 1972 0 29.5021739130435 0 0 0 "CD" 1972
10 1973 0 30.0209677419355 0 0 0 "CD" 1973
10 1974 0 30.2338709677419 0 0 0 "CD" 1974
10 1975 0 28.8403225806452 0 0 0 "CD" 1975
10 1976 0 32.1225806451613 0 0 0 "CD" 1976
10 1977 0 28.7532258064516 0 0 0 "CD" 1977
11 1970 0 23.56 0 0 0 "CD" 1970
11 1971 0 23.7516666666667 0 0 0 "CD" 1971
11 1972 0 22.3933333333333 0 0 0 "CD" 1972
11 1974 0 24.4283333333333 0 0 0 "CD" 1974
11 1975 0 25.625 0 0 0 "CD" 1975
11 1976 0 25.005 0 0 0 "CD" 1976
11 1977 0 23.635 0 0 0 "CD" 1977
12 1970 0 20.4548387096774 0 0 0 "CD" 1970
12 1971 0 19.9016129032258 0 0 0 "CD" 1971
12 1972 0 21.5209677419355 0 0 0 "CD" 1972
12 1973 0 22.0435483870968 0 0 0 "CD" 1973
12 1974 0 18.8290322580645 0 0 0 "CD" 1974
12 1975 0 20.3354838709677 0 0 0 "CD" 1975
12 1976 0 22.0161290322581 0 0 0 "CD" 1976
12 1977 0 19.1193548387097 0 0 0 "CD" 1977
1 1970 0 25.4645161290323 0 0 0 "CD" 1970
1 1971 0 24.208064516129 0 0 0 "CD" 1971
1 1972 0 24.9596774193548 0 0 0 "CD" 1972
1 1973 0 26.7483870967742 0 0 0 "CD" 1973
1 1974 0 25.2693548387097 0 0 0 "CD" 1974
1 1975 0 25.0516129032258 0 0 0 "CD" 1975
1 1976 0 25.7241935483871 0 0 0 "CD" 1976
1 1977 0 25.6612903225806 0 0 0 "CD" 1977
1 1978 0 24.9616666666667 0 0 0 "CD" 1978
2 1970 0 28.0625 0 0 0 "CD" 1970
2 1971 0 26.8660714285714 0 0 0 "CD" 1971
2 1972 0 27.0275862068966 0 0 0 "CD" 1972
2 1973 0 30.1357142857143 0 0 0 "CD" 1973
2 1974 0 28.1196428571429 0 0 0 "CD" 1974
2 1975 0 29.3678571428571 0 0 0 "CD" 1975
2 1976 0 28.6465517241379 0 0 0 "CD" 1976
2 1977 0 27.3785714285714 0 0 0 "CD" 1977
2 1978 0 28.5017857142857 0 0 0 "CD" 1978
3 1970 0 29.9129032258065 0 0 0 "CD" 1970
3 1971 0.0516129032258065 30.5548387096774 0 0 0 "CD" 1971
3 1972 0 30.3177419354839 0 0 0 "CD" 1972
3 1973 0 31.3693548387097 0 0 0 "CD" 1973
3 1974 0 29.45 0 0 0 "CD" 1974
3 1975 0.00967741935483871 31.4435483870968 0 0 0 "CD" 1975
3 1976 0.283870967741935 31.0806451612903 0 0 0 "CD" 1976
3 1977 0 30.408064516129 0 0 0 "CD" 1977
3 1978 0 30.6596774193548 0 0 0 "CD" 1978
4 1970 0.78 31.7466666666667 0 0 0 "CD" 1970
4 1971 0.356666666666667 30.9 0 0 0 "CD" 1971
4 1972 0.316666666666667 31.4766666666667 0 0 0 "CD" 1972
4 1973 0.42 32.8533333333333 0 0 0 "CD" 1973
4 1974 0.51 31.2816666666667 0 0 0 "CD" 1974
4 1975 0.3 32.135 0 0 0 "CD" 1975
4 1976 0.34 31.6583333333333 0 0 0 "CD" 1976
4 1977 0.11 32.415 0 0 0 "CD" 1977
4 1978 0.216666666666667 32.1166666666667 0 0 0 "CD" 1978
5 1970 0.696774193548387 31.3290322580645 0 0 0 "CD" 1970
5 1971 1.75161290322581 31.641935483871 0 0 0 "CD" 1971
5 1972 2.73225806451613 30.4112903225806 0 0 0 "CD" 1972
5 1973 0.116129032258065 32.0758064516129 0 0 0 "CD" 1973
5 1974 3.60322580645161 29.2048387096774 0 0 0 "CD" 1974
5 1975 1.32903225806452 31.558064516129 0 0 0 "CD" 1975
5 1976 1.39677419354839 31.6338709677419 0 0 0 "CD" 1976
5 1977 1.91290322580645 31.0016129032258 0 0 0 "CD" 1977
5 1978 2.85806451612903 30.3516129032258 0 0 0 "CD" 1978
6 1970 1.28 30.025 0 0 0 "CD" 1970
6 1971 1.66333333333333 29.32 0 0 0 "CD" 1971
6 1972 2.15 27.69 0 0 0 "CD" 1972
6 1973 2.45666666666667 29.5733333333333 0 0 0 "CD" 1973
6 1974 3.12 27.9016666666667 0 0 0 "CD" 1974
6 1975 5.23 29.445 0 0 0 "CD" 1975
6 1976 3.96333333333333 28.7783333333333 0 0 0 "CD" 1976
6 1977 3.66 28.7466666666667 0 0 0 "CD" 1977
6 1978 6.21 27.7 0 0 0 "CD" 1978
7 1970 4.63225806451613 26.2532258064516 0 0 0 "CD" 1970
7 1971 6.03548387096774 26.1693548387097 0 0 0 "CD" 1971
7 1972 5.76774193548387 26.5483870967742 0 0 0 "CD" 1972
7 1973 6.44838709677419 28.1290322580645 0 0 0 "CD" 1973
7 1974 5.57096774193548 25.6 0 0 0 "CD" 1974
7 1975 6.54193548387097 26.3516129032258 0 0 0 "CD" 1975
7 1976 4.78387096774194 26.7693548387097 0 0 0 "CD" 1976
7 1977 6.24193548387097 26.3645161290323 0 0 0 "CD" 1977
7 1978 10.2774193548387 25.8887096774194 0 0 0 "CD" 1978
8 1970 11.6935483870968 24.6709677419355 0 0 0 "CD" 1970
8 1971 8.53548387096774 24.9854838709677 0 0 0 "CD" 1971
8 1972 10.458064516129 24.8354838709677 0 0 0 "CD" 1972
8 1973 10.2258064516129 26.0741935483871 0 0 0 "CD" 1973
8 1974 8.66129032258064 26.1774193548387 0 0 0 "CD" 1974
8 1975 10.0290322580645 24.9677419354839 0 0 0 "CD" 1975
8 1976 7.66129032258065 25.6403225806452 0 0 0 "CD" 1976
8 1977 9.28709677419355 25.7241935483871 0 0 0 "CD" 1977
8 1978 7.54516129032258 25.8112903225806 0 0 0 "CD" 1978
9 1970 5.78333333333333 26.2666666666667 0 0 0 "CD" 1970
9 1971 6.65333333333333 25.305 0 0 0 "CD" 1971
9 1972 5.97333333333333 25.93 0 0 0 "CD" 1972
9 1973 1.40666666666667 27.1566666666667 0 0 0 "CD" 1973
9 1974 5.88333333333333 26.4766666666667 0 0 0 "CD" 1974
9 1975 2.58 26.0466666666667 0 0 0 "CD" 1975
9 1976 3.06 26.8833333333333 0 0 0 "CD" 1976
9 1977 1.92333333333333 26.7133333333333 0 0 0 "CD" 1977
9 1978 5.05666666666667 26.7966666666667 0 0 0 "CD" 1978
10 1970 0.693548387096774 27.4903225806452 0 0 0 "CD" 1970
10 1971 0 26.9161290322581 0 0 0 "CD" 1971
10 1972 3.06451612903226 27.1870967741935 0 0 0 "CD" 1972
10 1973 1.97741935483871 27.5112903225806 0 0 0 "CD" 1973
10 1974 0 27.7048387096774 0 0 0 "CD" 1974
10 1975 0.329032258064516 27.4161290322581 0 0 0 "CD" 1975
10 1976 2.61290322580645 26.9677419354839 0 0 0 "CD" 1976
10 1977 0.354838709677419 26.6645161290323 0 0 0 "CD" 1977
11 1970 0 26.155 0 0 0 "CD" 1970
11 1971 0 25.1383333333333 0 0 0 "CD" 1971
11 1972 0 25.52 0 0 0 "CD" 1972
11 1973 0 25.7933333333333 0 0 0 "CD" 1973
11 1974 0 26.6366666666667 0 0 0 "CD" 1974
11 1975 0 26.5366666666667 0 0 0 "CD" 1975
11 1976 0.0133333333333333 26.6 0 0 0 "CD" 1976
11 1977 0 26.1983333333333 0 0 0 "CD" 1977
12 1970 0 23.7645161290323 0 0 0 "CD" 1970
12 1971 0 22.9467741935484 0 0 0 "CD" 1971
12 1972 0 25.858064516129 0 0 0 "CD" 1972
12 1973 0 24.9 0 0 0 "CD" 1973
12 1974 0 24.1870967741935 0 0 0 "CD" 1974
12 1975 0 24.6354838709677 0 0 0 "CD" 1975
12 1976 0 26.2225806451613 0 0 0 "CD" 1976
12 1977 0 24.7241935483871 0 0 0 "CD" 1977
12 1978 0 25.9822580645161 0 0 0 "CD" 1978
1 1970 0 26.1532258064516 0 0 0 "CD" 1970
1 1971 0 24.3790322580645 0 0 0 "CD" 1971
1 1972 0 25.65 0 0 0 "CD" 1972
1 1973 0 26.5548387096774 0 0 0 "CD" 1973
1 1974 0 24.408064516129 0 0 0 "CD" 1974
1 1975 0 23.7112903225806 0 0 0 "CD" 1975
1 1976 0 25.5983870967742 0 0 0 "CD" 1976
1 1977 0 25.1854838709677 0 0 0 "CD" 1977
1 1978 0 24.7161290322581 0 0 0 "CD" 1978
1 1979 0 25.375 0 0 0 "CD" 1979
2 1970 0 27.7428571428571 0 0 0 "CD" 1970
2 1971 0 27.6232142857143 0 0 0 "CD" 1971
2 1972 0 27.501724137931 0 0 0 "CD" 1972
2 1973 0 29.9892857142857 0 0 0 "CD" 1973
2 1974 0 27.525 0 0 0 "CD" 1974
2 1975 0 27.7660714285714 0 0 0 "CD" 1975
2 1976 0 28.1327586206897 0 0 0 "CD" 1976
2 1977 0 26.6875 0 0 0 "CD" 1977
2 1978 0 27.8053571428571 0 0 0 "CD" 1978
2 1979 0 27.25 0 0 0 "CD" 1979
3 1970 0 29.6741935483871 0 0 0 "CD" 1970
3 1971 0 31.7467741935484 0 0 0 "CD" 1971
3 1972 0 31.2548387096774 0 0 0 "CD" 1972
3 1973 0 31.15 0 0 0 "CD" 1973
3 1974 0 29.2209677419355 0 0 0 "CD" 1974
3 1975 0 30.808064516129 0 0 0 "CD" 1975
3 1976 0 30.1741935483871 0 0 0 "CD" 1976
3 1977 0 29.4935483870968 0 0 0 "CD" 1977
3 1978 0 29.8177419354839 0 0 0 "CD" 1978
4 1970 0 33.2283333333333 0 0 0 "CD" 1970
4 1971 0 31.87 0 0 0 "CD" 1971
4 1972 0.816666666666667 32.91 0 0 0 "CD" 1972
4 1973 0.01 34.1233333333333 0 0 0 "CD" 1973
4 1974 0 32.715 0 0 0 "CD" 1974
4 1975 0 32.7033333333333 0 0 0 "CD" 1975
4 1976 0.246666666666667 32.45 0 0 0 "CD" 1976
4 1977 0 32.5616666666667 0 0 0 "CD" 1977
4 1978 0 33.6466666666667 0 0 0 "CD" 1978
4 1991 1 32.5 0 0 0 "CD" 1991
5 1970 0.0129032258064516 33.6274193548387 0 0 0 "CD" 1970
5 1971 0 32.9161290322581 0 0 0 "CD" 1971
5 1972 1.54838709677419 32.8177419354839 0 0 0 "CD" 1972
5 1973 0.72258064516129 33.058064516129 0 0 0 "CD" 1973
5 1974 0.416129032258065 32.6387096774194 0 0 0 "CD" 1974
5 1975 0 33.4016129032258 0 0 0 "CD" 1975
5 1976 0.0838709677419355 33.2467741935484 0 0 0 "CD" 1976
5 1977 0.338709677419355 32.9435483870968 0 0 0 "CD" 1977
5 1978 0.780645161290323 32.9870967741935 0 0 0 "CD" 1978
6 1970 0.81 32.705 0 0 0 "CD" 1970
6 1971 0.113333333333333 32.0233333333333 0 0 0 "CD" 1971
6 1972 0.726666666666667 31.4116666666667 0 0 0 "CD" 1972
6 1973 0.643333333333333 32.495 0 0 0 "CD" 1973
6 1974 0.483333333333333 31.8833333333333 0 0 0 "CD" 1974
6 1975 0.356666666666667 31.9816666666667 0 0 0 "CD" 1975
6 1976 0.636666666666667 31.74 0 0 0 "CD" 1976
6 1977 1.51333333333333 31.8766666666667 0 0 0 "CD" 1977
6 1978 1.44333333333333 31.075 0 0 0 "CD" 1978
6 1988 1 33.3 0 0 0 "CD" 1988
6 1989 4.1 31 0 0 0 "CD" 1989
7 1970 2.16451612903226 29.5129032258065 0 0 0 "CD" 1970
7 1971 2.18064516129032 29.1645161290323 0 0 0 "CD" 1971
7 1972 1.39677419354839 30.5790322580645 0 0 0 "CD" 1972
7 1973 1.45161290322581 30.6129032258065 0 0 0 "CD" 1973
7 1974 5.83548387096774 26.7645161290323 0 0 0 "CD" 1974
7 1975 2.93225806451613 28.2661290322581 0 0 0 "CD" 1975
7 1976 1.20645161290323 29.45 0 0 0 "CD" 1976
7 1977 1.09032258064516 29.4306451612903 0 0 0 "CD" 1977
7 1978 8.04666666666667 27.4766666666667 0 0 0 "CD" 1978
8 1970 4.56129032258065 26.6806451612903 0 0 0 "CD" 1970
8 1971 6.79677419354839 26.1741935483871 0 0 0 "CD" 1971
8 1972 3.47741935483871 28.1629032258065 0 0 0 "CD" 1972
8 1973 2.29032258064516 27.8790322580645 0 0 0 "CD" 1973
8 1974 6.6258064516129 26.4532258064516 0 0 0 "CD" 1974
8 1975 7.52903225806452 25.8629032258065 0 0 0 "CD" 1975
8 1976 4.68709677419355 27.7225806451613 0 0 0 "CD" 1976
8 1977 7.54516129032258 25.9887096774194 0 0 0 "CD" 1977
8 1978 3.51935483870968 27.2661290322581 0 0 0 "CD" 1978
8 1989 8 26.55 0 0 0 "CD" 1989
8 1990 5.33333333333333 28.3666666666667 0 0 0 "CD" 1990
8 1992 4.1 26.5 0 0 0 "CD" 1992
9 1970 2.46666666666667 27.445 0 0 0 "CD" 1970
9 1971 2.03333333333333 27.2833333333333 0 0 0 "CD" 1971
9 1972 1.02666666666667 29.5183333333333 0 0 0 "CD" 1972
9 1973 0.906666666666667 30.2683333333333 0 0 0 "CD" 1973
9 1974 1.32 27.295 0 0 0 "CD" 1974
9 1975 2.83666666666667 27.1666666666667 0 0 0 "CD" 1975
9 1976 1.05666666666667 29.3083333333333 0 0 0 "CD" 1976
9 1977 2.74333333333333 28.3333333333333 0 0 0 "CD" 1977
9 1978 1.87333333333333 28.2983333333333 0 0 0 "CD" 1978
9 1988 6.1 29.95 0 0 0 "CD" 1988
9 1989 11.9333333333333 28.1833333333333 0 0 0 "CD" 1989
9 2010 3 26.9 0 0 0 "CD" 2010
10 1970 0 29.8387096774194 0 0 0 "CD" 1970
10 1971 0 29.1822580645161 0 0 0 "CD" 1971
10 1972 0.032258064516129 30.5903225806452 0 0 0 "CD" 1972
10 1973 0.0709677419354839 30.4709677419355 0 0 0 "CD" 1973
10 1974 0 29.5516129032258 0 0 0 "CD" 1974
10 1975 0 28.8016129032258 0 0 0 "CD" 1975
10 1976 0.303225806451613 30.4983870967742 0 0 0 "CD" 1976
10 1977 0.212903225806452 28.7983870967742 0 0 0 "CD" 1977
10 1978 0.183870967741935 30.1322580645161 0 0 0 "CD" 1978
11 1970 0 27.8083333333333 0 0 0 "CD" 1970
11 1971 0 27.9566666666667 0 0 0 "CD" 1971
11 1972 0 27.3183333333333 0 0 0 "CD" 1972
11 1973 0.00666666666666667 27.125 0 0 0 "CD" 1973
11 1974 0 28.2383333333333 0 0 0 "CD" 1974
11 1975 0 28.2216666666667 0 0 0 "CD" 1975
11 1976 0 28.065 0 0 0 "CD" 1976
11 1977 0 27.59 0 0 0 "CD" 1977
11 1978 0 26.46875 0 0 0 "CD" 1978
12 1970 0 24.9032258064516 0 0 0 "CD" 1970
12 1971 0 24.1564516129032 0 0 0 "CD" 1971
12 1972 0 26.9516129032258 0 0 0 "CD" 1972
12 1973 0 26.2887096774194 0 0 0 "CD" 1973
12 1974 0 24.1403225806452 0 0 0 "CD" 1974
12 1975 0 24.3 0 0 0 "CD" 1975
12 1976 0 26.7532258064516 0 0 0 "CD" 1976
12 1977 0 24.3903225806452 0 0 0 "CD" 1977
12 1978 0 25.8370967741935 0 0 0 "CD" 1978
1 1970 0 27.3973684210526 0 0 0 "CD" 1970
1 1971 0 25.2467741935484 0 0 0 "CD" 1971
1 1972 0 26.1709677419355 0 0 0 "CD" 1972
1 1973 0 27.6161290322581 0 0 0 "CD" 1973
1 1974 0 25.591935483871 0 0 0 "CD" 1974
1 1975 0 25.1129032258065 0 0 0 "CD" 1975
1 1976 0 26.6225806451613 0 0 0 "CD" 1976
1 1977 0 26.6112903225806 0 0 0 "CD" 1977
1 1978 0 25.9274193548387 0 0 0 "CD" 1978
1 1979 0 27.15 0 0 0 "CD" 1979
2 1970 0 28.9107142857143 0 0 0 "CD" 1970
2 1971 0 29.0714285714286 0 0 0 "CD" 1971
2 1972 0 28.8948275862069 0 0 0 "CD" 1972
2 1973 0 31.1785714285714 0 0 0 "CD" 1973
2 1974 0 28.9321428571429 0 0 0 "CD" 1974
2 1975 0 29.4589285714286 0 0 0 "CD" 1975
2 1976 0 30.6206896551724 0 0 0 "CD" 1976
2 1977 0 27.9892857142857 0 0 0 "CD" 1977
2 1978 0 29.6321428571429 0 0 0 "CD" 1978
2 1979 0 29.5 0 0 0 "CD" 1979
3 1970 0 31.6903225806452 0 0 0 "CD" 1970
3 1971 0 33.6322580645161 0 0 0 "CD" 1971
3 1972 0.00645161290322581 33.0887096774194 0 0 0 "CD" 1972
3 1973 0 32.8225806451613 0 0 0 "CD" 1973
3 1974 0 31.5790322580645 0 0 0 "CD" 1974
3 1975 0 33.0532258064516 0 0 0 "CD" 1975
3 1976 0 31.4790322580645 0 0 0 "CD" 1976
3 1977 0 31.4616666666667 0 0 0 "CD" 1977
3 1978 0 32.4822580645161 0 0 0 "CD" 1978
4 1970 0.0733333333333333 34.1733333333333 0 0 0 "CD" 1970
4 1971 0.01 33.8616666666667 0 0 0 "CD" 1971
4 1972 0.99 33.6666666666667 0 0 0 "CD" 1972
4 1973 0.0266666666666667 35.0433333333333 0 0 0 "CD" 1973
4 1974 0 34.2516666666667 0 0 0 "CD" 1974
4 1975 0.173333333333333 34.4183333333333 0 0 0 "CD" 1975
4 1976 0.183333333333333 33.4116666666667 0 0 0 "CD" 1976
4 1977 0 34.4966666666667 0 0 0 "CD" 1977
4 1978 1.37666666666667 33.5016666666667 0 0 0 "CD" 1978
5 1970 0.683870967741935 33.891935483871 0 0 0 "CD" 1970
5 1971 0.229032258064516 33.5838709677419 0 0 0 "CD" 1971
5 1972 1.96129032258065 32.4129032258065 0 0 0 "CD" 1972
5 1973 0.954838709677419 33.3645161290323 0 0 0 "CD" 1973
5 1974 1.31290322580645 32.6677419354839 0 0 0 "CD" 1974
5 1975 0.9 33.5112903225806 0 0 0 "CD" 1975
5 1976 1.2741935483871 32.8161290322581 0 0 0 "CD" 1976
5 1977 1.10645161290323 33.1983870967742 0 0 0 "CD" 1977
5 1978 0.280645161290323 33.041935483871 0 0 0 "CD" 1978
6 1970 1.25 31.7616666666667 0 0 0 "CD" 1970
6 1971 1.66666666666667 31.5716666666667 0 0 0 "CD" 1971
6 1972 2.09666666666667 30.4016666666667 0 0 0 "CD" 1972
6 1973 1.01 32.56 0 0 0 "CD" 1973
6 1974 1.31333333333333 31.68 0 0 0 "CD" 1974
6 1975 0.973333333333333 31.5116666666667 0 0 0 "CD" 1975
6 1976 4.31 29.82 0 0 0 "CD" 1976
6 1977 2.83333333333333 30.735 0 0 0 "CD" 1977
6 1978 5.18666666666667 29.8333333333333 0 0 0 "CD" 1978
7 1970 5.8 28.4387096774194 0 0 0 "CD" 1970
7 1971 3.31290322580645 28.3693548387097 0 0 0 "CD" 1971
7 1972 4.8258064516129 28.8387096774194 0 0 0 "CD" 1972
7 1973 5.08387096774194 29.5467741935484 0 0 0 "CD" 1973
7 1974 7.21935483870968 26.3564516129032 0 0 0 "CD" 1974
7 1975 9.98064516129032 26.5145161290323 0 0 0 "CD" 1975
7 1976 5.29032258064516 27.25 0 0 0 "CD" 1976
7 1977 8.15806451612903 27.2822580645161 0 0 0 "CD" 1977
7 1978 6.40322580645161 26.8870967741935 0 0 0 "CD" 1978
8 1970 15.6677419354839 25.8016129032258 0 0 0 "CD" 1970
8 1971 9.75483870967742 25.9145161290323 0 0 0 "CD" 1971
8 1972 9.35806451612903 26.7112903225806 0 0 0 "CD" 1972
8 1973 6.86774193548387 26.7290322580645 0 0 0 "CD" 1973
8 1974 8.34193548387097 26.4758064516129 0 0 0 "CD" 1974
8 1975 7.21290322580645 25.3806451612903 0 0 0 "CD" 1975
8 1976 4.88387096774194 26.758064516129 0 0 0 "CD" 1976
8 1977 8.86774193548387 25.8258064516129 0 0 0 "CD" 1977
8 1978 4.64193548387097 26.5564516129032 0 0 0 "CD" 1978
9 1970 3.15 26.9583333333333 0 0 0 "CD" 1970
9 1971 2.99666666666667 27.1683333333333 0 0 0 "CD" 1971
9 1972 2.06333333333333 28.065 0 0 0 "CD" 1972
9 1973 2.77666666666667 27.7733333333333 0 0 0 "CD" 1973
9 1974 4.54666666666667 26.9066666666667 0 0 0 "CD" 1974
9 1975 5.97666666666667 26.1433333333333 0 0 0 "CD" 1975
9 1976 5.47666666666667 27.4133333333333 0 0 0 "CD" 1976
9 1977 3.33333333333333 27.95 0 0 0 "CD" 1977
9 1978 1.34 27.8833333333333 0 0 0 "CD" 1978
10 1970 0.151612903225806 28.5177419354839 0 0 0 "CD" 1970
10 1971 0.0258064516129032 29.6629032258065 0 0 0 "CD" 1971
10 1972 0.693548387096774 29.7967741935484 0 0 0 "CD" 1972
10 1973 0.838709677419355 29.1887096774194 0 0 0 "CD" 1973
10 1974 0.161290322580645 29.6306451612903 0 0 0 "CD" 1974
10 1975 0.306451612903226 28.7435483870968 0 0 0 "CD" 1975
10 1976 1.89677419354839 28.5870967741935 0 0 0 "CD" 1976
10 1977 0.638709677419355 28.7983870967742 0 0 0 "CD" 1977
10 1978 1.09666666666667 29.6233333333333 0 0 0 "CD" 1978
11 1970 0 28.7183333333333 0 0 0 "CD" 1970
11 1971 0 28.4733333333333 0 0 0 "CD" 1971
11 1972 0 27.6883333333333 0 0 0 "CD" 1972
11 1973 0 27.65 0 0 0 "CD" 1973
11 1974 0 29.2816666666667 0 0 0 "CD" 1974
11 1975 0 28.79 0 0 0 "CD" 1975
11 1976 0 28.3516666666667 0 0 0 "CD" 1976
11 1977 0 28.5316666666667 0 0 0 "CD" 1977
11 1978 0 27.4285714285714 0 0 0 "CD" 1978
12 1970 0 26.0145161290323 0 0 0 "CD" 1970
12 1971 0 25.1629032258065 0 0 0 "CD" 1971
12 1972 0 27.5483870967742 0 0 0 "CD" 1972
12 1973 0 27.8338709677419 0 0 0 "CD" 1973
12 1974 0 25.608064516129 0 0 0 "CD" 1974
12 1975 0 25.2677419354839 0 0 0 "CD" 1975
12 1976 0 27.7322580645161 0 0 0 "CD" 1976
12 1977 0 25.6112903225806 0 0 0 "CD" 1977
12 1978 0 27.2274193548387 0 0 0 "CD" 1978
1 1970 0 24.0129032258065 0 0 0 "CD" 1970
1 1971 0 22.9354838709677 0 0 0 "CD" 1971
1 1972 0 24.1612903225806 0 0 0 "CD" 1972
1 1973 0 25.9548387096774 0 0 0 "CD" 1973
1 1974 0 23.9064516129032 0 0 0 "CD" 1974
1 1975 0 22.7661290322581 0 0 0 "CD" 1975
1 1976 0 24.6435483870968 0 0 0 "CD" 1976
1 1977 0 24.4822580645161 0 0 0 "CD" 1977
1 1978 0 24.5935483870968 0 0 0 "CD" 1978
1 1979 0 25.5 0 0 0 "CD" 1979
2 1970 0 27.1339285714286 0 0 0 "CD" 1970
2 1971 0 27.3678571428571 0 0 0 "CD" 1971
2 1972 0 27.0913793103448 0 0 0 "CD" 1972
2 1973 0 29.3392857142857 0 0 0 "CD" 1973
2 1974 0 27.7017857142857 0 0 0 "CD" 1974
2 1975 0 28.3160714285714 0 0 0 "CD" 1975
2 1976 0 28.498275862069 0 0 0 "CD" 1976
2 1977 0 27.2339285714286 0 0 0 "CD" 1977
2 1978 0 28.9053571428571 0 0 0 "CD" 1978
2 1979 0 27 0 0 0 "CD" 1979
2 1991 0 31.15 0 0 0 "CD" 1991
2 2004 0 30.1 0 0 0 "CD" 2004
3 1970 0.135483870967742 30.2548387096774 0 0 0 "CD" 1970
3 1971 0.412903225806452 31 0 0 0 "CD" 1971
3 1972 0.296774193548387 31.5435483870968 0 0 0 "CD" 1972
3 1973 0 31.3612903225806 0 0 0 "CD" 1973
3 1974 0.0580645161290323 30.458064516129 0 0 0 "CD" 1974
3 1975 0.148387096774194 30.6822580645161 0 0 0 "CD" 1975
3 1976 0.0967741935483871 30.3741935483871 0 0 0 "CD" 1976
3 1977 0 30.2032258064516 0 0 0 "CD" 1977
3 1978 0.0193548387096774 30.9951612903226 0 0 0 "CD" 1978
3 1992 4.1 29.75 0 0 0 "CD" 1992
3 2004 0 28.4666666666667 0 0 0 "CD" 2004
4 1970 0.52 31.075 0 0 0 "CD" 1970
4 1971 1.35 30.4466666666667 0 0 0 "CD" 1971
4 1972 3.61333333333333 30.005 0 0 0 "CD" 1972
4 1973 0.31 31.7716666666667 0 0 0 "CD" 1973
4 1974 1.30333333333333 30.8983333333333 0 0 0 "CD" 1974
4 1975 1.66333333333333 31.3116666666667 0 0 0 "CD" 1975
4 1976 0.616666666666667 31.06 0 0 0 "CD" 1976
4 1977 0.66 31.73 0 0 0 "CD" 1977
4 1978 1.52333333333333 30.5166666666667 0 0 0 "CD" 1978
4 1989 2 30.25 0 0 0 "CD" 1989
4 1991 4.45 29.025 0 0 0 "CD" 1991
4 1992 6.8 30.1625 0 0 0 "CD" 1992
4 1993 3.55 29.65 0 0 0 "CD" 1993
4 1994 1.42 31.19 0 0 0 "CD" 1994
5 1970 3.13870967741935 29.3758064516129 0 0 0 "CD" 1970
5 1971 1.31290322580645 30.1354838709677 0 0 0 "CD" 1971
5 1972 2.90967741935484 28.2838709677419 0 0 0 "CD" 1972
5 1973 2.35806451612903 29.7145161290323 0 0 0 "CD" 1973
5 1974 5.09032258064516 28.3903225806452 0 0 0 "CD" 1974
5 1975 3.79032258064516 29.6483870967742 0 0 0 "CD" 1975
5 1976 2.68709677419355 28.9725806451613 0 0 0 "CD" 1976
5 1977 3.75161290322581 30.141935483871 0 0 0 "CD" 1977
5 1978 4.2258064516129 28.6564516129032 0 0 0 "CD" 1978
5 1988 8 27.475 0 0 0 "CD" 1988
5 1990 14 28.75 0 0 0 "CD" 1990
5 1991 11.725 27.775 0 0 0 "CD" 1991
5 1992 0 26.75 0 0 0 "CD" 1992
5 1993 10.55 28.7166666666667 0 0 0 "CD" 1993
5 1994 4.48333333333333 29.0916666666667 0 0 0 "CD" 1994
5 1995 0 29.7 0 0 0 "CD" 1995
5 2003 10.9 27.9 0 0 0 "CD" 2003
6 1970 5.50333333333333 27.2433333333333 0 0 0 "CD" 1970
6 1971 3.03 27.1533333333333 0 0 0 "CD" 1971
6 1972 3.95862068965517 27.0431034482759 0 0 0 "CD" 1972
6 1973 3.61333333333333 28.3283333333333 0 0 0 "CD" 1973
6 1974 4.28666666666667 26.38 0 0 0 "CD" 1974
6 1975 8 27.2133333333333 0 0 0 "CD" 1975
6 1976 5.34 26.325 0 0 0 "CD" 1976
6 1977 5.59 27.4883333333333 0 0 0 "CD" 1977
6 1978 4.09333333333333 26.78 0 0 0 "CD" 1978
6 1988 2.9 26.6666666666667 0 0 0 "CD" 1988
6 1989 6.35 26.7833333333333 0 0 0 "CD" 1989
6 1990 18.975 26.5 0 0 0 "CD" 1990
6 1991 27.95 27.375 0 0 0 "CD" 1991
6 1993 0.5 26.675 0 0 0 "CD" 1993
6 1994 9.76666666666667 26.8566666666667 0 0 0 "CD" 1994
6 1995 25.9 27.75 0 0 0 "CD" 1995
6 2004 0 27.85 0 0 0 "CD" 2004
7 1970 12.0354838709677 25.1887096774194 0 0 0 "CD" 1970
7 1971 5.90967741935484 25.3145161290323 0 0 0 "CD" 1971
7 1972 5.10645161290323 26.5467741935484 0 0 0 "CD" 1972
7 1973 8.53225806451613 26.191935483871 0 0 0 "CD" 1973
7 1974 9.29032258064516 24.8177419354839 0 0 0 "CD" 1974
7 1975 7.92258064516129 25.3725806451613 0 0 0 "CD" 1975
7 1976 6.66451612903226 25.6838709677419 0 0 0 "CD" 1976
7 1977 9.10967741935484 25.55 0 0 0 "CD" 1977
7 1978 7.24838709677419 25.6854838709677 0 0 0 "CD" 1978
7 1987 1 26.7 0 0 0 "CD" 1987
7 1989 14.025 25.9875 0 0 0 "CD" 1989
7 1990 4.62 25.8 0 0 0 "CD" 1990
7 1991 2 26.925 0 0 0 "CD" 1991
7 1992 8.22 26.04 0 0 0 "CD" 1992
7 1993 3.05 27.5 0 0 0 "CD" 1993
7 1994 10.0636363636364 26.2409090909091 0 0 0 "CD" 1994
7 2000 4.1 24.95 0 0 0 "CD" 2000
8 1970 10.2741935483871 25.0483870967742 0 0 0 "CD" 1970
8 1971 13.5193548387097 24.5870967741935 0 0 0 "CD" 1971
8 1972 9.88064516129032 25.4983870967742 0 0 0 "CD" 1972
8 1973 10.0870967741935 25.3741935483871 0 0 0 "CD" 1973
8 1974 6.79032258064516 25.25 0 0 0 "CD" 1974
8 1975 7.33548387096774 25.0096774193548 0 0 0 "CD" 1975
8 1976 12.7161290322581 25.05 0 0 0 "CD" 1976
8 1977 8.75483870967742 25.0903225806452 0 0 0 "CD" 1977
8 1978 14.5290322580645 25.7645161290323 0 0 0 "CD" 1978
8 1988 13.78 24.94 0 0 0 "CD" 1988
8 1989 4.95 25.5625 0 0 0 "CD" 1989
8 1990 8.15555555555556 25.9944444444444 0 0 0 "CD" 1990
8 1991 10.01 25.865 0 0 0 "CD" 1991
8 1992 6.48125 25.665625 0 0 0 "CD" 1992
8 1993 6.325 26.46875 0 0 0 "CD" 1993
8 1994 17.8090909090909 25.0636363636364 0 0 0 "CD" 1994
9 1970 9.26666666666667 25.095 0 0 0 "CD" 1970
9 1971 5.82 25.2683333333333 0 0 0 "CD" 1971
9 1972 10.0666666666667 25.9966666666667 0 0 0 "CD" 1972
9 1973 6.98666666666667 25.6883333333333 0 0 0 "CD" 1973
9 1974 3.46666666666667 25.2966666666667 0 0 0 "CD" 1974
9 1975 6.99666666666667 25.03 0 0 0 "CD" 1975
9 1976 7.13666666666667 25.8333333333333 0 0 0 "CD" 1976
9 1977 4.87666666666667 26.2916666666667 0 0 0 "CD" 1977
9 1978 6.16 25.6566666666667 0 0 0 "CD" 1978
9 1987 39.9 26.75 0 0 0 "CD" 1987
9 1988 15.75 25.8333333333333 0 0 0 "CD" 1988
9 1989 7.37142857142857 26.2464285714286 0 0 0 "CD" 1989
9 1990 6.28181818181818 26.5 0 0 0 "CD" 1990
9 1991 5.95 26.1875 0 0 0 "CD" 1991
9 1992 11.08 25 0 0 0 "CD" 1992
9 1993 5.44285714285714 26.3214285714286 0 0 0 "CD" 1993
9 1994 12.2666666666667 25.6625 0 0 0 "CD" 1994
9 2000 17 27.05 0 0 0 "CD" 2000
10 1970 0.0741935483870968 27.3322580645161 0 0 0 "CD" 1970
10 1971 1.33870967741935 27.0403225806452 0 0 0 "CD" 1971
10 1972 1.82258064516129 26.9983870967742 0 0 0 "CD" 1972
10 1973 2.83870967741935 26.8758064516129 0 0 0 "CD" 1973
10 1974 3.31290322580645 26.5935483870968 0 0 0 "CD" 1974
10 1975 2.35483870967742 26.6096774193548 0 0 0 "CD" 1975
10 1976 3.22903225806452 26.6241935483871 0 0 0 "CD" 1976
10 1977 0.903225806451613 26.8161290322581 0 0 0 "CD" 1977
10 1978 0.941935483870968 27.0935483870968 0 0 0 "CD" 1978
10 1987 9.05 26.375 0 0 0 "CD" 1987
10 1988 10.05 26.9 0 0 0 "CD" 1988
10 1989 6.96 26.33 0 0 0 "CD" 1989
10 1990 6.45 27.05 0 0 0 "CD" 1990
10 1991 9.36666666666667 25.9055555555556 0 0 0 "CD" 1991
10 1992 14.6333333333333 26.2833333333333 0 0 0 "CD" 1992
10 1993 1.8 27.75 0 0 0 "CD" 1993
10 1994 2.03333333333333 26.85 0 0 0 "CD" 1994
11 1970 0 25.9783333333333 0 0 0 "CD" 1970
11 1971 0 25.495 0 0 0 "CD" 1971
11 1972 0 24.97 0 0 0 "CD" 1972
11 1973 0 24.92 0 0 0 "CD" 1973
11 1974 0 26.2616666666667 0 0 0 "CD" 1974
11 1975 0.646666666666667 26.6833333333333 0 0 0 "CD" 1975
11 1976 0.213333333333333 25.715 0 0 0 "CD" 1976
11 1977 0 26.04 0 0 0 "CD" 1977
11 1978 0 25.2916666666667 0 0 0 "CD" 1978
11 1990 0.3 27.2 0 0 0 "CD" 1990
11 1991 0.3 26.65 0 0 0 "CD" 1991
12 1970 0 23.6725806451613 0 0 0 "CD" 1970
12 1971 0 23.6161290322581 0 0 0 "CD" 1971
12 1972 0 24.8048387096774 0 0 0 "CD" 1972
12 1973 0 24.5451612903226 0 0 0 "CD" 1973
12 1974 0 23.1016129032258 0 0 0 "CD" 1974
12 1975 0 23.6983870967742 0 0 0 "CD" 1975
12 1976 0 24.2903225806452 0 0 0 "CD" 1976
12 1977 0 23.5967741935484 0 0 0 "CD" 1977
12 1978 0 24.3838709677419 0 0 0 "CD" 1978
1 1977 0 25.7222222222222 0 0 0 "CD" 1977
1 1978 0 23.3333333333333 0 0 0 "CD" 1978
1 1979 0 24.3333333333333 0 0 0 "CD" 1979
2 1977 0 24.8181818181818 0 0 0 "CD" 1977
2 1978 0 27.5 0 0 0 "CD" 1978
2 1979 1.975 26.25 0 0 0 "CD" 1979
3 1974 0 30.75 0 0 0 "CD" 1974
3 1977 0 27.9545454545455 0 0 0 "CD" 1977
3 1978 0 30.8928571428571 0 0 0 "CD" 1978
4 1974 0 34.75 0 0 0 "CD" 1974
4 1977 0 33.1111111111111 0 0 0 "CD" 1977
4 1978 0 34.6875 0 0 0 "CD" 1978
5 1974 0 34.5 0 0 0 "CD" 1974
5 1977 0 34.65 0 0 0 "CD" 1977
5 1978 0 34.0833333333333 0 0 0 "CD" 1978
6 1973 0 34.5 0 0 0 "CD" 1973
6 1977 0.51 33.3 0 0 0 "CD" 1977
6 1978 0 30 0 0 0 "CD" 1978
7 1973 0 32.125 0 0 0 "CD" 1973
7 1974 6.1 28 0 0 0 "CD" 1974
7 1977 0.88421052631579 30.9736842105263 0 0 0 "CD" 1977
7 1978 5.38 29.7 0 0 0 "CD" 1978
8 1973 0 31 0 0 0 "CD" 1973
8 1974 1.23333333333333 27.1666666666667 0 0 0 "CD" 1974
8 1977 6.33333333333333 27.8 0 0 0 "CD" 1977
8 1978 1.2375 28.6875 0 0 0 "CD" 1978
9 1973 0 30.8571428571429 0 0 0 "CD" 1973
9 1974 2.36666666666667 27.8333333333333 0 0 0 "CD" 1974
9 1977 0 28.7692307692308 0 0 0 "CD" 1977
10 1973 0 31.5 0 0 0 "CD" 1973
10 1974 0 31 0 0 0 "CD" 1974
10 1976 0.908333333333333 30.25 0 0 0 "CD" 1976
10 1977 0 28.5 0 0 0 "CD" 1977
10 1978 0 29.5 0 0 0 "CD" 1978
11 1973 0 24.75 0 0 0 "CD" 1973
11 1976 0 28.95 0 0 0 "CD" 1976
11 1977 0 26.8461538461538 0 0 0 "CD" 1977
11 1978 0 25.8888888888889 0 0 0 "CD" 1978
12 1973 0 26.5 0 0 0 "CD" 1973
12 1974 0 22.5 0 0 0 "CD" 1974
12 1976 0 25.3571428571429 0 0 0 "CD" 1976
12 1977 0 23.4285714285714 0 0 0 "CD" 1977
12 1978 0 25.9166666666667 0 0 0 "CD" 1978
1 1975 0 16 0 0 0 "CD" 1975
1 1977 0 20.1923076923077 0 0 0 "CD" 1977
2 1974 0 25 0 0 0 "CD" 1974
2 1977 0 21.5 0 0 0 "CD" 1977
3 1974 0 26.8333333333333 0 0 0 "CD" 1974
3 1977 0 23.5833333333333 0 0 0 "CD" 1977
4 1974 0 34.5 0 0 0 "CD" 1974
4 1977 0 29.4166666666667 0 0 0 "CD" 1977
5 1974 0 33 0 0 0 "CD" 1974
5 1977 0 34.5 0 0 0 "CD" 1977
6 1973 0 32.5 0 0 0 "CD" 1973
6 1974 0 35.5 0 0 0 "CD" 1974
7 1973 0 33.25 0 0 0 "CD" 1973
8 1973 0 33 0 0 0 "CD" 1973
8 1974 0 33.8333333333333 0 0 0 "CD" 1974
9 1973 0 33.125 0 0 0 "CD" 1973
9 1974 0.2 32.3 0 0 0 "CD" 1974
9 1976 0 33 0 0 0 "CD" 1976
10 1973 0 31.3333333333333 0 0 0 "CD" 1973
10 1974 0 31 0 0 0 "CD" 1974
10 1976 0 31 0 0 0 "CD" 1976
10 1977 0 30.5 0 0 0 "CD" 1977
11 1973 0 21.5 0 0 0 "CD" 1973
11 1974 0 23 0 0 0 "CD" 1974
11 1976 0 24.4090909090909 0 0 0 "CD" 1976
12 1973 0 21.5 0 0 0 "CD" 1973
12 1974 0 18 0 0 0 "CD" 1974
12 1976 0 22.4545454545455 0 0 0 "CD" 1976
1 1977 0 25.8636363636364 0 0 0 "CD" 1977
1 1978 0 25.0357142857143 0 0 0 "CD" 1978
1 1979 0 26.375 0 0 0 "CD" 1979
1 2004 0 29.125 0 0 0 "CD" 2004
2 1977 0 27.4615384615385 0 0 0 "CD" 1977
2 1978 0 28.8181818181818 0 0 0 "CD" 1978
2 1979 0 26 0 0 0 "CD" 1979
2 2005 0 30.55 0 0 0 "CD" 2005
3 1974 0 30 0 0 0 "CD" 1974
3 1977 0 30.4615384615385 0 0 0 "CD" 1977
3 1978 0 30.1052631578947 0 0 0 "CD" 1978
3 2004 0 31.4166666666667 0 0 0 "CD" 2004
4 1974 0 31.3333333333333 0 0 0 "CD" 1974
4 1977 0 32.8181818181818 0 0 0 "CD" 1977
4 1978 0.185714285714286 31.4285714285714 0 0 0 "CD" 1978
4 1991 7.9 29.25 0 0 0 "CD" 1991
4 2004 0 32 0 0 0 "CD" 2004
5 1974 0 27 0 0 0 "CD" 1974
5 1977 0.61875 31.5625 0 0 0 "CD" 1977
5 1978 3.35789473684211 30.4473684210526 0 0 0 "CD" 1978
5 1991 10.3 26.6333333333333 0 0 0 "CD" 1991
5 2004 0 31 0 0 0 "CD" 2004
5 2010 0 34.05 0 0 0 "CD" 2010
6 1973 0 29.25 0 0 0 "CD" 1973
6 1974 12.55 24.5 0 0 0 "CD" 1974
6 1977 3.6 29.3 0 0 0 "CD" 1977
6 1978 5.63636363636364 28.2727272727273 0 0 0 "CD" 1978
6 1990 4.95 28.475 0 0 0 "CD" 1990
6 1991 12.0333333333333 27.0833333333333 0 0 0 "CD" 1991
6 2004 0 30.75 0 0 0 "CD" 2004
7 1973 0.25 29.5 0 0 0 "CD" 1973
7 1974 8 25.75 0 0 0 "CD" 1974
7 1977 4.48666666666667 26.5333333333333 0 0 0 "CD" 1977
7 1978 3.3375 25.75 0 0 0 "CD" 1978
7 1990 32 24.5 0 0 0 "CD" 1990
7 1991 18.9 26.0166666666667 0 0 0 "CD" 1991
7 2004 16 23 0 0 0 "CD" 2004
8 1973 0 27.25 0 0 0 "CD" 1973
8 1974 10.0375 26.5 0 0 0 "CD" 1974
8 1977 6.00666666666667 26.1 0 0 0 "CD" 1977
8 1978 5.9 25.7777777777778 0 0 0 "CD" 1978
8 1988 6.225 25.05 0 0 0 "CD" 1988
8 1990 7.9875 26.04375 0 0 0 "CD" 1990
8 1991 6.45714285714286 26.1357142857143 0 0 0 "CD" 1991
8 2004 12.7 26.25 0 0 0 "CD" 2004
9 1973 0.333333333333333 27.3333333333333 0 0 0 "CD" 1973
9 1974 0 26.5 0 0 0 "CD" 1974
9 1976 0 27.5 0 0 0 "CD" 1976
9 1977 0 27.75 0 0 0 "CD" 1977
9 1978 12.6 25.5714285714286 0 0 0 "CD" 1978
9 1988 10.1 25.76 0 0 0 "CD" 1988
9 1990 8.5 28.35 0 0 0 "CD" 1990
9 1991 2.75 28.0666666666667 0 0 0 "CD" 1991
9 2004 11.55 26.3 0 0 0 "CD" 2004
10 1973 0 28 0 0 0 "CD" 1973
10 1974 0 28.1666666666667 0 0 0 "CD" 1974
10 1976 0 27.7727272727273 0 0 0 "CD" 1976
10 1978 0 25.75 0 0 0 "CD" 1978
10 1991 3.66666666666667 27.775 0 0 0 "CD" 1991
11 1973 0 25.25 0 0 0 "CD" 1973
11 1976 0 26.8 0 0 0 "CD" 1976
11 1977 0 25.8846153846154 0 0 0 "CD" 1977
11 1978 0 25.3846153846154 0 0 0 "CD" 1978
11 1990 4.1 29.85 0 0 0 "CD" 1990
12 1974 0 23.5 0 0 0 "CD" 1974
12 1976 5.55555555555556 26 0 0 0 "CD" 1976
12 1977 0 24.1666666666667 0 0 0 "CD" 1977
12 1978 0 25.8461538461538 0 0 0 "CD" 1978
