"MONTH" "YEAR" "ave_mo_t" "opium_t" "mj_t" "coca_t" "fips" "year"
1 1958 26.675 0 0 0 "CE" 1958
1 1963 26.9 0 0 0 "CE" 1963
1 1969 27.4333333333333 0 0 0 "CE" 1969
1 1970 26.075 0 0 0 "CE" 1970
1 1971 25.9166666666667 0 0 0 "CE" 1971
1 1982 27.25 0 0 0 "CE" 1982
1 1983 26.7777777777778 0 0 0 "CE" 1983
1 1984 26.2236842105263 0 0 0 "CE" 1984
1 1985 27.0615384615385 0 0 0 "CE" 1985
1 1986 25.42 0 0 0 "CE" 1986
1 1987 26.7473684210526 0 0 0 "CE" 1987
1 1988 27.4090909090909 0 0 0 "CE" 1988
1 1989 26.54375 0 0 0 "CE" 1989
1 1990 26.3815789473684 0 0 0 "CE" 1990
1 1991 26.64 0 0 0 "CE" 1991
1 1992 26.3347826086957 0 0 0 "CE" 1992
1 1993 26.5173913043478 0 0 0 "CE" 1993
1 1994 26.55 0 0 0 "CE" 1994
1 1995 26.9875 0 0 0 "CE" 1995
1 1996 26.5904761904762 0 0 0 "CE" 1996
1 1997 26.82 0 0 0 "CE" 1997
1 2001 25.9 0 0 0 "CE" 2001
1 2002 27.4 0 0 0 "CE" 2002
1 2003 26.4666666666667 0 0 0 "CE" 2003
1 2004 27.9444444444444 0 0 0 "CE" 2004
1 2010 27.5578947368421 0 0 0 "CE" 2010
1 2011 26.6152173913043 0 0 0 "CE" 2011
1 2012 27.55 0 0 0 "CE" 2012
1 2013 27.5211538461538 0 0 0 "CE" 2013
1 2017 27.8 0 0 0 "CE" 2017
1 2019 27.875 0 0 0 "CE" 2019
2 1962 26.7 0 0 0 "CE" 1962
2 1963 26.75 0 0 0 "CE" 1963
2 1964 26.175 0 0 0 "CE" 1964
2 1966 27.2 0 0 0 "CE" 1966
2 1967 26.475 0 0 0 "CE" 1967
2 1970 26.55 0 0 0 "CE" 1970
2 1971 26.4 0 0 0 "CE" 1971
2 1982 26.6 0 0 0 "CE" 1982
2 1983 26.8227272727273 0 0 0 "CE" 1983
2 1984 25.7111111111111 0 0 0 "CE" 1984
2 1985 27.0633333333333 0 0 0 "CE" 1985
2 1986 26.3764705882353 0 0 0 "CE" 1986
2 1987 26.5394736842105 0 0 0 "CE" 1987
2 1988 26.48 0 0 0 "CE" 1988
2 1989 26.1785714285714 0 0 0 "CE" 1989
2 1990 27.9041666666667 0 0 0 "CE" 1990
2 1991 26.6068181818182 0 0 0 "CE" 1991
2 1992 26.3652173913043 0 0 0 "CE" 1992
2 1993 26.9369565217391 0 0 0 "CE" 1993
2 1994 26.7441176470588 0 0 0 "CE" 1994
2 1995 26.5795454545455 0 0 0 "CE" 1995
2 1996 26.5933333333333 0 0 0 "CE" 1996
2 1997 27.0117647058824 0 0 0 "CE" 1997
2 1998 28.365 0 0 0 "CE" 1998
2 2001 26.91 0 0 0 "CE" 2001
2 2002 27.7083333333333 0 0 0 "CE" 2002
2 2003 27.805 0 0 0 "CE" 2003
2 2004 27.9692307692308 0 0 0 "CE" 2004
2 2010 28.23 0 0 0 "CE" 2010
2 2011 26.85 0 0 0 "CE" 2011
2 2012 27.7977272727273 0 0 0 "CE" 2012
2 2013 27.5952380952381 0 0 0 "CE" 2013
2 2015 28.625 0 0 0 "CE" 2015
2 2018 28.25 0 0 0 "CE" 2018
3 1958 26.9333333333333 0 0 0 "CE" 1958
3 1962 27.09 0 0 0 "CE" 1962
3 1964 27.4 0 0 0 "CE" 1964
3 1966 26.5375 0 0 0 "CE" 1966
3 1968 27.2 0 0 0 "CE" 1968
3 1971 27.025 0 0 0 "CE" 1971
3 1982 27.265625 0 0 0 "CE" 1982
3 1983 27.69 0 0 0 "CE" 1983
3 1984 26.916 0 0 0 "CE" 1984
3 1985 27.5695652173913 0 0 0 "CE" 1985
3 1986 26.9166666666667 0 0 0 "CE" 1986
3 1987 27.7134615384615 0 0 0 "CE" 1987
3 1988 28.5166666666667 0 0 0 "CE" 1988
3 1989 26.5833333333333 0 0 0 "CE" 1989
3 1990 28.2166666666667 0 0 0 "CE" 1990
3 1991 28.0195652173913 0 0 0 "CE" 1991
3 1992 27.025 0 0 0 "CE" 1992
3 1993 27.38 0 0 0 "CE" 1993
3 1994 27.6638888888889 0 0 0 "CE" 1994
3 1995 27.7788461538462 0 0 0 "CE" 1995
3 1996 27.7136363636364 0 0 0 "CE" 1996
3 1997 27.8190476190476 0 0 0 "CE" 1997
3 1998 28.8533333333333 0 0 0 "CE" 1998
3 2001 27.7 0 0 0 "CE" 2001
3 2002 28.92 0 0 0 "CE" 2002
3 2003 28.4642857142857 0 0 0 "CE" 2003
3 2004 27.5444444444444 0 0 0 "CE" 2004
3 2010 28.7333333333333 0 0 0 "CE" 2010
3 2011 27.956 0 0 0 "CE" 2011
3 2012 28.184 0 0 0 "CE" 2012
3 2013 28.6092592592593 0 0 0 "CE" 2013
3 2014 26.2 0 0 0 "CE" 2014
3 2018 27.65 0 0 0 "CE" 2018
4 1958 28.07 0 0 0 "CE" 1958
4 1963 26.7 0 0 0 "CE" 1963
4 1967 27.45 0 0 0 "CE" 1967
4 1968 27.905 0 0 0 "CE" 1968
4 1969 28.0166666666667 0 0 0 "CE" 1969
4 1971 27.975 0 0 0 "CE" 1971
4 1982 28.25 0 0 0 "CE" 1982
4 1983 28.897619047619 0 0 0 "CE" 1983
4 1984 27.8416666666667 0 0 0 "CE" 1984
4 1985 28.6145833333333 0 0 0 "CE" 1985
4 1986 27.7761904761905 0 0 0 "CE" 1986
4 1987 28.2947368421053 0 0 0 "CE" 1987
4 1988 28.175 0 0 0 "CE" 1988
4 1989 28.2904761904762 0 0 0 "CE" 1989
4 1990 28.6678571428571 0 0 0 "CE" 1990
4 1991 28.5323529411765 0 0 0 "CE" 1991
4 1992 28.6227272727273 0 0 0 "CE" 1992
4 1993 28.6725 0 0 0 "CE" 1993
4 1994 27.840625 0 0 0 "CE" 1994
4 1995 28.6555555555556 0 0 0 "CE" 1995
4 1996 27.98 0 0 0 "CE" 1996
4 1997 28.2973684210526 0 0 0 "CE" 1997
4 1998 29.75 0 0 0 "CE" 1998
4 2001 27.82 0 0 0 "CE" 2001
4 2002 28.2928571428571 0 0 0 "CE" 2002
4 2003 28.5545454545455 0 0 0 "CE" 2003
4 2004 28.2541666666667 0 0 0 "CE" 2004
4 2011 28.0166666666667 0 0 0 "CE" 2011
4 2012 28.3363636363636 0 0 0 "CE" 2012
4 2013 29.4368421052632 0 0 0 "CE" 2013
5 1958 27.95 0 0 0 "CE" 1958
5 1966 27.75 0 0 0 "CE" 1966
5 1967 28.35 0 0 0 "CE" 1967
5 1968 28.6 0 0 0 "CE" 1968
5 1969 26.875 0 0 0 "CE" 1969
5 1982 27.7666666666667 0 0 0 "CE" 1982
5 1983 28.6333333333333 0 0 0 "CE" 1983
5 1984 28.7464285714286 0 0 0 "CE" 1984
5 1985 28.72 0 0 0 "CE" 1985
5 1986 27.8166666666667 0 0 0 "CE" 1986
5 1988 28.6125 0 0 0 "CE" 1988
5 1989 28.1423076923077 0 0 0 "CE" 1989
5 1990 28.8125 0 0 0 "CE" 1990
5 1991 28.8083333333333 0 0 0 "CE" 1991
5 1992 28.4275 0 0 0 "CE" 1992
5 1993 28.3375 0 0 0 "CE" 1993
5 1994 29.075 0 0 0 "CE" 1994
5 1995 27.7604166666667 0 0 0 "CE" 1995
5 1996 28.6272727272727 0 0 0 "CE" 1996
5 1997 27.575 0 0 0 "CE" 1997
5 1998 30.1 0 0 0 "CE" 1998
5 2001 29.33 0 0 0 "CE" 2001
5 2002 26.6833333333333 0 0 0 "CE" 2002
5 2003 28.3178571428571 0 0 0 "CE" 2003
5 2004 27.9708333333333 0 0 0 "CE" 2004
5 2010 28.5125 0 0 0 "CE" 2010
5 2011 28.7391304347826 0 0 0 "CE" 2011
5 2012 28.296 0 0 0 "CE" 2012
5 2013 28.7619047619048 0 0 0 "CE" 2013
5 2014 28.3 0 0 0 "CE" 2014
6 1958 27.35 0 0 0 "CE" 1958
6 1962 26.45 0 0 0 "CE" 1962
6 1966 27.2 0 0 0 "CE" 1966
6 1967 27 0 0 0 "CE" 1967
6 1969 27.675 0 0 0 "CE" 1969
6 1970 28.7 0 0 0 "CE" 1970
6 1973 27.9690476190476 0 0 0 "CE" 1973
6 1982 27.0090909090909 0 0 0 "CE" 1982
6 1983 28.271875 0 0 0 "CE" 1983
6 1984 28.1083333333333 0 0 0 "CE" 1984
6 1985 25.7973684210526 0 0 0 "CE" 1985
6 1986 29.5022727272727 0 0 0 "CE" 1986
6 1987 29.6147058823529 0 0 0 "CE" 1987
6 1988 28.31875 0 0 0 "CE" 1988
6 1989 27.6772727272727 0 0 0 "CE" 1989
6 1990 26.775 0 0 0 "CE" 1990
6 1991 27.6153846153846 0 0 0 "CE" 1991
6 1992 28.6666666666667 0 0 0 "CE" 1992
6 1993 27.7203703703704 0 0 0 "CE" 1993
6 1994 28.78 0 0 0 "CE" 1994
6 1995 27.642 0 0 0 "CE" 1995
6 1996 27.7625 0 0 0 "CE" 1996
6 1997 28.2714285714286 0 0 0 "CE" 1997
6 1998 29.0285714285714 0 0 0 "CE" 1998
6 2001 28.0166666666667 0 0 0 "CE" 2001
6 2002 26.9 0 0 0 "CE" 2002
6 2003 28.3583333333333 0 0 0 "CE" 2003
6 2004 27.955 0 0 0 "CE" 2004
6 2010 28.2086956521739 0 0 0 "CE" 2010
6 2011 29.2176470588235 0 0 0 "CE" 2011
6 2012 28.005 0 0 0 "CE" 2012
6 2013 28.0729166666667 0 0 0 "CE" 2013
6 2014 30.6 0 0 0 "CE" 2014
6 2016 29.4 0 0 0 "CE" 2016
7 1958 27.13125 0 0 0 "CE" 1958
7 1961 25 0 0 0 "CE" 1961
7 1966 25.45 0 0 0 "CE" 1966
7 1968 26.68 0 0 0 "CE" 1968
7 1970 27.725 0 0 0 "CE" 1970
7 1971 26.95 0 0 0 "CE" 1971
7 1973 27.3857142857143 0 0 0 "CE" 1973
7 1982 26.4794117647059 0 0 0 "CE" 1982
7 1983 28.4458333333333 0 0 0 "CE" 1983
7 1984 28.5416666666667 0 0 0 "CE" 1984
7 1985 27.2675 0 0 0 "CE" 1985
7 1986 28.298 0 0 0 "CE" 1986
7 1987 28.0068181818182 0 0 0 "CE" 1987
7 1988 27.5375 0 0 0 "CE" 1988
7 1989 26.71 0 0 0 "CE" 1989
7 1990 27.73 0 0 0 "CE" 1990
7 1991 28.2433333333333 0 0 0 "CE" 1991
7 1992 27.59375 0 0 0 "CE" 1992
7 1993 27.1846153846154 0 0 0 "CE" 1993
7 1994 28.825 0 0 0 "CE" 1994
7 1995 28.7555555555556 0 0 0 "CE" 1995
7 1996 27.5789473684211 0 0 0 "CE" 1996
7 1997 28.4045454545455 0 0 0 "CE" 1997
7 1998 28.4692307692308 0 0 0 "CE" 1998
7 2001 29.0375 0 0 0 "CE" 2001
7 2002 28.3 0 0 0 "CE" 2002
7 2003 28.5944444444444 0 0 0 "CE" 2003
7 2004 28.8111111111111 0 0 0 "CE" 2004
7 2010 28.4863636363636 0 0 0 "CE" 2010
7 2011 28.6666666666667 0 0 0 "CE" 2011
7 2012 28.76 0 0 0 "CE" 2012
7 2013 28.00625 0 0 0 "CE" 2013
7 2014 30.675 0 0 0 "CE" 2014
7 2015 30 0 0 0 "CE" 2015
7 2016 30.85 0 0 0 "CE" 2016
7 2018 29.8666666666667 0 0 0 "CE" 2018
8 1958 25.9875 0 0 0 "CE" 1958
8 1962 26.8625 0 0 0 "CE" 1962
8 1964 25.65 0 0 0 "CE" 1964
8 1965 27.3 0 0 0 "CE" 1965
8 1967 26.0833333333333 0 0 0 "CE" 1967
8 1969 26.425 0 0 0 "CE" 1969
8 1970 26.7083333333333 0 0 0 "CE" 1970
8 1971 28 0 0 0 "CE" 1971
8 1982 27.4611111111111 0 0 0 "CE" 1982
8 1983 27.65 0 0 0 "CE" 1983
8 1984 28.4826086956522 0 0 0 "CE" 1984
8 1985 26.8875 0 0 0 "CE" 1985
8 1986 26.6125 0 0 0 "CE" 1986
8 1987 26.9916666666667 0 0 0 "CE" 1987
8 1988 28.7375 0 0 0 "CE" 1988
8 1989 26.05 0 0 0 "CE" 1989
8 1990 28.9111111111111 0 0 0 "CE" 1990
8 1991 28.0340909090909 0 0 0 "CE" 1991
8 1992 27.95 0 0 0 "CE" 1992
8 1993 27.3227272727273 0 0 0 "CE" 1993
8 1994 27.1431818181818 0 0 0 "CE" 1994
8 1995 27.1055555555556 0 0 0 "CE" 1995
8 1996 28.4681818181818 0 0 0 "CE" 1996
8 1997 28.4166666666667 0 0 0 "CE" 1997
8 1998 28.1192307692308 0 0 0 "CE" 1998
8 2001 28.525 0 0 0 "CE" 2001
8 2002 27.49 0 0 0 "CE" 2002
8 2003 27.9633333333333 0 0 0 "CE" 2003
8 2004 28.9777777777778 0 0 0 "CE" 2004
8 2010 28.626 0 0 0 "CE" 2010
8 2011 28.22 0 0 0 "CE" 2011
8 2012 28.1673913043478 0 0 0 "CE" 2012
8 2013 27.9055555555556 0 0 0 "CE" 2013
8 2014 29 0 0 0 "CE" 2014
8 2017 29.8 0 0 0 "CE" 2017
8 2018 29.45 0 0 0 "CE" 2018
9 1958 26.7642857142857 0 0 0 "CE" 1958
9 1961 26.09 0 0 0 "CE" 1961
9 1964 26.225 0 0 0 "CE" 1964
9 1966 26.35 0 0 0 "CE" 1966
9 1967 26.58 0 0 0 "CE" 1967
9 1968 25.2 0 0 0 "CE" 1968
9 1969 27.86 0 0 0 "CE" 1969
9 1970 27.3 0 0 0 "CE" 1970
9 1982 27.9522727272727 0 0 0 "CE" 1982
9 1983 27.3 0 0 0 "CE" 1983
9 1984 27.7409090909091 0 0 0 "CE" 1984
9 1985 27.2205882352941 0 0 0 "CE" 1985
9 1986 26.8342105263158 0 0 0 "CE" 1986
9 1987 27.7763157894737 0 0 0 "CE" 1987
9 1988 28.62 0 0 0 "CE" 1988
9 1990 28.347619047619 0 0 0 "CE" 1990
9 1991 28.2607142857143 0 0 0 "CE" 1991
9 1992 27.5595238095238 0 0 0 "CE" 1992
9 1993 27.4354166666667 0 0 0 "CE" 1993
9 1994 26.975 0 0 0 "CE" 1994
9 1995 27.92 0 0 0 "CE" 1995
9 1996 27.2325 0 0 0 "CE" 1996
9 1997 27.175 0 0 0 "CE" 1997
9 1998 28.825 0 0 0 "CE" 1998
9 2001 28.3777777777778 0 0 0 "CE" 2001
9 2002 28.1318181818182 0 0 0 "CE" 2002
9 2003 27.95 0 0 0 "CE" 2003
9 2004 27.095 0 0 0 "CE" 2004
9 2009 27.2391304347826 0 0 0 "CE" 2009
9 2010 28.2613636363636 0 0 0 "CE" 2010
9 2011 27.825 0 0 0 "CE" 2011
9 2012 27.8590909090909 0 0 0 "CE" 2012
9 2013 27.495 0 0 0 "CE" 2013
9 2015 26.9 0 0 0 "CE" 2015
10 1957 25.85 0 0 0 "CE" 1957
10 1958 25 0 0 0 "CE" 1958
10 1963 27.3 0 0 0 "CE" 1963
10 1966 26.2 0 0 0 "CE" 1966
10 1967 26.2333333333333 0 0 0 "CE" 1967
10 1968 27.475 0 0 0 "CE" 1968
10 1969 26.45 0 0 0 "CE" 1969
10 1970 27.75 0 0 0 "CE" 1970
10 1982 26.9928571428571 0 0 0 "CE" 1982
10 1983 27.234375 0 0 0 "CE" 1983
10 1984 27.159375 0 0 0 "CE" 1984
10 1985 26.5608695652174 0 0 0 "CE" 1985
10 1986 26.7634615384615 0 0 0 "CE" 1986
10 1987 27.4466666666667 0 0 0 "CE" 1987
10 1988 28.1117647058824 0 0 0 "CE" 1988
10 1989 27.2277777777778 0 0 0 "CE" 1989
10 1990 28.0323529411765 0 0 0 "CE" 1990
10 1991 27.2590909090909 0 0 0 "CE" 1991
10 1992 27.55 0 0 0 "CE" 1992
10 1993 26.8666666666667 0 0 0 "CE" 1993
10 1994 26.5727272727273 0 0 0 "CE" 1994
10 1995 27.6777777777778 0 0 0 "CE" 1995
10 1996 27.5611111111111 0 0 0 "CE" 1996
10 1997 26.7785714285714 0 0 0 "CE" 1997
10 1998 28.0735294117647 0 0 0 "CE" 1998
10 2000 27.4 0 0 0 "CE" 2000
10 2001 28.2111111111111 0 0 0 "CE" 2001
10 2002 27.4 0 0 0 "CE" 2002
10 2003 27.9833333333333 0 0 0 "CE" 2003
10 2004 26.9954545454545 0 0 0 "CE" 2004
10 2009 28.0190476190476 0 0 0 "CE" 2009
10 2010 28.4913043478261 0 0 0 "CE" 2010
10 2011 28.2545454545455 0 0 0 "CE" 2011
10 2012 27.625 0 0 0 "CE" 2012
10 2013 27.5119047619048 0 0 0 "CE" 2013
10 2015 26.35 0 0 0 "CE" 2015
10 2017 27.35 0 0 0 "CE" 2017
11 1957 25.3 0 0 0 "CE" 1957
11 1958 26.8178571428571 0 0 0 "CE" 1958
11 1964 27.7 0 0 0 "CE" 1964
11 1965 26.375 0 0 0 "CE" 1965
11 1967 26.2833333333333 0 0 0 "CE" 1967
11 1968 25.75 0 0 0 "CE" 1968
11 1969 26.7 0 0 0 "CE" 1969
11 1970 27.2666666666667 0 0 0 "CE" 1970
11 1982 26.5204545454545 0 0 0 "CE" 1982
11 1983 27.178125 0 0 0 "CE" 1983
11 1984 26.6066666666667 0 0 0 "CE" 1984
11 1985 26.3894736842105 0 0 0 "CE" 1985
11 1986 26.83125 0 0 0 "CE" 1986
11 1987 27.6130434782609 0 0 0 "CE" 1987
11 1988 26.9625 0 0 0 "CE" 1988
11 1989 27.55 0 0 0 "CE" 1989
11 1990 27.0729166666667 0 0 0 "CE" 1990
11 1991 26.7678571428571 0 0 0 "CE" 1991
11 1992 27.25 0 0 0 "CE" 1992
11 1993 26.9166666666667 0 0 0 "CE" 1993
11 1994 25.9833333333333 0 0 0 "CE" 1994
11 1995 27.79 0 0 0 "CE" 1995
11 1996 27.0578947368421 0 0 0 "CE" 1996
11 1997 26.8666666666667 0 0 0 "CE" 1997
11 1998 27.3423076923077 0 0 0 "CE" 1998
11 2000 26.9071428571429 0 0 0 "CE" 2000
11 2001 27.2357142857143 0 0 0 "CE" 2001
11 2002 27.0638888888889 0 0 0 "CE" 2002
11 2003 27.1 0 0 0 "CE" 2003
11 2004 27.09 0 0 0 "CE" 2004
11 2009 26.803125 0 0 0 "CE" 2009
11 2010 27.5261904761905 0 0 0 "CE" 2010
11 2011 27.7326086956522 0 0 0 "CE" 2011
11 2012 27.4214285714286 0 0 0 "CE" 2012
11 2013 27.975 0 0 0 "CE" 2013
11 2014 25.05 0 0 0 "CE" 2014
11 2015 26.2 0 0 0 "CE" 2015
11 2017 25.6 0 0 0 "CE" 2017
11 2018 25.3 0 0 0 "CE" 2018
12 1957 24.4125 0 0 0 "CE" 1957
12 1958 27.025 0 0 0 "CE" 1958
12 1963 26.825 0 0 0 "CE" 1963
12 1966 24.95 0 0 0 "CE" 1966
12 1969 26.6625 0 0 0 "CE" 1969
12 1970 26.2666666666667 0 0 0 "CE" 1970
12 1982 26.1423076923077 0 0 0 "CE" 1982
12 1983 26.440625 0 0 0 "CE" 1983
12 1984 26.6590909090909 0 0 0 "CE" 1984
12 1985 25.88 0 0 0 "CE" 1985
12 1986 26.675 0 0 0 "CE" 1986
12 1987 27.0711538461538 0 0 0 "CE" 1987
12 1988 26.325 0 0 0 "CE" 1988
12 1989 27.15 0 0 0 "CE" 1989
12 1990 26.5357142857143 0 0 0 "CE" 1990
12 1991 26.2083333333333 0 0 0 "CE" 1991
12 1992 26.3305555555556 0 0 0 "CE" 1992
12 1993 26.7 0 0 0 "CE" 1993
12 1994 27.2678571428571 0 0 0 "CE" 1994
12 1995 26.3642857142857 0 0 0 "CE" 1995
12 1996 26.5428571428571 0 0 0 "CE" 1996
12 1998 26.8 0 0 0 "CE" 1998
12 2000 26.95 0 0 0 "CE" 2000
12 2001 26.8611111111111 0 0 0 "CE" 2001
12 2002 26.8318181818182 0 0 0 "CE" 2002
12 2003 27.1892857142857 0 0 0 "CE" 2003
12 2004 26.3166666666667 0 0 0 "CE" 2004
12 2009 27.2692307692308 0 0 0 "CE" 2009
12 2010 26.9442307692308 0 0 0 "CE" 2010
12 2011 26.9047619047619 0 0 0 "CE" 2011
12 2012 27.3113636363636 0 0 0 "CE" 2012
12 2014 26.2 0 0 0 "CE" 2014
12 2015 26.325 0 0 0 "CE" 2015
12 2017 26.6 0 0 0 "CE" 2017
1 1970 15.125 0 0 0 "CE" 1970
1 1971 15.6166666666667 0 0 0 "CE" 1971
1 1982 14.9375 0 0 0 "CE" 1982
1 1983 14.6583333333333 0 0 0 "CE" 1983
1 1984 15.2880952380952 0 0 0 "CE" 1984
1 1985 15.42 0 0 0 "CE" 1985
1 1986 14.6625 0 0 0 "CE" 1986
1 1987 15.4095238095238 0 0 0 "CE" 1987
1 1988 14.75 0 0 0 "CE" 1988
1 1989 14.8526315789474 0 0 0 "CE" 1989
1 1990 14.425 0 0 0 "CE" 1990
1 1991 15.2894736842105 0 0 0 "CE" 1991
1 1992 14.5294117647059 0 0 0 "CE" 1992
1 1993 14.3288461538462 0 0 0 "CE" 1993
1 1994 15.3428571428571 0 0 0 "CE" 1994
1 1995 15.4 0 0 0 "CE" 1995
1 1996 14.4934782608696 0 0 0 "CE" 1996
1 1997 14.305 0 0 0 "CE" 1997
1 2001 15.3333333333333 0 0 0 "CE" 2001
1 2002 15.9875 0 0 0 "CE" 2002
1 2003 15.1944444444444 0 0 0 "CE" 2003
1 2004 15.8111111111111 0 0 0 "CE" 2004
1 2010 15.62 0 0 0 "CE" 2010
1 2011 15.0479166666667 0 0 0 "CE" 2011
1 2012 14.6259259259259 0 0 0 "CE" 2012
1 2013 15.1 0 0 0 "CE" 2013
1 2014 14.9772727272727 0 0 0 "CE" 2014
1 2015 14.775 0 0 0 "CE" 2015
1 2016 15.9934782608696 0 0 0 "CE" 2016
1 2017 14.0235294117647 0 0 0 "CE" 2017
1 2018 14.6315789473684 0 0 0 "CE" 2018
1 2019 15.1928571428571 0 0 0 "CE" 2019
2 1970 15.0875 0 0 0 "CE" 1970
2 1971 13.075 0 0 0 "CE" 1971
2 1982 14.8105263157895 0 0 0 "CE" 1982
2 1983 16.5086956521739 0 0 0 "CE" 1983
2 1984 15.15 0 0 0 "CE" 1984
2 1985 16.2428571428571 0 0 0 "CE" 1985
2 1986 14.74 0 0 0 "CE" 1986
2 1987 15.1555555555556 0 0 0 "CE" 1987
2 1988 15.8 0 0 0 "CE" 1988
2 1989 14.955 0 0 0 "CE" 1989
2 1990 16.04 0 0 0 "CE" 1990
2 1991 15.4588235294118 0 0 0 "CE" 1991
2 1992 14.5071428571429 0 0 0 "CE" 1992
2 1993 14.7555555555556 0 0 0 "CE" 1993
2 1994 15.1807692307692 0 0 0 "CE" 1994
2 1995 15.4238095238095 0 0 0 "CE" 1995
2 1996 15.1875 0 0 0 "CE" 1996
2 1997 14.91 0 0 0 "CE" 1997
2 1998 16.6045454545455 0 0 0 "CE" 1998
2 1999 15.9 0 0 0 "CE" 1999
2 2001 16.63125 0 0 0 "CE" 2001
2 2002 15.9727272727273 0 0 0 "CE" 2002
2 2003 16.3916666666667 0 0 0 "CE" 2003
2 2004 16.0464285714286 0 0 0 "CE" 2004
2 2010 16.8966666666667 0 0 0 "CE" 2010
2 2011 15.5239130434783 0 0 0 "CE" 2011
2 2012 15.102380952381 0 0 0 "CE" 2012
2 2013 15.3295454545455 0 0 0 "CE" 2013
2 2014 15.6157894736842 0 0 0 "CE" 2014
2 2015 14.8021739130435 0 0 0 "CE" 2015
2 2016 16.45 0 0 0 "CE" 2016
2 2017 14.4 0 0 0 "CE" 2017
2 2018 15.8088235294118 0 0 0 "CE" 2018
3 1970 17.45 0 0 0 "CE" 1970
3 1971 16.75 0 0 0 "CE" 1971
3 1982 16.0875 0 0 0 "CE" 1982
3 1983 17.0113636363636 0 0 0 "CE" 1983
3 1984 16.54375 0 0 0 "CE" 1984
3 1985 15.1333333333333 0 0 0 "CE" 1985
3 1986 16.0340909090909 0 0 0 "CE" 1986
3 1987 16.8380952380952 0 0 0 "CE" 1987
3 1988 17.525 0 0 0 "CE" 1988
3 1989 15.8882352941176 0 0 0 "CE" 1989
3 1990 17.3666666666667 0 0 0 "CE" 1990
3 1991 16.5026315789474 0 0 0 "CE" 1991
3 1992 16.39 0 0 0 "CE" 1992
3 1993 15.97 0 0 0 "CE" 1993
3 1994 16.2576923076923 0 0 0 "CE" 1994
3 1995 16.4026315789474 0 0 0 "CE" 1995
3 1996 16.297619047619 0 0 0 "CE" 1996
3 1997 16.6704545454545 0 0 0 "CE" 1997
3 1998 17.8964285714286 0 0 0 "CE" 1998
3 2000 17.6 0 0 0 "CE" 2000
3 2001 16.55 0 0 0 "CE" 2001
3 2002 16.71875 0 0 0 "CE" 2002
3 2003 16.2428571428571 0 0 0 "CE" 2003
3 2004 16.6833333333333 0 0 0 "CE" 2004
3 2010 17.105 0 0 0 "CE" 2010
3 2011 15.8634615384615 0 0 0 "CE" 2011
3 2012 15.462 0 0 0 "CE" 2012
3 2013 16.6384615384615 0 0 0 "CE" 2013
3 2014 16.3307692307692 0 0 0 "CE" 2014
3 2015 16.0875 0 0 0 "CE" 2015
3 2016 16.9181818181818 0 0 0 "CE" 2016
3 2017 16.054347826087 0 0 0 "CE" 2017
3 2018 16.56875 0 0 0 "CE" 2018
4 1970 17.0166666666667 0 0 0 "CE" 1970
4 1982 16.4431818181818 0 0 0 "CE" 1982
4 1983 17.9657894736842 0 0 0 "CE" 1983
4 1984 17.36 0 0 0 "CE" 1984
4 1986 17.025 0 0 0 "CE" 1986
4 1987 17.8823529411765 0 0 0 "CE" 1987
4 1989 17.0666666666667 0 0 0 "CE" 1989
4 1990 17.75 0 0 0 "CE" 1990
4 1991 17.235 0 0 0 "CE" 1991
4 1992 17.6441176470588 0 0 0 "CE" 1992
4 1993 17.4133333333333 0 0 0 "CE" 1993
4 1994 16.7590909090909 0 0 0 "CE" 1994
4 1995 17.6230769230769 0 0 0 "CE" 1995
4 1996 17.247619047619 0 0 0 "CE" 1996
4 1997 16.9266666666667 0 0 0 "CE" 1997
4 1998 18.5666666666667 0 0 0 "CE" 1998
4 2001 17.3625 0 0 0 "CE" 2001
4 2002 17.6722222222222 0 0 0 "CE" 2002
4 2003 17.2730769230769 0 0 0 "CE" 2003
4 2004 17.4090909090909 0 0 0 "CE" 2004
4 2010 17.79 0 0 0 "CE" 2010
4 2011 16.3982142857143 0 0 0 "CE" 2011
4 2012 16.6446428571429 0 0 0 "CE" 2012
4 2013 17.382 0 0 0 "CE" 2013
4 2014 17.0152173913043 0 0 0 "CE" 2014
4 2015 16.5083333333333 0 0 0 "CE" 2015
4 2016 17.797619047619 0 0 0 "CE" 2016
4 2017 16.4590909090909 0 0 0 "CE" 2017
4 2018 17.24 0 0 0 "CE" 2018
5 1970 18.65 0 0 0 "CE" 1970
5 1982 16.6880952380952 0 0 0 "CE" 1982
5 1983 18.0975 0 0 0 "CE" 1983
5 1984 17.2458333333333 0 0 0 "CE" 1984
5 1986 17.7239130434783 0 0 0 "CE" 1986
5 1988 17.98 0 0 0 "CE" 1988
5 1989 17.2115384615385 0 0 0 "CE" 1989
5 1990 17.0571428571429 0 0 0 "CE" 1990
5 1991 17.2125 0 0 0 "CE" 1991
5 1992 17.3272727272727 0 0 0 "CE" 1992
5 1993 17.1772727272727 0 0 0 "CE" 1993
5 1994 16.35 0 0 0 "CE" 1994
5 1995 17.2195652173913 0 0 0 "CE" 1995
5 1996 17.7119047619048 0 0 0 "CE" 1996
5 1997 17.2807692307692 0 0 0 "CE" 1997
5 1998 18.7142857142857 0 0 0 "CE" 1998
5 1999 16.05 0 0 0 "CE" 1999
5 2001 17.7192307692308 0 0 0 "CE" 2001
5 2002 17.52 0 0 0 "CE" 2002
5 2003 17.5617647058824 0 0 0 "CE" 2003
5 2004 16.3166666666667 0 0 0 "CE" 2004
5 2006 15.85 0 0 0 "CE" 2006
5 2010 17.8404761904762 0 0 0 "CE" 2010
5 2011 17.1703703703704 0 0 0 "CE" 2011
5 2012 17.5907407407407 0 0 0 "CE" 2012
5 2013 17.77 0 0 0 "CE" 2013
5 2014 17.575 0 0 0 "CE" 2014
5 2015 17.6395833333333 0 0 0 "CE" 2015
5 2016 17.5555555555556 0 0 0 "CE" 2016
5 2017 17.368 0 0 0 "CE" 2017
5 2018 17.0982142857143 0 0 0 "CE" 2018
6 1969 16.1 0 0 0 "CE" 1969
6 1970 16.51875 0 0 0 "CE" 1970
6 1971 13.85 0 0 0 "CE" 1971
6 1973 16.6294117647059 0 0 0 "CE" 1973
6 1982 16.0423076923077 0 0 0 "CE" 1982
6 1983 17.4904761904762 0 0 0 "CE" 1983
6 1984 15.5285714285714 0 0 0 "CE" 1984
6 1986 16.39 0 0 0 "CE" 1986
6 1987 16.5760869565217 0 0 0 "CE" 1987
6 1988 16.625 0 0 0 "CE" 1988
6 1989 15.44 0 0 0 "CE" 1989
6 1990 16.04 0 0 0 "CE" 1990
6 1991 16.61 0 0 0 "CE" 1991
6 1992 15.57 0 0 0 "CE" 1992
6 1993 16.4391304347826 0 0 0 "CE" 1993
6 1994 16.04 0 0 0 "CE" 1994
6 1995 16.4152173913043 0 0 0 "CE" 1995
6 1996 15.47 0 0 0 "CE" 1996
6 1997 17.11 0 0 0 "CE" 1997
6 1998 17.0804347826087 0 0 0 "CE" 1998
6 1999 15.6583333333333 0 0 0 "CE" 1999
6 2001 16.07 0 0 0 "CE" 2001
6 2002 16.7333333333333 0 0 0 "CE" 2002
6 2003 17.95 0 0 0 "CE" 2003
6 2004 15.7958333333333 0 0 0 "CE" 2004
6 2010 16.7065217391304 0 0 0 "CE" 2010
6 2011 16.6761904761905 0 0 0 "CE" 2011
6 2012 16.6053571428571 0 0 0 "CE" 2012
6 2013 15.5766666666667 0 0 0 "CE" 2013
6 2014 16.5645833333333 0 0 0 "CE" 2014
6 2015 17.0717391304348 0 0 0 "CE" 2015
6 2016 16.3462962962963 0 0 0 "CE" 2016
6 2017 16.676 0 0 0 "CE" 2017
6 2018 16.2648148148148 0 0 0 "CE" 2018
7 1969 15.0833333333333 0 0 0 "CE" 1969
7 1970 14.7 0 0 0 "CE" 1970
7 1971 15.82 0 0 0 "CE" 1971
7 1973 16.29 0 0 0 "CE" 1973
7 1982 15.4071428571429 0 0 0 "CE" 1982
7 1983 16.19375 0 0 0 "CE" 1983
7 1984 15.17 0 0 0 "CE" 1984
7 1986 15.9211538461538 0 0 0 "CE" 1986
7 1987 16.4425 0 0 0 "CE" 1987
7 1989 16.2 0 0 0 "CE" 1989
7 1990 16.25 0 0 0 "CE" 1990
7 1991 16.1972222222222 0 0 0 "CE" 1991
7 1992 15.6941176470588 0 0 0 "CE" 1992
7 1993 15.204 0 0 0 "CE" 1993
7 1994 15.7772727272727 0 0 0 "CE" 1994
7 1995 16.15 0 0 0 "CE" 1995
7 1997 16.7875 0 0 0 "CE" 1997
7 1998 16.54 0 0 0 "CE" 1998
7 1999 15.65 0 0 0 "CE" 1999
7 2001 15.7045454545455 0 0 0 "CE" 2001
7 2002 15.6 0 0 0 "CE" 2002
7 2003 16.7272727272727 0 0 0 "CE" 2003
7 2004 15.9785714285714 0 0 0 "CE" 2004
7 2010 15.9696428571429 0 0 0 "CE" 2010
7 2011 15.9883333333333 0 0 0 "CE" 2011
7 2012 16.4089285714286 0 0 0 "CE" 2012
7 2013 15.5224137931034 0 0 0 "CE" 2013
7 2014 15.9375 0 0 0 "CE" 2014
7 2015 16.3326923076923 0 0 0 "CE" 2015
7 2016 16.504 0 0 0 "CE" 2016
7 2017 17.32 0 0 0 "CE" 2017
7 2018 16.0136363636364 0 0 0 "CE" 2018
8 1969 16.3166666666667 0 0 0 "CE" 1969
8 1970 15.1285714285714 0 0 0 "CE" 1970
8 1971 16.2 0 0 0 "CE" 1971
8 1982 15.8138888888889 0 0 0 "CE" 1982
8 1983 16.73125 0 0 0 "CE" 1983
8 1984 15.6425 0 0 0 "CE" 1984
8 1986 15.702 0 0 0 "CE" 1986
8 1987 16.1722222222222 0 0 0 "CE" 1987
8 1988 16.55 0 0 0 "CE" 1988
8 1989 15.3125 0 0 0 "CE" 1989
8 1990 15.0807692307692 0 0 0 "CE" 1990
8 1991 16.0947368421053 0 0 0 "CE" 1991
8 1992 15.6264705882353 0 0 0 "CE" 1992
8 1993 16.04 0 0 0 "CE" 1993
8 1994 15.85625 0 0 0 "CE" 1994
8 1995 15.9934782608696 0 0 0 "CE" 1995
8 1996 16.0785714285714 0 0 0 "CE" 1996
8 1997 16.4777777777778 0 0 0 "CE" 1997
8 1998 16.0763157894737 0 0 0 "CE" 1998
8 1999 15.3 0 0 0 "CE" 1999
8 2001 15.8433333333333 0 0 0 "CE" 2001
8 2002 16.1846153846154 0 0 0 "CE" 2002
8 2003 16.275 0 0 0 "CE" 2003
8 2004 16.396875 0 0 0 "CE" 2004
8 2009 17.4 0 0 0 "CE" 2009
8 2010 16.2722222222222 0 0 0 "CE" 2010
8 2011 16.355 0 0 0 "CE" 2011
8 2012 16.2965517241379 0 0 0 "CE" 2012
8 2013 16.0942307692308 0 0 0 "CE" 2013
8 2014 16.2384615384615 0 0 0 "CE" 2014
8 2015 16.7952380952381 0 0 0 "CE" 2015
8 2016 16.3045454545455 0 0 0 "CE" 2016
8 2017 16.609375 0 0 0 "CE" 2017
8 2018 16.1684210526316 0 0 0 "CE" 2018
9 1969 14.625 0 0 0 "CE" 1969
9 1970 16.3166666666667 0 0 0 "CE" 1970
9 1982 16.1289473684211 0 0 0 "CE" 1982
9 1983 15.6117647058824 0 0 0 "CE" 1983
9 1984 15.015 0 0 0 "CE" 1984
9 1985 15.7045454545455 0 0 0 "CE" 1985
9 1986 15.458 0 0 0 "CE" 1986
9 1987 16.7526315789474 0 0 0 "CE" 1987
9 1990 16.075 0 0 0 "CE" 1990
9 1991 16.3454545454545 0 0 0 "CE" 1991
9 1992 15.6638888888889 0 0 0 "CE" 1992
9 1993 15.9791666666667 0 0 0 "CE" 1993
9 1994 16.4666666666667 0 0 0 "CE" 1994
9 1995 16.197619047619 0 0 0 "CE" 1995
9 1996 15.8222222222222 0 0 0 "CE" 1996
9 1997 16.8 0 0 0 "CE" 1997
9 1998 15.9333333333333 0 0 0 "CE" 1998
9 1999 15.8 0 0 0 "CE" 1999
9 2001 16.1 0 0 0 "CE" 2001
9 2002 16.1 0 0 0 "CE" 2002
9 2003 16.07 0 0 0 "CE" 2003
9 2004 16.3076923076923 0 0 0 "CE" 2004
9 2009 16.4095238095238 0 0 0 "CE" 2009
9 2010 16.1903846153846 0 0 0 "CE" 2010
9 2011 16.398 0 0 0 "CE" 2011
9 2012 16.5692307692308 0 0 0 "CE" 2012
9 2013 15.5166666666667 0 0 0 "CE" 2013
9 2014 16.4092592592593 0 0 0 "CE" 2014
9 2015 16.806 0 0 0 "CE" 2015
9 2016 16.27 0 0 0 "CE" 2016
9 2017 16.4125 0 0 0 "CE" 2017
9 2018 16.39375 0 0 0 "CE" 2018
10 1969 15.775 0 0 0 "CE" 1969
10 1970 15.5 0 0 0 "CE" 1970
10 1982 16.3166666666667 0 0 0 "CE" 1982
10 1983 16.2 0 0 0 "CE" 1983
10 1984 14.659375 0 0 0 "CE" 1984
10 1985 15.554 0 0 0 "CE" 1985
10 1986 16.2269230769231 0 0 0 "CE" 1986
10 1987 17.1233333333333 0 0 0 "CE" 1987
10 1988 16.3466666666667 0 0 0 "CE" 1988
10 1990 16.36875 0 0 0 "CE" 1990
10 1991 15.8214285714286 0 0 0 "CE" 1991
10 1992 15.5357142857143 0 0 0 "CE" 1992
10 1993 16.3166666666667 0 0 0 "CE" 1993
10 1995 16.3074074074074 0 0 0 "CE" 1995
10 1996 17 0 0 0 "CE" 1996
10 1997 16.45 0 0 0 "CE" 1997
10 1998 15.9433333333333 0 0 0 "CE" 1998
10 1999 15.6 0 0 0 "CE" 1999
10 2000 15.6321428571429 0 0 0 "CE" 2000
10 2001 15.8321428571429 0 0 0 "CE" 2001
10 2002 16.1636363636364 0 0 0 "CE" 2002
10 2003 16.55 0 0 0 "CE" 2003
10 2004 16.0192307692308 0 0 0 "CE" 2004
10 2009 16.3264705882353 0 0 0 "CE" 2009
10 2010 15.8145833333333 0 0 0 "CE" 2010
10 2011 16.324 0 0 0 "CE" 2011
10 2012 16.2796296296296 0 0 0 "CE" 2012
10 2013 15.9857142857143 0 0 0 "CE" 2013
10 2014 16.6303571428571 0 0 0 "CE" 2014
10 2015 16.9071428571429 0 0 0 "CE" 2015
10 2016 15.9645833333333 0 0 0 "CE" 2016
10 2017 17.0875 0 0 0 "CE" 2017
10 2018 16.5 0 0 0 "CE" 2018
11 1969 15.8 0 0 0 "CE" 1969
11 1970 16.58 0 0 0 "CE" 1970
11 1982 15.997619047619 0 0 0 "CE" 1982
11 1983 15.3076923076923 0 0 0 "CE" 1983
11 1984 15.7333333333333 0 0 0 "CE" 1984
11 1985 15.5 0 0 0 "CE" 1985
11 1986 15.1210526315789 0 0 0 "CE" 1986
11 1987 16.0603448275862 0 0 0 "CE" 1987
11 1988 15.29 0 0 0 "CE" 1988
11 1989 16.63125 0 0 0 "CE" 1989
11 1990 15.9 0 0 0 "CE" 1990
11 1991 15.82 0 0 0 "CE" 1991
11 1992 15.71 0 0 0 "CE" 1992
11 1993 17.525 0 0 0 "CE" 1993
11 1995 16.1096153846154 0 0 0 "CE" 1995
11 1996 16.0125 0 0 0 "CE" 1996
11 1997 16.57 0 0 0 "CE" 1997
11 1998 16.2863636363636 0 0 0 "CE" 1998
11 2000 16.1875 0 0 0 "CE" 2000
11 2001 15.8666666666667 0 0 0 "CE" 2001
11 2002 16.1394736842105 0 0 0 "CE" 2002
11 2003 16.203125 0 0 0 "CE" 2003
11 2004 16.321875 0 0 0 "CE" 2004
11 2009 16.0176470588235 0 0 0 "CE" 2009
11 2010 15.9653846153846 0 0 0 "CE" 2010
11 2011 15.6211538461538 0 0 0 "CE" 2011
11 2012 15.952 0 0 0 "CE" 2012
11 2013 15.626 0 0 0 "CE" 2013
11 2014 15.8240740740741 0 0 0 "CE" 2014
11 2015 16.6173913043478 0 0 0 "CE" 2015
11 2016 15.9261904761905 0 0 0 "CE" 2016
11 2017 15.865625 0 0 0 "CE" 2017
11 2018 15.0375 0 0 0 "CE" 2018
12 1969 16.275 0 0 0 "CE" 1969
12 1970 14.825 0 0 0 "CE" 1970
12 1982 14.8907407407407 0 0 0 "CE" 1982
12 1983 15.8470588235294 0 0 0 "CE" 1983
12 1985 15.55 0 0 0 "CE" 1985
12 1986 16.0214285714286 0 0 0 "CE" 1986
12 1987 15.895652173913 0 0 0 "CE" 1987
12 1988 14.9454545454545 0 0 0 "CE" 1988
12 1989 15.5638888888889 0 0 0 "CE" 1989
12 1990 15.425 0 0 0 "CE" 1990
12 1991 15.0291666666667 0 0 0 "CE" 1991
12 1992 14.6966666666667 0 0 0 "CE" 1992
12 1993 15.75 0 0 0 "CE" 1993
12 1994 15.7964285714286 0 0 0 "CE" 1994
12 1995 14.6576923076923 0 0 0 "CE" 1995
12 1996 15.2230769230769 0 0 0 "CE" 1996
12 2000 15.4 0 0 0 "CE" 2000
12 2001 15.9714285714286 0 0 0 "CE" 2001
12 2002 15.9833333333333 0 0 0 "CE" 2002
12 2003 15.85 0 0 0 "CE" 2003
12 2004 15.79 0 0 0 "CE" 2004
12 2009 15.6916666666667 0 0 0 "CE" 2009
12 2010 15.248 0 0 0 "CE" 2010
12 2011 15.2291666666667 0 0 0 "CE" 2011
12 2012 15.5074074074074 0 0 0 "CE" 2012
12 2013 14.7954545454545 0 0 0 "CE" 2013
12 2014 15.9608695652174 0 0 0 "CE" 2014
12 2015 15.9434782608696 0 0 0 "CE" 2015
12 2016 15.4270833333333 0 0 0 "CE" 2016
12 2017 15.7904761904762 0 0 0 "CE" 2017
12 2018 14.95625 0 0 0 "CE" 2018
1 1958 26.5071428571429 0 0 0 "CE" 1958
1 1969 26.1 0 0 0 "CE" 1969
1 1970 26.25 0 0 0 "CE" 1970
1 1971 25 0 0 0 "CE" 1971
1 1983 26.3115384615385 0 0 0 "CE" 1983
1 1984 25.5333333333333 0 0 0 "CE" 1984
1 1985 26.95 0 0 0 "CE" 1985
1 1989 26.875 0 0 0 "CE" 1989
1 1991 26.025 0 0 0 "CE" 1991
1 1993 26.6769230769231 0 0 0 "CE" 1993
1 1994 25.75 0 0 0 "CE" 1994
1 1995 26.975 0 0 0 "CE" 1995
1 1996 25.5 0 0 0 "CE" 1996
1 2010 26.6307692307692 0 0 0 "CE" 2010
1 2011 23.3 0 0 0 "CE" 2011
1 2012 26.4185185185185 0 0 0 "CE" 2012
1 2013 25.8113636363636 0 0 0 "CE" 2013
1 2014 25.865 0 0 0 "CE" 2014
1 2015 26.5017857142857 0 0 0 "CE" 2015
1 2016 26.9804347826087 0 0 0 "CE" 2016
1 2017 25.8477272727273 0 0 0 "CE" 2017
1 2018 25.7020833333333 0 0 0 "CE" 2018
1 2019 26.16 0 0 0 "CE" 2019
2 1958 26.5 0 0 0 "CE" 1958
2 1962 26.7666666666667 0 0 0 "CE" 1962
2 1967 26.125 0 0 0 "CE" 1967
2 1968 28.6 0 0 0 "CE" 1968
2 1969 26.4 0 0 0 "CE" 1969
2 1970 26.95 0 0 0 "CE" 1970
2 1971 27.1333333333333 0 0 0 "CE" 1971
2 1982 26.66 0 0 0 "CE" 1982
2 1983 27.6611111111111 0 0 0 "CE" 1983
2 1984 26.15 0 0 0 "CE" 1984
2 1985 26.53 0 0 0 "CE" 1985
2 1986 27.35 0 0 0 "CE" 1986
2 1991 23.95 0 0 0 "CE" 1991
2 1993 27.2 0 0 0 "CE" 1993
2 1994 26.44 0 0 0 "CE" 1994
2 1995 27.05 0 0 0 "CE" 1995
2 1996 27.1 0 0 0 "CE" 1996
2 2003 25.95 0 0 0 "CE" 2003
2 2010 27.878125 0 0 0 "CE" 2010
2 2012 27.0954545454545 0 0 0 "CE" 2012
2 2013 26.7395833333333 0 0 0 "CE" 2013
2 2014 26.61 0 0 0 "CE" 2014
2 2015 26.7522727272727 0 0 0 "CE" 2015
2 2016 27.832 0 0 0 "CE" 2016
2 2017 26.3595238095238 0 0 0 "CE" 2017
2 2018 26.9934782608696 0 0 0 "CE" 2018
3 1958 28.16 0 0 0 "CE" 1958
3 1962 26.675 0 0 0 "CE" 1962
3 1964 28.475 0 0 0 "CE" 1964
3 1967 27.5 0 0 0 "CE" 1967
3 1968 26.62 0 0 0 "CE" 1968
3 1971 27.5 0 0 0 "CE" 1971
3 1982 28.4384615384615 0 0 0 "CE" 1982
3 1983 28.9227272727273 0 0 0 "CE" 1983
3 1984 26.95 0 0 0 "CE" 1984
3 1985 27.5875 0 0 0 "CE" 1985
3 1986 28.05 0 0 0 "CE" 1986
3 1987 29.35 0 0 0 "CE" 1987
3 1989 27.85 0 0 0 "CE" 1989
3 1991 26.55 0 0 0 "CE" 1991
3 1993 28.1333333333333 0 0 0 "CE" 1993
3 1994 28.1125 0 0 0 "CE" 1994
3 1995 28.65 0 0 0 "CE" 1995
3 1996 28.55 0 0 0 "CE" 1996
3 2010 29.045 0 0 0 "CE" 2010
3 2011 28.25 0 0 0 "CE" 2011
3 2012 27.8981481481481 0 0 0 "CE" 2012
3 2013 27.772 0 0 0 "CE" 2013
3 2014 28.1089285714286 0 0 0 "CE" 2014
3 2015 27.912962962963 0 0 0 "CE" 2015
3 2016 28.7625 0 0 0 "CE" 2016
3 2017 27.2095238095238 0 0 0 "CE" 2017
3 2018 27.8192307692308 0 0 0 "CE" 2018
4 1958 28.9666666666667 0 0 0 "CE" 1958
4 1967 28.6 0 0 0 "CE" 1967
4 1968 29.175 0 0 0 "CE" 1968
4 1982 30.1357142857143 0 0 0 "CE" 1982
4 1983 30.2708333333333 0 0 0 "CE" 1983
4 1984 29.3625 0 0 0 "CE" 1984
4 1985 27.7833333333333 0 0 0 "CE" 1985
4 1986 28.6875 0 0 0 "CE" 1986
4 1987 29.65 0 0 0 "CE" 1987
4 1989 29.57 0 0 0 "CE" 1989
4 1993 28.715 0 0 0 "CE" 1993
4 1994 28.65 0 0 0 "CE" 1994
4 1995 28.35 0 0 0 "CE" 1995
4 2001 27.5 0 0 0 "CE" 2001
4 2003 29.025 0 0 0 "CE" 2003
4 2009 27.9 0 0 0 "CE" 2009
4 2010 30.5447368421053 0 0 0 "CE" 2010
4 2011 28.766 0 0 0 "CE" 2011
4 2012 29.18125 0 0 0 "CE" 2012
4 2013 29.825 0 0 0 "CE" 2013
4 2014 29.5307692307692 0 0 0 "CE" 2014
4 2015 29.4071428571429 0 0 0 "CE" 2015
4 2016 30.3208333333333 0 0 0 "CE" 2016
4 2017 30.2844827586207 0 0 0 "CE" 2017
4 2018 29.1410714285714 0 0 0 "CE" 2018
5 1967 30.55 0 0 0 "CE" 1967
5 1968 30.1375 0 0 0 "CE" 1968
5 1969 29.45 0 0 0 "CE" 1969
5 1970 30 0 0 0 "CE" 1970
5 1982 30.22 0 0 0 "CE" 1982
5 1983 31.7363636363636 0 0 0 "CE" 1983
5 1984 29.875 0 0 0 "CE" 1984
5 1985 30.45 0 0 0 "CE" 1985
5 1992 31.75 0 0 0 "CE" 1992
5 1993 30.1142857142857 0 0 0 "CE" 1993
5 1995 29.725 0 0 0 "CE" 1995
5 1996 31 0 0 0 "CE" 1996
5 2003 31.95 0 0 0 "CE" 2003
5 2004 29.9 0 0 0 "CE" 2004
5 2006 30.75 0 0 0 "CE" 2006
5 2010 30.6777777777778 0 0 0 "CE" 2010
5 2011 30.6222222222222 0 0 0 "CE" 2011
5 2012 31.2961538461538 0 0 0 "CE" 2012
5 2013 30.4295454545455 0 0 0 "CE" 2013
5 2014 30.542 0 0 0 "CE" 2014
5 2015 30.1444444444444 0 0 0 "CE" 2015
5 2016 30.15625 0 0 0 "CE" 2016
5 2017 30.6521739130435 0 0 0 "CE" 2017
5 2018 28.7847826086957 0 0 0 "CE" 2018
6 1958 30.55 0 0 0 "CE" 1958
6 1969 30.55 0 0 0 "CE" 1969
6 1970 29.575 0 0 0 "CE" 1970
6 1971 28.6 0 0 0 "CE" 1971
6 1973 30.1153846153846 0 0 0 "CE" 1973
6 1982 30.1 0 0 0 "CE" 1982
6 1983 31.5541666666667 0 0 0 "CE" 1983
6 1984 29.5 0 0 0 "CE" 1984
6 1985 30.1 0 0 0 "CE" 1985
6 1989 28.475 0 0 0 "CE" 1989
6 1991 30.9 0 0 0 "CE" 1991
6 1993 30.66875 0 0 0 "CE" 1993
6 1994 29.1 0 0 0 "CE" 1994
6 1995 31.4 0 0 0 "CE" 1995
6 1996 30.45 0 0 0 "CE" 1996
6 2003 32.05 0 0 0 "CE" 2003
6 2010 31.2413043478261 0 0 0 "CE" 2010
6 2011 30.954347826087 0 0 0 "CE" 2011
6 2012 31.1480769230769 0 0 0 "CE" 2012
6 2013 29.872 0 0 0 "CE" 2013
6 2014 31.7652173913043 0 0 0 "CE" 2014
6 2015 30.5592592592593 0 0 0 "CE" 2015
6 2016 30.292 0 0 0 "CE" 2016
6 2017 31.4134615384615 0 0 0 "CE" 2017
6 2018 30.25 0 0 0 "CE" 2018
7 1964 28.05 0 0 0 "CE" 1964
7 1966 30 0 0 0 "CE" 1966
7 1967 29.0833333333333 0 0 0 "CE" 1967
7 1970 30 0 0 0 "CE" 1970
7 1973 30.4444444444444 0 0 0 "CE" 1973
7 1982 30.9555555555556 0 0 0 "CE" 1982
7 1984 30.35 0 0 0 "CE" 1984
7 1985 28.7071428571429 0 0 0 "CE" 1985
7 1991 28.05 0 0 0 "CE" 1991
7 1992 27.7 0 0 0 "CE" 1992
7 1993 30.81875 0 0 0 "CE" 1993
7 1995 30.375 0 0 0 "CE" 1995
7 1998 31 0 0 0 "CE" 1998
7 2010 30.4263157894737 0 0 0 "CE" 2010
7 2011 30.25 0 0 0 "CE" 2011
7 2012 31.1346153846154 0 0 0 "CE" 2012
7 2013 29.6018518518519 0 0 0 "CE" 2013
7 2014 31.4428571428571 0 0 0 "CE" 2014
7 2015 31.0965517241379 0 0 0 "CE" 2015
7 2016 30.126 0 0 0 "CE" 2016
7 2017 31.1421052631579 0 0 0 "CE" 2017
7 2018 30.2403846153846 0 0 0 "CE" 2018
8 1958 27.7222222222222 0 0 0 "CE" 1958
8 1962 30 0 0 0 "CE" 1962
8 1964 29.45 0 0 0 "CE" 1964
8 1965 28.9833333333333 0 0 0 "CE" 1965
8 1967 30.1833333333333 0 0 0 "CE" 1967
8 1969 28.35 0 0 0 "CE" 1969
8 1970 28.075 0 0 0 "CE" 1970
8 1971 27.025 0 0 0 "CE" 1971
8 1982 31.145 0 0 0 "CE" 1982
8 1984 29.4923076923077 0 0 0 "CE" 1984
8 1985 29.075 0 0 0 "CE" 1985
8 1987 30.35 0 0 0 "CE" 1987
8 1991 30.1 0 0 0 "CE" 1991
8 1992 29.425 0 0 0 "CE" 1992
8 1993 30.645 0 0 0 "CE" 1993
8 1994 30.925 0 0 0 "CE" 1994
8 1995 30.525 0 0 0 "CE" 1995
8 1996 28.1 0 0 0 "CE" 1996
8 1998 30.25 0 0 0 "CE" 1998
8 2009 27.15 0 0 0 "CE" 2009
8 2010 29.8434782608696 0 0 0 "CE" 2010
8 2011 30.175 0 0 0 "CE" 2011
8 2012 31.516 0 0 0 "CE" 2012
8 2013 29.2923076923077 0 0 0 "CE" 2013
8 2014 30.2479166666667 0 0 0 "CE" 2014
8 2015 30.6931818181818 0 0 0 "CE" 2015
8 2016 30.4769230769231 0 0 0 "CE" 2016
8 2017 29.3236842105263 0 0 0 "CE" 2017
8 2018 30.0882352941176 0 0 0 "CE" 2018
9 1961 28.9 0 0 0 "CE" 1961
9 1963 28.35 0 0 0 "CE" 1963
9 1964 28.6 0 0 0 "CE" 1964
9 1967 29.1 0 0 0 "CE" 1967
9 1969 30.3375 0 0 0 "CE" 1969
9 1970 29.35 0 0 0 "CE" 1970
9 1982 30.7055555555556 0 0 0 "CE" 1982
9 1983 30 0 0 0 "CE" 1983
9 1984 28.73 0 0 0 "CE" 1984
9 1985 28.14375 0 0 0 "CE" 1985
9 1990 26.95 0 0 0 "CE" 1990
9 1992 28.575 0 0 0 "CE" 1992
9 1993 30.2071428571429 0 0 0 "CE" 1993
9 1994 29.7 0 0 0 "CE" 1994
9 1995 28.25 0 0 0 "CE" 1995
9 1996 29.65 0 0 0 "CE" 1996
9 1998 29.55 0 0 0 "CE" 1998
9 1999 29.9 0 0 0 "CE" 1999
9 2009 31.1861111111111 0 0 0 "CE" 2009
9 2010 29.1861111111111 0 0 0 "CE" 2010
9 2011 31.1608695652174 0 0 0 "CE" 2011
9 2012 30.6666666666667 0 0 0 "CE" 2012
9 2013 29.8481481481481 0 0 0 "CE" 2013
9 2014 30.2809523809524 0 0 0 "CE" 2014
9 2015 29.7979166666667 0 0 0 "CE" 2015
9 2016 31.02 0 0 0 "CE" 2016
9 2017 28.9647058823529 0 0 0 "CE" 2017
9 2018 29.18 0 0 0 "CE" 2018
10 1958 25.425 0 0 0 "CE" 1958
10 1965 29.45 0 0 0 "CE" 1965
10 1966 26.4 0 0 0 "CE" 1966
10 1967 27.5 0 0 0 "CE" 1967
10 1968 27.9666666666667 0 0 0 "CE" 1968
10 1969 26.7666666666667 0 0 0 "CE" 1969
10 1970 27.4214285714286 0 0 0 "CE" 1970
10 1982 27.6428571428571 0 0 0 "CE" 1982
10 1983 29.075 0 0 0 "CE" 1983
10 1984 28.2277777777778 0 0 0 "CE" 1984
10 1985 26.95 0 0 0 "CE" 1985
10 1988 28.625 0 0 0 "CE" 1988
10 1990 27.55 0 0 0 "CE" 1990
10 1991 23.8 0 0 0 "CE" 1991
10 1992 27.4642857142857 0 0 0 "CE" 1992
10 1994 27.1 0 0 0 "CE" 1994
10 1995 29.2071428571429 0 0 0 "CE" 1995
10 1996 28.65 0 0 0 "CE" 1996
10 2003 30.225 0 0 0 "CE" 2003
10 2009 28.8736842105263 0 0 0 "CE" 2009
10 2010 28.9075 0 0 0 "CE" 2010
10 2011 27.6478260869565 0 0 0 "CE" 2011
10 2012 27.5630434782609 0 0 0 "CE" 2012
10 2013 29.7074074074074 0 0 0 "CE" 2013
10 2014 28.2777777777778 0 0 0 "CE" 2014
10 2015 28.1111111111111 0 0 0 "CE" 2015
10 2016 29.6145833333333 0 0 0 "CE" 2016
10 2017 28.9325 0 0 0 "CE" 2017
10 2018 27.4833333333333 0 0 0 "CE" 2018
11 1957 25.9571428571429 0 0 0 "CE" 1957
11 1958 26.671875 0 0 0 "CE" 1958
11 1965 27.1333333333333 0 0 0 "CE" 1965
11 1966 26.6666666666667 0 0 0 "CE" 1966
11 1967 26.4 0 0 0 "CE" 1967
11 1968 26.4 0 0 0 "CE" 1968
11 1969 26.8083333333333 0 0 0 "CE" 1969
11 1970 25.6888888888889 0 0 0 "CE" 1970
11 1982 27.1230769230769 0 0 0 "CE" 1982
11 1983 25.85 0 0 0 "CE" 1983
11 1984 26.3722222222222 0 0 0 "CE" 1984
11 1988 25.45 0 0 0 "CE" 1988
11 1989 26.875 0 0 0 "CE" 1989
11 1990 26.5 0 0 0 "CE" 1990
11 1991 26.55 0 0 0 "CE" 1991
11 1992 26.3625 0 0 0 "CE" 1992
11 1993 26.6 0 0 0 "CE" 1993
11 1994 26.15 0 0 0 "CE" 1994
11 1995 27.05 0 0 0 "CE" 1995
11 1996 25.4 0 0 0 "CE" 1996
11 2009 26.7346153846154 0 0 0 "CE" 2009
11 2010 27.69 0 0 0 "CE" 2010
11 2011 26.8277777777778 0 0 0 "CE" 2011
11 2012 26.808 0 0 0 "CE" 2012
11 2013 26.9285714285714 0 0 0 "CE" 2013
11 2014 26.6634615384615 0 0 0 "CE" 2014
11 2015 26.988 0 0 0 "CE" 2015
11 2016 27.0583333333333 0 0 0 "CE" 2016
11 2017 27.0888888888889 0 0 0 "CE" 2017
11 2018 26.99 0 0 0 "CE" 2018
12 1957 25.75 0 0 0 "CE" 1957
12 1958 26.584375 0 0 0 "CE" 1958
12 1963 26.4 0 0 0 "CE" 1963
12 1969 26.4 0 0 0 "CE" 1969
12 1970 25.5625 0 0 0 "CE" 1970
12 1982 26.47 0 0 0 "CE" 1982
12 1983 26.3 0 0 0 "CE" 1983
12 1984 25.8625 0 0 0 "CE" 1984
12 1985 25.65 0 0 0 "CE" 1985
12 1990 25.95 0 0 0 "CE" 1990
12 1991 26.0666666666667 0 0 0 "CE" 1991
12 1992 25.9 0 0 0 "CE" 1992
12 1993 23.55 0 0 0 "CE" 1993
12 1994 27.25 0 0 0 "CE" 1994
12 1995 26.7375 0 0 0 "CE" 1995
12 1996 27 0 0 0 "CE" 1996
12 1998 26.95 0 0 0 "CE" 1998
12 2009 26.6076923076923 0 0 0 "CE" 2009
12 2010 23.4115384615385 0 0 0 "CE" 2010
12 2011 26.2305555555556 0 0 0 "CE" 2011
12 2012 26.2125 0 0 0 "CE" 2012
12 2013 25.7592592592593 0 0 0 "CE" 2013
12 2014 26.154347826087 0 0 0 "CE" 2014
12 2015 27.3862068965517 0 0 0 "CE" 2015
12 2016 26.3571428571429 0 0 0 "CE" 2016
12 2017 26.692 0 0 0 "CE" 2017
12 2018 26.3571428571429 0 0 0 "CE" 2018
1 1969 27.075 0 0 0 "CE" 1969
1 1970 27.925 0 0 0 "CE" 1970
1 1971 25.3 0 0 0 "CE" 1971
1 1983 26.3166666666667 0 0 0 "CE" 1983
1 1984 26.2 0 0 0 "CE" 1984
1 1985 26.2823529411765 0 0 0 "CE" 1985
1 1986 23.95 0 0 0 "CE" 1986
1 1987 26.33 0 0 0 "CE" 1987
1 1989 26.4642857142857 0 0 0 "CE" 1989
1 1990 25.2857142857143 0 0 0 "CE" 1990
1 1991 25.75 0 0 0 "CE" 1991
1 1992 26.35 0 0 0 "CE" 1992
1 1993 25.4205882352941 0 0 0 "CE" 1993
1 1994 25.4625 0 0 0 "CE" 1994
1 1995 26.25 0 0 0 "CE" 1995
1 1996 25.75 0 0 0 "CE" 1996
1 1997 25.4 0 0 0 "CE" 1997
1 2010 25.945 0 0 0 "CE" 2010
1 2011 25.1339285714286 0 0 0 "CE" 2011
1 2012 25.8428571428571 0 0 0 "CE" 2012
1 2013 25.62 0 0 0 "CE" 2013
1 2014 26.0055555555556 0 0 0 "CE" 2014
1 2015 25.7931818181818 0 0 0 "CE" 2015
1 2016 26.6565217391304 0 0 0 "CE" 2016
1 2017 25.5333333333333 0 0 0 "CE" 2017
1 2018 25.5970588235294 0 0 0 "CE" 2018
1 2019 25.7333333333333 0 0 0 "CE" 2019
2 1971 27.5 0 0 0 "CE" 1971
2 1982 26.5045454545455 0 0 0 "CE" 1982
2 1983 26.9666666666667 0 0 0 "CE" 1983
2 1984 25.96 0 0 0 "CE" 1984
2 1985 26.4458333333333 0 0 0 "CE" 1985
2 1986 27.4166666666667 0 0 0 "CE" 1986
2 1987 26.509375 0 0 0 "CE" 1987
2 1989 27.2 0 0 0 "CE" 1989
2 1990 26.7666666666667 0 0 0 "CE" 1990
2 1991 26.8625 0 0 0 "CE" 1991
2 1992 26.7642857142857 0 0 0 "CE" 1992
2 1993 27.225 0 0 0 "CE" 1993
2 1994 26.6 0 0 0 "CE" 1994
2 1995 26.8166666666667 0 0 0 "CE" 1995
2 1997 27.4666666666667 0 0 0 "CE" 1997
2 2002 26.9 0 0 0 "CE" 2002
2 2003 27.35 0 0 0 "CE" 2003
2 2010 27.7083333333333 0 0 0 "CE" 2010
2 2011 26.0565217391304 0 0 0 "CE" 2011
2 2012 27.1270833333333 0 0 0 "CE" 2012
2 2013 26.4113636363636 0 0 0 "CE" 2013
2 2014 26.5229166666667 0 0 0 "CE" 2014
2 2015 26.3840909090909 0 0 0 "CE" 2015
2 2016 27.9521739130435 0 0 0 "CE" 2016
2 2017 25.9775 0 0 0 "CE" 2017
2 2018 27.0916666666667 0 0 0 "CE" 2018
3 1968 27.2 0 0 0 "CE" 1968
3 1970 28.6 0 0 0 "CE" 1970
3 1971 27.425 0 0 0 "CE" 1971
3 1982 28.371875 0 0 0 "CE" 1982
3 1983 28.4833333333333 0 0 0 "CE" 1983
3 1984 27.4055555555556 0 0 0 "CE" 1984
3 1985 27.9166666666667 0 0 0 "CE" 1985
3 1986 27.9545454545455 0 0 0 "CE" 1986
3 1987 29.1631578947368 0 0 0 "CE" 1987
3 1989 27.0571428571429 0 0 0 "CE" 1989
3 1991 29.3625 0 0 0 "CE" 1991
3 1992 29.1166666666667 0 0 0 "CE" 1992
3 1993 28.5375 0 0 0 "CE" 1993
3 1994 29 0 0 0 "CE" 1994
3 1995 28.8 0 0 0 "CE" 1995
3 1996 27.4625 0 0 0 "CE" 1996
3 2002 29.2 0 0 0 "CE" 2002
3 2010 28.9625 0 0 0 "CE" 2010
3 2011 27.375 0 0 0 "CE" 2011
3 2012 27.8589285714286 0 0 0 "CE" 2012
3 2013 28.12 0 0 0 "CE" 2013
3 2014 28.7055555555556 0 0 0 "CE" 2014
3 2015 28.6333333333333 0 0 0 "CE" 2015
3 2016 28.9979166666667 0 0 0 "CE" 2016
3 2017 28.096 0 0 0 "CE" 2017
3 2018 28.5565217391304 0 0 0 "CE" 2018
4 1970 27.8666666666667 0 0 0 "CE" 1970
4 1971 26.65 0 0 0 "CE" 1971
4 1982 29.5333333333333 0 0 0 "CE" 1982
4 1983 29.8533333333333 0 0 0 "CE" 1983
4 1984 28.5357142857143 0 0 0 "CE" 1984
4 1985 29.0535714285714 0 0 0 "CE" 1985
4 1986 28.825 0 0 0 "CE" 1986
4 1987 29.2 0 0 0 "CE" 1987
4 1989 29.235 0 0 0 "CE" 1989
4 1990 29.75 0 0 0 "CE" 1990
4 1991 29.7 0 0 0 "CE" 1991
4 1992 29.7928571428571 0 0 0 "CE" 1992
4 1993 28.9777777777778 0 0 0 "CE" 1993
4 1995 27.95 0 0 0 "CE" 1995
4 1996 28.425 0 0 0 "CE" 1996
4 2001 28.35 0 0 0 "CE" 2001
4 2003 28.25 0 0 0 "CE" 2003
4 2010 29.28125 0 0 0 "CE" 2010
4 2011 27.8660714285714 0 0 0 "CE" 2011
4 2012 28.1770833333333 0 0 0 "CE" 2012
4 2013 29.1416666666667 0 0 0 "CE" 2013
4 2014 28.48125 0 0 0 "CE" 2014
4 2015 28.15 0 0 0 "CE" 2015
4 2016 29.8229166666667 0 0 0 "CE" 2016
4 2017 29.9961538461538 0 0 0 "CE" 2017
4 2018 28.7333333333333 0 0 0 "CE" 2018
5 1967 28.35 0 0 0 "CE" 1967
5 1969 29.15 0 0 0 "CE" 1969
5 1970 28.325 0 0 0 "CE" 1970
5 1982 29.1666666666667 0 0 0 "CE" 1982
5 1983 29.6964285714286 0 0 0 "CE" 1983
5 1984 28.52 0 0 0 "CE" 1984
5 1985 27.7857142857143 0 0 0 "CE" 1985
5 1986 28.8954545454545 0 0 0 "CE" 1986
5 1989 29.1416666666667 0 0 0 "CE" 1989
5 1990 29.6 0 0 0 "CE" 1990
5 1992 29.3708333333333 0 0 0 "CE" 1992
5 1993 29.3375 0 0 0 "CE" 1993
5 1994 30.4 0 0 0 "CE" 1994
5 1995 29.6 0 0 0 "CE" 1995
5 1996 29.975 0 0 0 "CE" 1996
5 1997 29.85 0 0 0 "CE" 1997
5 1998 31.35 0 0 0 "CE" 1998
5 2003 30.5 0 0 0 "CE" 2003
5 2006 29.85 0 0 0 "CE" 2006
5 2010 29.4076923076923 0 0 0 "CE" 2010
5 2011 29.2464285714286 0 0 0 "CE" 2011
5 2012 29.7827586206897 0 0 0 "CE" 2012
5 2013 29.6604166666667 0 0 0 "CE" 2013
5 2014 29.1038461538462 0 0 0 "CE" 2014
5 2015 29.0386363636364 0 0 0 "CE" 2015
5 2016 29.352 0 0 0 "CE" 2016
5 2017 30.055 0 0 0 "CE" 2017
5 2018 27.9260869565217 0 0 0 "CE" 2018
6 1971 28.05 0 0 0 "CE" 1971
6 1973 29 0 0 0 "CE" 1973
6 1982 28.5416666666667 0 0 0 "CE" 1982
6 1983 29.6894736842105 0 0 0 "CE" 1983
6 1984 28.05 0 0 0 "CE" 1984
6 1985 27.3333333333333 0 0 0 "CE" 1985
6 1986 28.9923076923077 0 0 0 "CE" 1986
6 1987 29.675 0 0 0 "CE" 1987
6 1989 28.9857142857143 0 0 0 "CE" 1989
6 1990 29.2 0 0 0 "CE" 1990
6 1991 28.84 0 0 0 "CE" 1991
6 1992 29.25 0 0 0 "CE" 1992
6 1993 29.4222222222222 0 0 0 "CE" 1993
6 1994 28.9 0 0 0 "CE" 1994
6 1995 29.2166666666667 0 0 0 "CE" 1995
6 1996 27.9875 0 0 0 "CE" 1996
6 1998 30.19375 0 0 0 "CE" 1998
6 2003 29.35 0 0 0 "CE" 2003
6 2010 29.2520833333333 0 0 0 "CE" 2010
6 2011 29.3260869565217 0 0 0 "CE" 2011
6 2012 29.3083333333333 0 0 0 "CE" 2012
6 2013 28.7535714285714 0 0 0 "CE" 2013
6 2014 29.7586956521739 0 0 0 "CE" 2014
6 2015 29.2208333333333 0 0 0 "CE" 2015
6 2016 28.8173076923077 0 0 0 "CE" 2016
6 2017 29.7270833333333 0 0 0 "CE" 2017
6 2018 28.7913043478261 0 0 0 "CE" 2018
7 1970 28.6 0 0 0 "CE" 1970
7 1973 28.875 0 0 0 "CE" 1973
7 1982 28.80625 0 0 0 "CE" 1982
7 1983 29.325 0 0 0 "CE" 1983
7 1985 27.825 0 0 0 "CE" 1985
7 1986 28.6966666666667 0 0 0 "CE" 1986
7 1987 29.1333333333333 0 0 0 "CE" 1987
7 1989 27.6 0 0 0 "CE" 1989
7 1990 28.95 0 0 0 "CE" 1990
7 1991 28.7961538461538 0 0 0 "CE" 1991
7 1992 28.355 0 0 0 "CE" 1992
7 1993 28.6083333333333 0 0 0 "CE" 1993
7 1995 28.7833333333333 0 0 0 "CE" 1995
7 1996 28.6166666666667 0 0 0 "CE" 1996
7 1998 29.11 0 0 0 "CE" 1998
7 2010 28.7482142857143 0 0 0 "CE" 2010
7 2011 28.7857142857143 0 0 0 "CE" 2011
7 2012 29.1616666666667 0 0 0 "CE" 2012
7 2013 28.7519230769231 0 0 0 "CE" 2013
7 2014 29.2574074074074 0 0 0 "CE" 2014
7 2015 29.412 0 0 0 "CE" 2015
7 2016 28.894 0 0 0 "CE" 2016
7 2017 29.8694444444444 0 0 0 "CE" 2017
7 2018 28.5267857142857 0 0 0 "CE" 2018
8 1969 29.15 0 0 0 "CE" 1969
8 1970 29.15 0 0 0 "CE" 1970
8 1982 28.74 0 0 0 "CE" 1982
8 1983 28.5375 0 0 0 "CE" 1983
8 1984 27.5636363636364 0 0 0 "CE" 1984
8 1985 28.47 0 0 0 "CE" 1985
8 1986 27.9233333333333 0 0 0 "CE" 1986
8 1987 28.8541666666667 0 0 0 "CE" 1987
8 1989 28.85 0 0 0 "CE" 1989
8 1990 28.4833333333333 0 0 0 "CE" 1990
8 1991 28.9333333333333 0 0 0 "CE" 1991
8 1992 28.1666666666667 0 0 0 "CE" 1992
8 1993 28.6611111111111 0 0 0 "CE" 1993
8 1994 28.825 0 0 0 "CE" 1994
8 1995 29.3 0 0 0 "CE" 1995
8 1996 28.8166666666667 0 0 0 "CE" 1996
8 1998 29.1833333333333 0 0 0 "CE" 1998
8 2009 27.85 0 0 0 "CE" 2009
8 2010 28.275 0 0 0 "CE" 2010
8 2011 28.985 0 0 0 "CE" 2011
8 2012 29.1403846153846 0 0 0 "CE" 2012
8 2013 28.7310344827586 0 0 0 "CE" 2013
8 2014 28.4948275862069 0 0 0 "CE" 2014
8 2015 29.6166666666667 0 0 0 "CE" 2015
8 2016 29.0428571428571 0 0 0 "CE" 2016
8 2017 29.375 0 0 0 "CE" 2017
8 2018 28.2263157894737 0 0 0 "CE" 2018
9 1968 29.15 0 0 0 "CE" 1968
9 1970 28.4 0 0 0 "CE" 1970
9 1982 28.7392857142857 0 0 0 "CE" 1982
9 1983 27.96875 0 0 0 "CE" 1983
9 1984 27.6071428571429 0 0 0 "CE" 1984
9 1985 27.35 0 0 0 "CE" 1985
9 1986 28.2264705882353 0 0 0 "CE" 1986
9 1987 28.6772727272727 0 0 0 "CE" 1987
9 1990 29.4590909090909 0 0 0 "CE" 1990
9 1991 29.9166666666667 0 0 0 "CE" 1991
9 1992 28.89375 0 0 0 "CE" 1992
9 1993 28.7909090909091 0 0 0 "CE" 1993
9 1994 29.225 0 0 0 "CE" 1994
9 1995 29.45 0 0 0 "CE" 1995
9 1996 28.8833333333333 0 0 0 "CE" 1996
9 1998 29.125 0 0 0 "CE" 1998
9 2009 28.7145833333333 0 0 0 "CE" 2009
9 2010 28.2879310344828 0 0 0 "CE" 2010
9 2011 29.2666666666667 0 0 0 "CE" 2011
9 2012 29.25 0 0 0 "CE" 2012
9 2013 28.114 0 0 0 "CE" 2013
9 2014 28.4814814814815 0 0 0 "CE" 2014
9 2015 28.9270833333333 0 0 0 "CE" 2015
9 2016 28.7190476190476 0 0 0 "CE" 2016
9 2017 28.2772727272727 0 0 0 "CE" 2017
9 2018 28.5235294117647 0 0 0 "CE" 2018
10 1968 28.05 0 0 0 "CE" 1968
10 1969 26.4 0 0 0 "CE" 1969
10 1970 28.05 0 0 0 "CE" 1970
10 1982 27.0375 0 0 0 "CE" 1982
10 1983 27.6666666666667 0 0 0 "CE" 1983
10 1984 27.2708333333333 0 0 0 "CE" 1984
10 1985 27.4375 0 0 0 "CE" 1985
10 1986 27.5766666666667 0 0 0 "CE" 1986
10 1987 27.41875 0 0 0 "CE" 1987
10 1988 28.6357142857143 0 0 0 "CE" 1988
10 1989 28.3416666666667 0 0 0 "CE" 1989
10 1990 28.75 0 0 0 "CE" 1990
10 1991 29.1666666666667 0 0 0 "CE" 1991
10 1992 28.025 0 0 0 "CE" 1992
10 1993 27.575 0 0 0 "CE" 1993
10 1994 27.725 0 0 0 "CE" 1994
10 1995 28.5875 0 0 0 "CE" 1995
10 1996 26.975 0 0 0 "CE" 1996
10 1998 28.85 0 0 0 "CE" 1998
10 2003 27.725 0 0 0 "CE" 2003
10 2009 27.8775 0 0 0 "CE" 2009
10 2010 27.8461538461538 0 0 0 "CE" 2010
10 2011 28.518 0 0 0 "CE" 2011
10 2012 27.7875 0 0 0 "CE" 2012
10 2013 28.1537037037037 0 0 0 "CE" 2013
10 2014 27.6145833333333 0 0 0 "CE" 2014
10 2015 27.9403846153846 0 0 0 "CE" 2015
10 2016 28.636 0 0 0 "CE" 2016
10 2017 28.3875 0 0 0 "CE" 2017
10 2018 27.8 0 0 0 "CE" 2018
11 1968 25.55 0 0 0 "CE" 1968
11 1969 25.7 0 0 0 "CE" 1969
11 1970 25.425 0 0 0 "CE" 1970
11 1982 27.0444444444444 0 0 0 "CE" 1982
11 1984 26.4055555555556 0 0 0 "CE" 1984
11 1985 26.205 0 0 0 "CE" 1985
11 1986 26.9 0 0 0 "CE" 1986
11 1987 27.8818181818182 0 0 0 "CE" 1987
11 1988 26.05 0 0 0 "CE" 1988
11 1990 27.04 0 0 0 "CE" 1990
11 1991 27.65 0 0 0 "CE" 1991
11 1992 26.875 0 0 0 "CE" 1992
11 1995 26.84 0 0 0 "CE" 1995
11 1996 27.11 0 0 0 "CE" 1996
11 1998 27.79 0 0 0 "CE" 1998
11 2009 27.0111111111111 0 0 0 "CE" 2009
11 2010 26.71875 0 0 0 "CE" 2010
11 2011 26.9653846153846 0 0 0 "CE" 2011
11 2012 26.9166666666667 0 0 0 "CE" 2012
11 2013 26.8777777777778 0 0 0 "CE" 2013
11 2014 26.41 0 0 0 "CE" 2014
11 2015 27.2142857142857 0 0 0 "CE" 2015
11 2016 26.648 0 0 0 "CE" 2016
11 2017 26.6611111111111 0 0 0 "CE" 2017
11 2018 26.62 0 0 0 "CE" 2018
12 1970 24.45 0 0 0 "CE" 1970
12 1982 25.4214285714286 0 0 0 "CE" 1982
12 1983 24.7833333333333 0 0 0 "CE" 1983
12 1984 25.4954545454545 0 0 0 "CE" 1984
12 1985 25.35 0 0 0 "CE" 1985
12 1986 26.7357142857143 0 0 0 "CE" 1986
12 1987 27.065 0 0 0 "CE" 1987
12 1988 26.475 0 0 0 "CE" 1988
12 1989 26.71875 0 0 0 "CE" 1989
12 1990 26.575 0 0 0 "CE" 1990
12 1991 26.6642857142857 0 0 0 "CE" 1991
12 1992 25.54 0 0 0 "CE" 1992
12 1993 25.9 0 0 0 "CE" 1993
12 1994 26.1 0 0 0 "CE" 1994
12 1995 26.06 0 0 0 "CE" 1995
12 1996 26.025 0 0 0 "CE" 1996
12 1998 26.25 0 0 0 "CE" 1998
12 1999 26.05 0 0 0 "CE" 1999
12 2000 26.9 0 0 0 "CE" 2000
12 2009 26.75 0 0 0 "CE" 2009
12 2010 25.702 0 0 0 "CE" 2010
12 2011 26.1518518518519 0 0 0 "CE" 2011
12 2012 26.225 0 0 0 "CE" 2012
12 2013 25.595652173913 0 0 0 "CE" 2013
12 2014 26.0875 0 0 0 "CE" 2014
12 2015 26.8934782608696 0 0 0 "CE" 2015
12 2016 26.2692307692308 0 0 0 "CE" 2016
12 2017 26.4391304347826 0 0 0 "CE" 2017
12 2018 26.5333333333333 0 0 0 "CE" 2018
1 2010 25.7725 0 0 0 "CE" 2010
1 2011 24.6517857142857 0 0 0 "CE" 2011
1 2012 26.0733333333333 0 0 0 "CE" 2012
1 2013 25.4964285714286 0 0 0 "CE" 2013
1 2014 26.4839285714286 0 0 0 "CE" 2014
1 2015 26.6 0 0 0 "CE" 2015
1 2016 27.4384615384615 0 0 0 "CE" 2016
1 2017 26.2857142857143 0 0 0 "CE" 2017
1 2018 26.275 0 0 0 "CE" 2018
1 2019 27.1 0 0 0 "CE" 2019
2 2010 27.8825 0 0 0 "CE" 2010
2 2011 25.9296296296296 0 0 0 "CE" 2011
2 2012 26.9571428571429 0 0 0 "CE" 2012
2 2013 27.3083333333333 0 0 0 "CE" 2013
2 2014 27.5462962962963 0 0 0 "CE" 2014
2 2015 27.0666666666667 0 0 0 "CE" 2015
2 2016 28.4053571428571 0 0 0 "CE" 2016
2 2017 26.9090909090909 0 0 0 "CE" 2017
2 2018 28.22 0 0 0 "CE" 2018
3 2010 29.375 0 0 0 "CE" 2010
3 2011 27.6913793103448 0 0 0 "CE" 2011
3 2012 28.5767857142857 0 0 0 "CE" 2012
3 2013 28.7209677419355 0 0 0 "CE" 2013
3 2014 29.1379310344828 0 0 0 "CE" 2014
3 2015 28.4833333333333 0 0 0 "CE" 2015
3 2016 30.1051724137931 0 0 0 "CE" 2016
3 2017 28.104 0 0 0 "CE" 2017
3 2018 29.0807692307692 0 0 0 "CE" 2018
4 2010 28.6214285714286 0 0 0 "CE" 2010
4 2011 27.4333333333333 0 0 0 "CE" 2011
4 2012 27.9288461538462 0 0 0 "CE" 2012
4 2013 29.2733333333333 0 0 0 "CE" 2013
4 2014 28.9148148148148 0 0 0 "CE" 2014
4 2015 28.76875 0 0 0 "CE" 2015
4 2016 29.848 0 0 0 "CE" 2016
4 2017 29.6461538461538 0 0 0 "CE" 2017
4 2018 28.9788461538462 0 0 0 "CE" 2018
5 2010 28.1233333333333 0 0 0 "CE" 2010
5 2011 27.9948275862069 0 0 0 "CE" 2011
5 2012 29.1758064516129 0 0 0 "CE" 2012
5 2013 28.5611111111111 0 0 0 "CE" 2013
5 2014 28.6838709677419 0 0 0 "CE" 2014
5 2015 28.7211538461538 0 0 0 "CE" 2015
5 2016 28.68 0 0 0 "CE" 2016
5 2017 29.0391304347826 0 0 0 "CE" 2017
5 2018 27.7923076923077 0 0 0 "CE" 2018
6 2010 27.4603448275862 0 0 0 "CE" 2010
6 2011 27.604 0 0 0 "CE" 2011
6 2012 28.1351851851852 0 0 0 "CE" 2012
6 2013 27.1142857142857 0 0 0 "CE" 2013
6 2014 28.5413793103448 0 0 0 "CE" 2014
6 2015 28.4310344827586 0 0 0 "CE" 2015
6 2016 28.188 0 0 0 "CE" 2016
6 2017 28.435 0 0 0 "CE" 2017
6 2018 28.0537037037037 0 0 0 "CE" 2018
7 2010 27.1733333333333 0 0 0 "CE" 2010
7 2011 27.7483870967742 0 0 0 "CE" 2011
7 2012 28.1193548387097 0 0 0 "CE" 2012
7 2013 27.5189655172414 0 0 0 "CE" 2013
7 2014 28.2887096774194 0 0 0 "CE" 2014
7 2015 28.8321428571429 0 0 0 "CE" 2015
7 2016 28.37 0 0 0 "CE" 2016
7 2017 28.9138888888889 0 0 0 "CE" 2017
7 2018 28.0804347826087 0 0 0 "CE" 2018
8 2009 26.25 0 0 0 "CE" 2009
8 2010 27.2413793103448 0 0 0 "CE" 2010
8 2011 27.55 0 0 0 "CE" 2011
8 2012 28.0862068965517 0 0 0 "CE" 2012
8 2013 28.0172413793103 0 0 0 "CE" 2013
8 2014 27.5964285714286 0 0 0 "CE" 2014
8 2015 28.7428571428571 0 0 0 "CE" 2015
8 2016 28.75 0 0 0 "CE" 2016
8 2017 28.5375 0 0 0 "CE" 2017
8 2018 27.8222222222222 0 0 0 "CE" 2018
9 2009 27.3152173913043 0 0 0 "CE" 2009
9 2010 27.1732142857143 0 0 0 "CE" 2010
9 2011 27.2018518518519 0 0 0 "CE" 2011
9 2012 28.3916666666667 0 0 0 "CE" 2012
9 2013 27.0896551724138 0 0 0 "CE" 2013
9 2014 27.85 0 0 0 "CE" 2014
9 2015 28.1946428571429 0 0 0 "CE" 2015
9 2016 29.21875 0 0 0 "CE" 2016
9 2017 27.75 0 0 0 "CE" 2017
9 2018 29.0558823529412 0 0 0 "CE" 2018
10 2009 27.475 0 0 0 "CE" 2009
10 2010 26.7758064516129 0 0 0 "CE" 2010
10 2011 27.6203703703704 0 0 0 "CE" 2011
10 2012 27.8935483870968 0 0 0 "CE" 2012
10 2013 27.6366666666667 0 0 0 "CE" 2013
10 2014 27.2354838709677 0 0 0 "CE" 2014
10 2015 27.6209677419355 0 0 0 "CE" 2015
10 2016 28.5047619047619 0 0 0 "CE" 2016
10 2017 27.6675 0 0 0 "CE" 2017
10 2018 27.7875 0 0 0 "CE" 2018
11 2009 26.5210526315789 0 0 0 "CE" 2009
11 2010 26.2965517241379 0 0 0 "CE" 2010
11 2011 26.3224137931034 0 0 0 "CE" 2011
11 2012 26.8033333333333 0 0 0 "CE" 2012
11 2013 27.2964285714286 0 0 0 "CE" 2013
11 2014 26.06 0 0 0 "CE" 2014
11 2015 27.1883333333333 0 0 0 "CE" 2015
11 2016 26.9076923076923 0 0 0 "CE" 2016
11 2017 26.696875 0 0 0 "CE" 2017
11 2018 27.05 0 0 0 "CE" 2018
12 2009 26.2961538461538 0 0 0 "CE" 2009
12 2010 25.0416666666667 0 0 0 "CE" 2010
12 2011 25.7333333333333 0 0 0 "CE" 2011
12 2012 26.3465517241379 0 0 0 "CE" 2012
12 2013 25.9857142857143 0 0 0 "CE" 2013
12 2014 25.6116666666667 0 0 0 "CE" 2014
12 2015 26.8916666666667 0 0 0 "CE" 2015
12 2016 27.0425925925926 0 0 0 "CE" 2016
12 2017 26.755 0 0 0 "CE" 2017
12 2018 26.3357142857143 0 0 0 "CE" 2018
1 1958 27.0875 0 0 0 "CE" 1958
1 1989 27.875 0 0 0 "CE" 1989
1 1994 27.15 0 0 0 "CE" 1994
1 1995 27.475 0 0 0 "CE" 1995
1 2010 27.6277777777778 0 0 0 "CE" 2010
1 2011 26.7931818181818 0 0 0 "CE" 2011
1 2012 26.8826086956522 0 0 0 "CE" 2012
1 2013 27.4145833333333 0 0 0 "CE" 2013
1 2014 27.5076923076923 0 0 0 "CE" 2014
1 2015 27.3729166666667 0 0 0 "CE" 2015
1 2016 28.1318181818182 0 0 0 "CE" 2016
1 2017 26.7840909090909 0 0 0 "CE" 2017
1 2018 26.8261904761905 0 0 0 "CE" 2018
1 2019 27.6025 0 0 0 "CE" 2019
2 1993 28.025 0 0 0 "CE" 1993
2 1994 27.125 0 0 0 "CE" 1994
2 2010 28.69375 0 0 0 "CE" 2010
2 2011 26.8342105263158 0 0 0 "CE" 2011
2 2012 27.4108695652174 0 0 0 "CE" 2012
2 2013 27.5880952380952 0 0 0 "CE" 2013
2 2014 27.6 0 0 0 "CE" 2014
2 2015 27.1 0 0 0 "CE" 2015
2 2016 28.6047619047619 0 0 0 "CE" 2016
2 2017 27.1239130434783 0 0 0 "CE" 2017
2 2018 27.7368421052632 0 0 0 "CE" 2018
3 1983 29.2 0 0 0 "CE" 1983
3 1984 27.65 0 0 0 "CE" 1984
3 1994 28.025 0 0 0 "CE" 1994
3 2008 27.45 0 0 0 "CE" 2008
3 2010 28.884375 0 0 0 "CE" 2010
3 2011 28.0977272727273 0 0 0 "CE" 2011
3 2012 28.0261904761905 0 0 0 "CE" 2012
3 2013 28.5047619047619 0 0 0 "CE" 2013
3 2014 28.5296296296296 0 0 0 "CE" 2014
3 2015 27.9541666666667 0 0 0 "CE" 2015
3 2016 29.4041666666667 0 0 0 "CE" 2016
3 2017 28.1238095238095 0 0 0 "CE" 2017
3 2018 28.2590909090909 0 0 0 "CE" 2018
4 1958 28.0083333333333 0 0 0 "CE" 1958
4 1985 29.775 0 0 0 "CE" 1985
4 1993 28.375 0 0 0 "CE" 1993
4 1994 27.925 0 0 0 "CE" 1994
4 2010 28.8466666666667 0 0 0 "CE" 2010
4 2011 27.8785714285714 0 0 0 "CE" 2011
4 2012 27.8 0 0 0 "CE" 2012
4 2013 29.2575 0 0 0 "CE" 2013
4 2014 28.5421052631579 0 0 0 "CE" 2014
4 2015 28.675 0 0 0 "CE" 2015
4 2016 29.795 0 0 0 "CE" 2016
4 2017 29.7961538461538 0 0 0 "CE" 2017
4 2018 28.452380952381 0 0 0 "CE" 2018
5 1958 27.6375 0 0 0 "CE" 1958
5 1992 28 0 0 0 "CE" 1992
5 1993 28.75 0 0 0 "CE" 1993
5 1994 28 0 0 0 "CE" 1994
5 2010 28.925 0 0 0 "CE" 2010
5 2011 28.975 0 0 0 "CE" 2011
5 2012 29.187037037037 0 0 0 "CE" 2012
5 2013 28.975 0 0 0 "CE" 2013
5 2014 29.044 0 0 0 "CE" 2014
5 2015 29.25 0 0 0 "CE" 2015
5 2016 28.7315789473684 0 0 0 "CE" 2016
5 2017 28.8973684210526 0 0 0 "CE" 2017
5 2018 28.17 0 0 0 "CE" 2018
6 1958 27.005 0 0 0 "CE" 1958
6 1992 28.45 0 0 0 "CE" 1992
6 1993 28.65 0 0 0 "CE" 1993
6 2010 28.4638888888889 0 0 0 "CE" 2010
6 2011 28.6138888888889 0 0 0 "CE" 2011
6 2012 28.6545454545455 0 0 0 "CE" 2012
6 2013 27.6818181818182 0 0 0 "CE" 2013
6 2014 29.0833333333333 0 0 0 "CE" 2014
6 2015 28.552380952381 0 0 0 "CE" 2015
6 2016 28.8763157894737 0 0 0 "CE" 2016
6 2017 28.55 0 0 0 "CE" 2017
6 2018 28.2895833333333 0 0 0 "CE" 2018
7 1957 26.4 0 0 0 "CE" 1957
7 1958 28.0923076923077 0 0 0 "CE" 1958
7 1985 27.65 0 0 0 "CE" 1985
7 1992 27.05 0 0 0 "CE" 1992
7 1993 27.95 0 0 0 "CE" 1993
7 2010 27.805 0 0 0 "CE" 2010
7 2011 28.1260869565217 0 0 0 "CE" 2011
7 2012 28.4604166666667 0 0 0 "CE" 2012
7 2013 27.7375 0 0 0 "CE" 2013
7 2014 28.8413043478261 0 0 0 "CE" 2014
7 2015 28.92 0 0 0 "CE" 2015
7 2016 28.4826923076923 0 0 0 "CE" 2016
7 2017 29.0825 0 0 0 "CE" 2017
7 2018 28.222 0 0 0 "CE" 2018
8 1958 27.1 0 0 0 "CE" 1958
8 1993 29.1 0 0 0 "CE" 1993
8 1994 27.96 0 0 0 "CE" 1994
8 2009 27.35 0 0 0 "CE" 2009
8 2010 28.1295454545455 0 0 0 "CE" 2010
8 2011 28.125 0 0 0 "CE" 2011
8 2012 27.7763157894737 0 0 0 "CE" 2012
8 2013 28.0619047619048 0 0 0 "CE" 2013
8 2014 27.8704545454545 0 0 0 "CE" 2014
8 2015 28.7590909090909 0 0 0 "CE" 2015
8 2016 29.0846153846154 0 0 0 "CE" 2016
8 2017 28.5027777777778 0 0 0 "CE" 2017
8 2018 27.6705882352941 0 0 0 "CE" 2018
9 1958 27.2966666666667 0 0 0 "CE" 1958
9 1982 28.55 0 0 0 "CE" 1982
9 1992 28.9 0 0 0 "CE" 1992
9 1993 27.9 0 0 0 "CE" 1993
9 2009 27.9194444444444 0 0 0 "CE" 2009
9 2010 27.8954545454545 0 0 0 "CE" 2010
9 2011 28.1478260869565 0 0 0 "CE" 2011
9 2012 27.932 0 0 0 "CE" 2012
9 2013 27.6479166666667 0 0 0 "CE" 2013
9 2014 27.9217391304348 0 0 0 "CE" 2014
9 2015 27.9659090909091 0 0 0 "CE" 2015
9 2016 28.5886363636364 0 0 0 "CE" 2016
9 2017 28 0 0 0 "CE" 2017
9 2018 28.3823529411765 0 0 0 "CE" 2018
10 1957 26.125 0 0 0 "CE" 1957
10 1958 25.2833333333333 0 0 0 "CE" 1958
10 1992 26.65 0 0 0 "CE" 1992
10 1994 27.35 0 0 0 "CE" 1994
10 2009 27.6764705882353 0 0 0 "CE" 2009
10 2010 27.83 0 0 0 "CE" 2010
10 2011 28.0775 0 0 0 "CE" 2011
10 2012 27.64375 0 0 0 "CE" 2012
10 2013 27.8979166666667 0 0 0 "CE" 2013
10 2014 27.4478260869565 0 0 0 "CE" 2014
10 2015 27.7375 0 0 0 "CE" 2015
10 2016 28.3625 0 0 0 "CE" 2016
10 2017 27.6705882352941 0 0 0 "CE" 2017
10 2018 27.7166666666667 0 0 0 "CE" 2018
11 1957 25.2833333333333 0 0 0 "CE" 1957
11 1958 26.0384615384615 0 0 0 "CE" 1958
11 1992 25.975 0 0 0 "CE" 1992
11 1994 26.55 0 0 0 "CE" 1994
11 2009 26.8730769230769 0 0 0 "CE" 2009
11 2010 26.94 0 0 0 "CE" 2010
11 2011 27.6777777777778 0 0 0 "CE" 2011
11 2012 27.3357142857143 0 0 0 "CE" 2012
11 2013 27.5595238095238 0 0 0 "CE" 2013
11 2014 26.74 0 0 0 "CE" 2014
11 2015 27.54375 0 0 0 "CE" 2015
11 2016 27.4309523809524 0 0 0 "CE" 2016
11 2017 27.3125 0 0 0 "CE" 2017
11 2018 27.25 0 0 0 "CE" 2018
12 1957 23.15 0 0 0 "CE" 1957
12 1958 26.35 0 0 0 "CE" 1958
12 1994 27.15 0 0 0 "CE" 1994
12 2009 27.5333333333333 0 0 0 "CE" 2009
12 2010 26.6404761904762 0 0 0 "CE" 2010
12 2011 26.9934782608696 0 0 0 "CE" 2011
12 2012 27.204347826087 0 0 0 "CE" 2012
12 2013 27.4136363636364 0 0 0 "CE" 2013
12 2014 26.654347826087 0 0 0 "CE" 2014
12 2015 27.9020833333333 0 0 0 "CE" 2015
12 2016 27.674 0 0 0 "CE" 2016
12 2017 27.504347826087 0 0 0 "CE" 2017
12 2018 27.6375 0 0 0 "CE" 2018
