"MONTH" "YEAR" "ave_precip_mo" "ave_mo_t" "opium_t" "mj_t" "coca_t" "fips" "year"
1 1970 1.70967741935484 23.7967741935484 0 0 0 "CJ" 1970
1 1971 0.441935483870968 23.7677419354839 0 0 0 "CJ" 1971
1 1972 0.851612903225806 24.9564516129032 0 0 0 "CJ" 1972
1 1973 0.616129032258064 25.0064516129032 0 0 0 "CJ" 1973
1 1974 0.629032258064516 24.6870967741935 0 0 0 "CJ" 1974
1 1975 1.4258064516129 24.9661290322581 0 0 0 "CJ" 1975
1 1976 5.86451612903226 23.7532258064516 0 0 0 "CJ" 1976
1 1977 1.15806451612903 24.3241935483871 0 0 0 "CJ" 1977
1 1978 2.85806451612903 24.7629032258065 0 0 0 "CJ" 1978
1 1979 2.63225806451613 25.1790322580645 0 0 0 "CJ" 1979
1 1980 1.58387096774194 25.0064516129032 0 0 0 "CJ" 1980
1 1981 1.11290322580645 21.8564516129032 0 0 0 "CJ" 1981
1 1982 0.425806451612903 25.2677419354839 0 0 0 "CJ" 1982
1 1983 2.15806451612903 25.2677419354839 0 0 0 "CJ" 1983
1 1984 2.88709677419355 24.7370967741935 0 0 0 "CJ" 1984
1 1985 0.52258064516129 23.6064516129032 0 0 0 "CJ" 1985
1 1986 2 24.5177419354839 0 0 0 "CJ" 1986
1 1987 3.63870967741935 24.9064516129032 0 0 0 "CJ" 1987
1 1989 0 25.8 0 0 0 "CJ" 1989
1 1990 0.225 26.5125 0 0 0 "CJ" 1990
1 1991 0.166666666666667 25.45 0 0 0 "CJ" 1991
1 1992 0.216666666666667 25.5916666666667 0 0 0 "CJ" 1992
1 1993 0.185714285714286 25.3071428571429 0 0 0 "CJ" 1993
1 1994 1.1 25.1833333333333 0 0 0 "CJ" 1994
1 1996 0.988888888888889 24.8555555555556 0 0 0 "CJ" 1996
1 1997 0 25.9833333333333 0 0 0 "CJ" 1997
1 1998 0.22 25.75 0 0 0 "CJ" 1998
1 1999 0.22 25.17 0 0 0 "CJ" 1999
1 2005 0.303703703703704 25.0166666666667 0 0 0 "CJ" 2005
1 2006 1.26666666666667 25.9194444444444 0 0 0 "CJ" 2006
1 2007 0.5625 26.8354166666667 0 0 0 "CJ" 2007
1 2008 3.42 25.43 0 0 0 "CJ" 2008
1 2009 1.96 25.4125 0 0 0 "CJ" 2009
1 2010 0.358333333333333 25.2083333333333 0 0 0 "CJ" 2010
1 2011 0.0407407407407407 24.9981481481482 0 0 0 "CJ" 2011
1 2012 0.520833333333333 25.8 0 0 0 "CJ" 2012
1 2013 0.403448275862069 26.7758620689655 0 0 0 "CJ" 2013
1 2014 2.45384615384615 25.7961538461538 0 0 0 "CJ" 2014
1 2015 2.55 26.3777777777778 0 0 0 "CJ" 2015
1 2016 0.772727272727273 26.3181818181818 0 0 0 "CJ" 2016
1 2017 0.22 25.8383333333333 0 0 0 "CJ" 2017
1 2018 0.671428571428571 25.4428571428571 0 0 0 "CJ" 2018
1 2019 2.55384615384615 26.0134615384615 0 0 0 "CJ" 2019
2 1970 1 23.7875 0 0 0 "CJ" 1970
2 1971 1.3 24.6053571428571 0 0 0 "CJ" 1971
2 1972 1.35862068965517 24.6741379310345 0 0 0 "CJ" 1972
2 1973 1.28928571428571 24.0142857142857 0 0 0 "CJ" 1973
2 1974 0.996428571428571 23.3446428571429 0 0 0 "CJ" 1974
2 1975 1.03214285714286 24.2321428571429 0 0 0 "CJ" 1975
2 1976 3.16551724137931 23.9706896551724 0 0 0 "CJ" 1976
2 1977 0.525 24.8910714285714 0 0 0 "CJ" 1977
2 1978 1.39285714285714 23.8321428571429 0 0 0 "CJ" 1978
2 1979 3.6 24.5517857142857 0 0 0 "CJ" 1979
2 1980 1.26896551724138 23.7344827586207 0 0 0 "CJ" 1980
2 1981 0.528571428571429 24.5410714285714 0 0 0 "CJ" 1981
2 1982 1.24285714285714 25.2392857142857 0 0 0 "CJ" 1982
2 1983 4.55357142857143 24.9464285714286 0 0 0 "CJ" 1983
2 1984 0.827586206896552 24.9551724137931 0 0 0 "CJ" 1984
2 1985 0.578571428571429 24.9553571428571 0 0 0 "CJ" 1985
2 1986 1.03928571428571 24.3714285714286 0 0 0 "CJ" 1986
2 1987 1.72142857142857 25.6696428571429 0 0 0 "CJ" 1987
2 1989 1.91666666666667 24.8833333333333 0 0 0 "CJ" 1989
2 1990 2.98571428571429 25.7142857142857 0 0 0 "CJ" 1990
2 1991 0.5 25.85 0 0 0 "CJ" 1991
2 1992 0.833333333333333 26.0166666666667 0 0 0 "CJ" 1992
2 1993 0 25.1833333333333 0 0 0 "CJ" 1993
2 1994 13.95 25.6 0 0 0 "CJ" 1994
2 1996 0.266666666666667 24.4166666666667 0 0 0 "CJ" 1996
2 1997 0.766666666666667 25.4333333333333 0 0 0 "CJ" 1997
2 1999 1.1 25.0666666666667 0 0 0 "CJ" 1999
2 2005 0.15 24.7525 0 0 0 "CJ" 2005
2 2006 1.50769230769231 25.1846153846154 0 0 0 "CJ" 2006
2 2007 0.338888888888889 26.3833333333333 0 0 0 "CJ" 2007
2 2008 0.555555555555556 26.2194444444444 0 0 0 "CJ" 2008
2 2009 0.204 24.966 0 0 0 "CJ" 2009
2 2010 1.42083333333333 25.5645833333333 0 0 0 "CJ" 2010
2 2011 0.254545454545455 26.0090909090909 0 0 0 "CJ" 2011
2 2012 0 25.6625 0 0 0 "CJ" 2012
2 2013 0.204 26.202 0 0 0 "CJ" 2013
2 2014 0.084 26.504 0 0 0 "CJ" 2014
2 2015 0.884615384615385 24.9692307692308 0 0 0 "CJ" 2015
2 2016 0.123809523809524 25.6761904761905 0 0 0 "CJ" 2016
2 2017 0.716 26.192 0 0 0 "CJ" 2017
2 2018 0.470833333333333 26.38125 0 0 0 "CJ" 2018
3 1970 1.62903225806452 25.6774193548387 0 0 0 "CJ" 1970
3 1971 0.941935483870968 24.758064516129 0 0 0 "CJ" 1971
3 1972 0.196774193548387 24.5629032258065 0 0 0 "CJ" 1972
3 1973 0.00967741935483871 26.4612903225806 0 0 0 "CJ" 1973
3 1974 0.658064516129032 24.3516129032258 0 0 0 "CJ" 1974
3 1975 0.596774193548387 24.9467741935484 0 0 0 "CJ" 1975
3 1976 1.56129032258065 24.7032258064516 0 0 0 "CJ" 1976
3 1977 0.229032258064516 26.0048387096774 0 0 0 "CJ" 1977
3 1978 0.354838709677419 25.5645161290323 0 0 0 "CJ" 1978
3 1979 1.39354838709677 24.8870967741935 0 0 0 "CJ" 1979
3 1980 2.94193548387097 25.6758064516129 0 0 0 "CJ" 1980
3 1981 1.12258064516129 25.1758064516129 0 0 0 "CJ" 1981
3 1982 0.441935483870968 25.7177419354839 0 0 0 "CJ" 1982
3 1983 2.41935483870968 25.3758064516129 0 0 0 "CJ" 1983
3 1984 0.761290322580645 25.9854838709677 0 0 0 "CJ" 1984
3 1985 0.209677419354839 25.3806451612903 0 0 0 "CJ" 1985
3 1986 1.01290322580645 24.9903225806452 0 0 0 "CJ" 1986
3 1987 2.35806451612903 25.75 0 0 0 "CJ" 1987
3 1989 0.4 24.22 0 0 0 "CJ" 1989
3 1990 0.9125 25.525 0 0 0 "CJ" 1990
3 1992 0.2 26.08 0 0 0 "CJ" 1992
3 1993 0 21.95 0 0 0 "CJ" 1993
3 1995 2.8 24.95 0 0 0 "CJ" 1995
3 1996 0.15 26.425 0 0 0 "CJ" 1996
3 1997 0.133333333333333 26.3916666666667 0 0 0 "CJ" 1997
3 1998 0.383333333333333 25.15 0 0 0 "CJ" 1998
3 2005 0.672 26.648 0 0 0 "CJ" 2005
3 2006 0.0333333333333333 25.6466666666667 0 0 0 "CJ" 2006
3 2007 0.588 26.878 0 0 0 "CJ" 2007
3 2008 0.895454545454546 26.1113636363636 0 0 0 "CJ" 2008
3 2009 0.588461538461538 25.0980769230769 0 0 0 "CJ" 2009
3 2010 0.204 25.732 0 0 0 "CJ" 2010
3 2011 0.659259259259259 25.6611111111111 0 0 0 "CJ" 2011
3 2012 0.1 26.3636363636364 0 0 0 "CJ" 2012
3 2013 0.761538461538461 25.3346153846154 0 0 0 "CJ" 2013
3 2014 0.0724137931034483 26.6086206896552 0 0 0 "CJ" 2014
3 2015 0.241666666666667 26.4770833333333 0 0 0 "CJ" 2015
3 2016 0.938095238095238 26.9833333333333 0 0 0 "CJ" 2016
3 2017 0.909090909090909 26.0409090909091 0 0 0 "CJ" 2017
3 2018 0.2 26.1108695652174 0 0 0 "CJ" 2018
4 1970 0.0866666666666667 26.7 0 0 0 "CJ" 1970
4 1971 0.653333333333333 25.1233333333333 0 0 0 "CJ" 1971
4 1972 1.21 26.0966666666667 0 0 0 "CJ" 1972
4 1973 0.813333333333333 27.1066666666667 0 0 0 "CJ" 1973
4 1974 1.09 25.8033333333333 0 0 0 "CJ" 1974
4 1975 0.813333333333333 25.9166666666667 0 0 0 "CJ" 1975
4 1976 0.336666666666667 25.285 0 0 0 "CJ" 1976
4 1977 5.24333333333333 26.415 0 0 0 "CJ" 1977
4 1978 1.45666666666667 26.255 0 0 0 "CJ" 1978
4 1979 4.33 26 0 0 0 "CJ" 1979
4 1980 1.21666666666667 25.985 0 0 0 "CJ" 1980
4 1981 0.17 25.8316666666667 0 0 0 "CJ" 1981
4 1982 1.94 26.5416666666667 0 0 0 "CJ" 1982
4 1983 4.26 25.7333333333333 0 0 0 "CJ" 1983
4 1984 0.78 26.9333333333333 0 0 0 "CJ" 1984
4 1985 5.42666666666667 25.8416666666667 0 0 0 "CJ" 1985
4 1986 0.17 25.5583333333333 0 0 0 "CJ" 1986
4 1987 2.10333333333333 25.405 0 0 0 "CJ" 1987
4 1989 0.5 26.9 0 0 0 "CJ" 1989
4 1990 0 27.1666666666667 0 0 0 "CJ" 1990
4 1991 0.171428571428571 27.0285714285714 0 0 0 "CJ" 1991
4 1992 0.533333333333333 27.3166666666667 0 0 0 "CJ" 1992
4 1993 0 27.675 0 0 0 "CJ" 1993
4 1996 0 27.15 0 0 0 "CJ" 1996
4 1997 0.2 26.94 0 0 0 "CJ" 1997
4 1999 0.65 27.575 0 0 0 "CJ" 1999
4 2005 0.0416666666666667 27.5458333333333 0 0 0 "CJ" 2005
4 2006 0.726315789473684 27.2026315789474 0 0 0 "CJ" 2006
4 2007 0.675 26.71 0 0 0 "CJ" 2007
4 2008 0.613636363636364 26.725 0 0 0 "CJ" 2008
4 2009 0.19 26.8025 0 0 0 "CJ" 2009
4 2010 2.045 27.4025 0 0 0 "CJ" 2010
4 2011 0.0379310344827586 27.2137931034483 0 0 0 "CJ" 2011
4 2012 1.375 27.3 0 0 0 "CJ" 2012
4 2013 0.482758620689655 27.7879310344828 0 0 0 "CJ" 2013
4 2014 2.37142857142857 27.6380952380952 0 0 0 "CJ" 2014
4 2015 0 27.425 0 0 0 "CJ" 2015
4 2016 0.451851851851852 27.7944444444444 0 0 0 "CJ" 2016
4 2017 4.80454545454545 27.1522727272727 0 0 0 "CJ" 2017
4 2018 0.414814814814815 27.5907407407407 0 0 0 "CJ" 2018
5 1970 5.45483870967742 26.5145161290323 0 0 0 "CJ" 1970
5 1971 4.1741935483871 26.808064516129 0 0 0 "CJ" 1971
5 1972 1.65483870967742 26.7967741935484 0 0 0 "CJ" 1972
5 1973 2.40322580645161 27.1983870967742 0 0 0 "CJ" 1973
5 1974 5.80322580645161 26.508064516129 0 0 0 "CJ" 1974
5 1975 1.89032258064516 26.6725806451613 0 0 0 "CJ" 1975
5 1976 2.49032258064516 27.1048387096774 0 0 0 "CJ" 1976
5 1977 11.6258064516129 26.7306451612903 0 0 0 "CJ" 1977
5 1978 3.4741935483871 27.8935483870968 0 0 0 "CJ" 1978
5 1979 5.41612903225806 27.3548387096774 0 0 0 "CJ" 1979
5 1980 2.35806451612903 27.8564516129032 0 0 0 "CJ" 1980
5 1981 2.91612903225806 26.7403225806452 0 0 0 "CJ" 1981
5 1982 4.1741935483871 26.6838709677419 0 0 0 "CJ" 1982
5 1983 0.361290322580645 27.5 0 0 0 "CJ" 1983
5 1984 1.72258064516129 27.7 0 0 0 "CJ" 1984
5 1985 5.55161290322581 26.5467741935484 0 0 0 "CJ" 1985
5 1986 7.35483870967742 26.5725806451613 0 0 0 "CJ" 1986
5 1987 4.48064516129032 27.3483870967742 0 0 0 "CJ" 1987
5 1989 0.2 26.66 0 0 0 "CJ" 1989
5 1990 1.42 26.77 0 0 0 "CJ" 1990
5 1991 0.66 27.305 0 0 0 "CJ" 1991
5 1992 1.18 26.81 0 0 0 "CJ" 1992
5 1993 1.64285714285714 27.1928571428571 0 0 0 "CJ" 1993
5 1995 2.4 28.1666666666667 0 0 0 "CJ" 1995
5 1996 1.85384615384615 27.2346153846154 0 0 0 "CJ" 1996
5 1997 0.266666666666667 27.775 0 0 0 "CJ" 1997
5 1998 2.08 28.73 0 0 0 "CJ" 1998
5 1999 1.8375 27.815625 0 0 0 "CJ" 1999
5 2005 0.62 28.426 0 0 0 "CJ" 2005
5 2006 0.1 28.2666666666667 0 0 0 "CJ" 2006
5 2007 10.36 27.514 0 0 0 "CJ" 2007
5 2008 1.9 28.2736842105263 0 0 0 "CJ" 2008
5 2009 1.02916666666667 27.8208333333333 0 0 0 "CJ" 2009
5 2010 2.56086956521739 28.7326086956522 0 0 0 "CJ" 2010
5 2011 0.328571428571429 27.8803571428571 0 0 0 "CJ" 2011
5 2012 0.728571428571429 27.85 0 0 0 "CJ" 2012
5 2013 4.91153846153846 27.9461538461538 0 0 0 "CJ" 2013
5 2014 0.28695652173913 28.0021739130435 0 0 0 "CJ" 2014
5 2015 3.74545454545455 27.8227272727273 0 0 0 "CJ" 2015
5 2016 0.6 28.742 0 0 0 "CJ" 2016
5 2017 1.24615384615385 28.1711538461538 0 0 0 "CJ" 2017
5 2018 2.94814814814815 27.3 0 0 0 "CJ" 2018
6 1970 6.24666666666667 28.14 0 0 0 "CJ" 1970
6 1971 3.12333333333333 27.7 0 0 0 "CJ" 1971
6 1972 11.0766666666667 27.6266666666667 0 0 0 "CJ" 1972
6 1973 8.54666666666667 27.7033333333333 0 0 0 "CJ" 1973
6 1974 0.913333333333333 27.5766666666667 0 0 0 "CJ" 1974
6 1975 1.45666666666667 27.8083333333333 0 0 0 "CJ" 1975
6 1976 5.99666666666667 27.0533333333333 0 0 0 "CJ" 1976
6 1977 8.94333333333333 28.1216666666667 0 0 0 "CJ" 1977
6 1978 5.46666666666667 28.3016666666667 0 0 0 "CJ" 1978
6 1979 5.09666666666667 27.8233333333333 0 0 0 "CJ" 1979
6 1980 3.93666666666667 28.1916666666667 0 0 0 "CJ" 1980
6 1981 6.13666666666667 28.1 0 0 0 "CJ" 1981
6 1982 4.18333333333333 28.0316666666667 0 0 0 "CJ" 1982
6 1983 2.77666666666667 28.55 0 0 0 "CJ" 1983
6 1984 4.31333333333333 27.99 0 0 0 "CJ" 1984
6 1985 1.86666666666667 28.3783333333333 0 0 0 "CJ" 1985
6 1986 2.88 28.3216666666667 0 0 0 "CJ" 1986
6 1987 6.42333333333333 28.7683333333333 0 0 0 "CJ" 1987
6 1989 0.181818181818182 27.9863636363636 0 0 0 "CJ" 1989
6 1990 0.3 27.65 0 0 0 "CJ" 1990
6 1991 0.5 27.7333333333333 0 0 0 "CJ" 1991
6 1992 0.87 28.015 0 0 0 "CJ" 1992
6 1993 0.52 26.89 0 0 0 "CJ" 1993
6 1995 0.8 27.8375 0 0 0 "CJ" 1995
6 1996 2.0375 28.18125 0 0 0 "CJ" 1996
6 1997 0.8 28.225 0 0 0 "CJ" 1997
6 1998 0.55 29.425 0 0 0 "CJ" 1998
6 1999 3.25384615384615 28.5692307692308 0 0 0 "CJ" 1999
6 2005 5.375 28.78 0 0 0 "CJ" 2005
6 2006 12.0875 28.7166666666667 0 0 0 "CJ" 2006
6 2007 5.54444444444444 28.5388888888889 0 0 0 "CJ" 2007
6 2008 5.24285714285714 28.4952380952381 0 0 0 "CJ" 2008
6 2009 6.74166666666667 28.1979166666667 0 0 0 "CJ" 2009
6 2010 3.13913043478261 29.1978260869565 0 0 0 "CJ" 2010
6 2011 2.188 28.916 0 0 0 "CJ" 2011
6 2012 0.42 28.932 0 0 0 "CJ" 2012
6 2013 3.23333333333333 28.6851851851852 0 0 0 "CJ" 2013
6 2014 2.544 28.648 0 0 0 "CJ" 2014
6 2015 12.2259259259259 28.3 0 0 0 "CJ" 2015
6 2016 2.7962962962963 28.9222222222222 0 0 0 "CJ" 2016
6 2017 1.25909090909091 28.8409090909091 0 0 0 "CJ" 2017
6 2018 2 28.2907407407407 0 0 0 "CJ" 2018
7 1970 21.6709677419355 27.1209677419355 0 0 0 "CJ" 1970
7 1971 2.99032258064516 27.7887096774194 0 0 0 "CJ" 1971
7 1972 6.17741935483871 27.908064516129 0 0 0 "CJ" 1972
7 1973 3.69677419354839 27.9274193548387 0 0 0 "CJ" 1973
7 1974 1.7741935483871 27.7677419354839 0 0 0 "CJ" 1974
7 1975 13.1677419354839 26.9838709677419 0 0 0 "CJ" 1975
7 1976 9.10645161290322 27.9112903225806 0 0 0 "CJ" 1976
7 1977 2.1741935483871 28.3951612903226 0 0 0 "CJ" 1977
7 1978 4.01612903225806 28.341935483871 0 0 0 "CJ" 1978
7 1979 10.3387096774194 28.041935483871 0 0 0 "CJ" 1979
7 1980 1.00322580645161 28.9645161290323 0 0 0 "CJ" 1980
7 1981 7.33548387096774 28.408064516129 0 0 0 "CJ" 1981
7 1982 3 28.3338709677419 0 0 0 "CJ" 1982
7 1983 6.64193548387097 28.8725806451613 0 0 0 "CJ" 1983
7 1984 7.03225806451613 28.3467741935484 0 0 0 "CJ" 1984
7 1985 4.95 28.675 0 0 0 "CJ" 1985
7 1986 3.30967741935484 28.5693548387097 0 0 0 "CJ" 1986
7 1987 3.45806451612903 29.05 0 0 0 "CJ" 1987
7 1989 0.94 28.17 0 0 0 "CJ" 1989
7 1990 0.92 28.43 0 0 0 "CJ" 1990
7 1991 0.442857142857143 28.4571428571429 0 0 0 "CJ" 1991
7 1992 0.32 28.03 0 0 0 "CJ" 1992
7 1993 0.375 28.4 0 0 0 "CJ" 1993
7 1995 5.225 28.6375 0 0 0 "CJ" 1995
7 1996 0.933333333333333 28.0333333333333 0 0 0 "CJ" 1996
7 1997 0.25 28.3 0 0 0 "CJ" 1997
7 1998 0.927272727272727 28.6818181818182 0 0 0 "CJ" 1998
7 1999 3.97333333333333 28.21 0 0 0 "CJ" 1999
7 2005 11.4409090909091 28.8840909090909 0 0 0 "CJ" 2005
7 2006 6.24347826086957 29.0304347826087 0 0 0 "CJ" 2006
7 2007 1.62 29.47 0 0 0 "CJ" 2007
7 2008 12.3545454545455 28.6727272727273 0 0 0 "CJ" 2008
7 2009 1.22777777777778 29.5333333333333 0 0 0 "CJ" 2009
7 2010 5.0037037037037 28.487037037037 0 0 0 "CJ" 2010
7 2011 3.82 28.748 0 0 0 "CJ" 2011
7 2012 0.651851851851852 29.2796296296296 0 0 0 "CJ" 2012
7 2013 0.710714285714286 28.6910714285714 0 0 0 "CJ" 2013
7 2014 1.23157894736842 29.3947368421053 0 0 0 "CJ" 2014
7 2015 1.49166666666667 29.2895833333333 0 0 0 "CJ" 2015
7 2016 2.46538461538462 29.25 0 0 0 "CJ" 2016
7 2017 1.88260869565217 29.4282608695652 0 0 0 "CJ" 2017
7 2018 0.842307692307692 29.1788461538462 0 0 0 "CJ" 2018
8 1970 5.41935483870968 27.7741935483871 0 0 0 "CJ" 1970
8 1971 6.07741935483871 27.2451612903226 0 0 0 "CJ" 1971
8 1972 4.79354838709677 27.608064516129 0 0 0 "CJ" 1972
8 1973 9.99354838709677 27.4677419354839 0 0 0 "CJ" 1973
8 1974 3.58709677419355 27.8064516129032 0 0 0 "CJ" 1974
8 1975 3.54838709677419 27.5709677419355 0 0 0 "CJ" 1975
8 1976 4.7258064516129 28.0064516129032 0 0 0 "CJ" 1976
8 1977 4.35161290322581 28.2483870967742 0 0 0 "CJ" 1977
8 1978 5.56451612903226 28.4290322580645 0 0 0 "CJ" 1978
8 1979 6.01612903225806 27.8451612903226 0 0 0 "CJ" 1979
8 1980 7.14838709677419 28.4048387096774 0 0 0 "CJ" 1980
8 1981 7.04193548387097 28.2451612903226 0 0 0 "CJ" 1981
8 1982 7.3741935483871 28.1854838709677 0 0 0 "CJ" 1982
8 1983 3.82903225806452 28.6145161290323 0 0 0 "CJ" 1983
8 1984 8.88387096774194 28.1306451612903 0 0 0 "CJ" 1984
8 1985 6.01935483870968 28.2 0 0 0 "CJ" 1985
8 1986 5.16774193548387 28.3532258064516 0 0 0 "CJ" 1986
8 1987 2.25806451612903 28.9290322580645 0 0 0 "CJ" 1987
8 1988 5.8 28.1 0 0 0 "CJ" 1988
8 1989 0.533333333333333 28.05 0 0 0 "CJ" 1989
8 1990 0.31 28.73 0 0 0 "CJ" 1990
8 1991 0.990909090909091 27.6954545454545 0 0 0 "CJ" 1991
8 1992 1.78571428571429 27.8857142857143 0 0 0 "CJ" 1992
8 1993 0.4 28.6388888888889 0 0 0 "CJ" 1993
8 1995 0.9875 28.09375 0 0 0 "CJ" 1995
8 1996 0.75 28.3625 0 0 0 "CJ" 1996
8 1997 0.371428571428571 29.0785714285714 0 0 0 "CJ" 1997
8 1998 0.23 29.04 0 0 0 "CJ" 1998
8 1999 2.04615384615385 28.4769230769231 0 0 0 "CJ" 1999
8 2005 3.96666666666667 29.2194444444444 0 0 0 "CJ" 2005
8 2006 4.37391304347826 28.9369565217391 0 0 0 "CJ" 2006
8 2007 3.65909090909091 28.9568181818182 0 0 0 "CJ" 2007
8 2008 4.435 29.2325 0 0 0 "CJ" 2008
8 2009 0.09 29.83 0 0 0 "CJ" 2009
8 2010 2.75217391304348 29.3760869565217 0 0 0 "CJ" 2010
8 2011 0.971428571428571 29.2732142857143 0 0 0 "CJ" 2011
8 2012 2.85769230769231 28.6942307692308 0 0 0 "CJ" 2012
8 2013 1.53461538461538 28.9730769230769 0 0 0 "CJ" 2013
8 2014 2.94285714285714 29.0785714285714 0 0 0 "CJ" 2014
8 2015 0.704 29.55 0 0 0 "CJ" 2015
8 2016 2.19615384615385 29.3423076923077 0 0 0 "CJ" 2016
8 2017 2.67037037037037 29.5166666666667 0 0 0 "CJ" 2017
8 2018 1.25 29.225 0 0 0 "CJ" 2018
9 1970 8.15 27.5 0 0 0 "CJ" 1970
9 1971 7.82333333333333 27.6116666666667 0 0 0 "CJ" 1971
9 1972 12.4733333333333 27.5683333333333 0 0 0 "CJ" 1972
9 1973 7.45666666666667 27.5516666666667 0 0 0 "CJ" 1973
9 1974 6.57333333333333 27.6616666666667 0 0 0 "CJ" 1974
9 1975 5.72 27.365 0 0 0 "CJ" 1975
9 1976 1.76666666666667 27.9866666666667 0 0 0 "CJ" 1976
9 1977 8.80666666666667 27.9883333333333 0 0 0 "CJ" 1977
9 1978 7.87 27.88 0 0 0 "CJ" 1978
9 1979 13.3633333333333 26.6933333333333 0 0 0 "CJ" 1979
9 1980 7.86 27.9583333333333 0 0 0 "CJ" 1980
9 1981 4.65666666666667 27.7283333333333 0 0 0 "CJ" 1981
9 1982 4.57333333333333 27.775 0 0 0 "CJ" 1982
9 1983 4.72666666666667 28.36 0 0 0 "CJ" 1983
9 1984 6.84333333333333 27.6316666666667 0 0 0 "CJ" 1984
9 1985 6.5 28.145 0 0 0 "CJ" 1985
9 1986 1.69666666666667 28.4783333333333 0 0 0 "CJ" 1986
9 1987 10.3538461538462 28.5730769230769 0 0 0 "CJ" 1987
9 1988 0.3 28.6 0 0 0 "CJ" 1988
9 1989 1.65625 28.36875 0 0 0 "CJ" 1989
9 1990 0.733333333333333 28.3083333333333 0 0 0 "CJ" 1990
9 1991 1.17692307692308 27.8115384615385 0 0 0 "CJ" 1991
9 1992 1.12 27.81 0 0 0 "CJ" 1992
9 1993 0.9875 28.4 0 0 0 "CJ" 1993
9 1995 0.607692307692308 28.75 0 0 0 "CJ" 1995
9 1996 0.63 28.13 0 0 0 "CJ" 1996
9 1997 0.325 28.4 0 0 0 "CJ" 1997
9 1998 1.9 27.7 0 0 0 "CJ" 1998
9 1999 1.02222222222222 28.4638888888889 0 0 0 "CJ" 1999
9 2005 4.08888888888889 29.1027777777778 0 0 0 "CJ" 2005
9 2006 1.62727272727273 29.0545454545455 0 0 0 "CJ" 2006
9 2007 4.09 28.5125 0 0 0 "CJ" 2007
9 2008 4.48461538461538 29.1288461538462 0 0 0 "CJ" 2008
9 2009 7.89310344827586 29.0724137931034 0 0 0 "CJ" 2009
9 2010 9.2375 28.8895833333333 0 0 0 "CJ" 2010
9 2011 5.39583333333333 28.8354166666667 0 0 0 "CJ" 2011
9 2012 4.1875 28.8104166666667 0 0 0 "CJ" 2012
9 2013 3.98846153846154 28.2884615384615 0 0 0 "CJ" 2013
9 2014 1.224 28.32 0 0 0 "CJ" 2014
9 2015 1.5 29.1961538461538 0 0 0 "CJ" 2015
9 2016 1.4304347826087 29.4869565217391 0 0 0 "CJ" 2016
9 2017 5.675 28.9708333333333 0 0 0 "CJ" 2017
9 2018 5.84166666666667 28.75 0 0 0 "CJ" 2018
10 1970 5.4258064516129 27.058064516129 0 0 0 "CJ" 1970
10 1971 14.9709677419355 26.6838709677419 0 0 0 "CJ" 1971
10 1972 7.31935483870968 27.0806451612903 0 0 0 "CJ" 1972
10 1973 9.48709677419355 26.7225806451613 0 0 0 "CJ" 1973
10 1974 8.65161290322581 26.6370967741935 0 0 0 "CJ" 1974
10 1975 4.45483870967742 26.9290322580645 0 0 0 "CJ" 1975
10 1976 5.90967741935484 27.5338709677419 0 0 0 "CJ" 1976
10 1977 11.058064516129 27.591935483871 0 0 0 "CJ" 1977
10 1978 14.5870967741935 27 0 0 0 "CJ" 1978
10 1979 11.4516129032258 26.6225806451613 0 0 0 "CJ" 1979
10 1980 4.63548387096774 27.7258064516129 0 0 0 "CJ" 1980
10 1981 3.79032258064516 27.1354838709677 0 0 0 "CJ" 1981
10 1982 5.33225806451613 26.891935483871 0 0 0 "CJ" 1982
10 1983 3.84516129032258 27.5177419354839 0 0 0 "CJ" 1983
10 1984 3.40322580645161 27.4629032258065 0 0 0 "CJ" 1984
10 1985 4.15161290322581 27.6241935483871 0 0 0 "CJ" 1985
10 1986 2.96451612903226 27.6741935483871 0 0 0 "CJ" 1986
10 1987 2.05 27.725 0 0 0 "CJ" 1987
10 1988 0.56 27.7 0 0 0 "CJ" 1988
10 1989 0.371428571428571 27.4285714285714 0 0 0 "CJ" 1989
10 1990 0.56 27.75 0 0 0 "CJ" 1990
10 1991 1.1 27.6022727272727 0 0 0 "CJ" 1991
10 1992 0.7 27.45 0 0 0 "CJ" 1992
10 1993 0.8625 27.675 0 0 0 "CJ" 1993
10 1995 1.29375 27.765625 0 0 0 "CJ" 1995
10 1996 1.03076923076923 27.7038461538462 0 0 0 "CJ" 1996
10 1997 0.677777777777778 27.3833333333333 0 0 0 "CJ" 1997
10 1998 2.2125 27.675 0 0 0 "CJ" 1998
10 1999 1.97222222222222 27.7527777777778 0 0 0 "CJ" 1999
10 2005 13.9620689655172 27.6724137931034 0 0 0 "CJ" 2005
10 2006 7.54 28.75 0 0 0 "CJ" 2006
10 2007 8.188 27.888 0 0 0 "CJ" 2007
10 2008 10.9576923076923 27.7230769230769 0 0 0 "CJ" 2008
10 2009 14.2583333333333 28.19375 0 0 0 "CJ" 2009
10 2010 5.56538461538462 27.7019230769231 0 0 0 "CJ" 2010
10 2011 7.19166666666667 28.0770833333333 0 0 0 "CJ" 2011
10 2012 1.39230769230769 28.0557692307692 0 0 0 "CJ" 2012
10 2013 4.48275862068965 28.5224137931034 0 0 0 "CJ" 2013
10 2014 3.15185185185185 28.3407407407407 0 0 0 "CJ" 2014
10 2015 3.68260869565217 28.395652173913 0 0 0 "CJ" 2015
10 2016 3.83214285714286 28.5107142857143 0 0 0 "CJ" 2016
10 2017 9.876 28.366 0 0 0 "CJ" 2017
10 2018 2.74230769230769 28.3 0 0 0 "CJ" 2018
11 1970 2.59333333333333 25.1833333333333 0 0 0 "CJ" 1970
11 1971 18.3733333333333 25.5583333333333 0 0 0 "CJ" 1971
11 1972 1.09333333333333 27.1066666666667 0 0 0 "CJ" 1972
11 1973 1.09 26.2616666666667 0 0 0 "CJ" 1973
11 1974 3.7 25.975 0 0 0 "CJ" 1974
11 1975 11.78 25.585 0 0 0 "CJ" 1975
11 1976 2.6 26.635 0 0 0 "CJ" 1976
11 1977 2.89333333333333 27.085 0 0 0 "CJ" 1977
11 1978 7.93 26.7 0 0 0 "CJ" 1978
11 1979 4.15 26.38 0 0 0 "CJ" 1979
11 1980 9.90344827586207 26.7189655172414 0 0 0 "CJ" 1980
11 1981 5.08 25.8333333333333 0 0 0 "CJ" 1981
11 1982 2.21 25.7116666666667 0 0 0 "CJ" 1982
11 1983 3.53333333333333 26.7916666666667 0 0 0 "CJ" 1983
11 1984 3.66333333333333 25.555 0 0 0 "CJ" 1984
11 1985 2.13666666666667 27.0633333333333 0 0 0 "CJ" 1985
11 1986 1.64333333333333 27.4583333333333 0 0 0 "CJ" 1986
11 1988 3.90909090909091 27.1954545454545 0 0 0 "CJ" 1988
11 1989 1 26.965 0 0 0 "CJ" 1989
11 1990 0.511111111111111 26.7277777777778 0 0 0 "CJ" 1990
11 1991 1.56666666666667 26.7916666666667 0 0 0 "CJ" 1991
11 1992 1.31666666666667 26.7333333333333 0 0 0 "CJ" 1992
11 1993 2.66666666666667 27.3933333333333 0 0 0 "CJ" 1993
11 1996 2.69 26.68 0 0 0 "CJ" 1996
11 1997 1.45 26.7 0 0 0 "CJ" 1997
11 1998 0.892307692307692 27.7846153846154 0 0 0 "CJ" 1998
11 1999 2.61 25.8425 0 0 0 "CJ" 1999
11 2005 11.9214285714286 26.9107142857143 0 0 0 "CJ" 2005
11 2006 3.13684210526316 26.7447368421053 0 0 0 "CJ" 2006
11 2007 1.50952380952381 27.1857142857143 0 0 0 "CJ" 2007
11 2008 8.87619047619048 26.0047619047619 0 0 0 "CJ" 2008
11 2009 5.404 27.16 0 0 0 "CJ" 2009
11 2010 0.480769230769231 26.4942307692308 0 0 0 "CJ" 2010
11 2011 0.536666666666667 27.2483333333333 0 0 0 "CJ" 2011
11 2012 0.843478260869565 26.5065217391304 0 0 0 "CJ" 2012
11 2013 2.28965517241379 27.9689655172414 0 0 0 "CJ" 2013
11 2014 1.248 27.068 0 0 0 "CJ" 2014
11 2015 11.2130434782609 27.6478260869565 0 0 0 "CJ" 2015
11 2016 0.139130434782609 27.2804347826087 0 0 0 "CJ" 2016
11 2017 1.52 27.085 0 0 0 "CJ" 2017
11 2018 1.84090909090909 27.5568181818182 0 0 0 "CJ" 2018
12 1970 0.380645161290323 25.0032258064516 0 0 0 "CJ" 1970
12 1971 4.4 25.6435483870968 0 0 0 "CJ" 1971
12 1972 2.04838709677419 25.6935483870968 0 0 0 "CJ" 1972
12 1973 3.80645161290323 23.8774193548387 0 0 0 "CJ" 1973
12 1974 0.848387096774194 25.1064516129032 0 0 0 "CJ" 1974
12 1975 0.496774193548387 24.4612903225806 0 0 0 "CJ" 1975
12 1976 1.85161290322581 25.9532258064516 0 0 0 "CJ" 1976
12 1977 2.86774193548387 26.0290322580645 0 0 0 "CJ" 1977
12 1978 2.71612903225806 26.1145161290323 0 0 0 "CJ" 1978
12 1979 2.63548387096774 25.1016129032258 0 0 0 "CJ" 1979
12 1980 3.95806451612903 24.9725806451613 0 0 0 "CJ" 1980
12 1981 0.361290322580645 25.3870967741935 0 0 0 "CJ" 1981
12 1982 1.8258064516129 25.2709677419355 0 0 0 "CJ" 1982
12 1983 2.25806451612903 25.9403225806452 0 0 0 "CJ" 1983
12 1984 0.729032258064516 25.4596774193548 0 0 0 "CJ" 1984
12 1985 4.1 25.4870967741935 0 0 0 "CJ" 1985
12 1986 1.25483870967742 26.5387096774194 0 0 0 "CJ" 1986
12 1988 3.75 25.98125 0 0 0 "CJ" 1988
12 1989 1.99090909090909 25.6 0 0 0 "CJ" 1989
12 1990 0 25.6 0 0 0 "CJ" 1990
12 1991 0.325 25.59375 0 0 0 "CJ" 1991
12 1992 0.15 26.65 0 0 0 "CJ" 1992
12 1993 0.383333333333333 25.875 0 0 0 "CJ" 1993
12 1995 0 26.4583333333333 0 0 0 "CJ" 1995
12 1996 5.76666666666667 25.975 0 0 0 "CJ" 1996
12 1997 0.133333333333333 26.8583333333333 0 0 0 "CJ" 1997
12 1999 0.125 24.975 0 0 0 "CJ" 1999
12 2005 2.53 26.0775 0 0 0 "CJ" 2005
12 2006 1.3 27.1270833333333 0 0 0 "CJ" 2006
12 2007 2.30869565217391 26.0434782608696 0 0 0 "CJ" 2007
12 2008 3.54166666666667 25.73125 0 0 0 "CJ" 2008
12 2009 0.443478260869565 26.954347826087 0 0 0 "CJ" 2009
12 2010 1.67727272727273 23.2795454545455 0 0 0 "CJ" 2010
12 2011 2.13448275862069 26.2206896551724 0 0 0 "CJ" 2011
12 2012 1.352 26.588 0 0 0 "CJ" 2012
12 2013 2.55 27.0267857142857 0 0 0 "CJ" 2013
12 2014 0.165217391304348 26.3108695652174 0 0 0 "CJ" 2014
12 2015 1.80357142857143 27.325 0 0 0 "CJ" 2015
12 2016 0.02 27.395 0 0 0 "CJ" 2016
12 2017 2.39090909090909 26.7340909090909 0 0 0 "CJ" 2017
12 2018 1.54285714285714 26.5785714285714 0 0 0 "CJ" 2018
