"MONTH" "YEAR" "ave_precip_mo" "ave_mo_t" "opium_t" "mj_t" "coca_t" "fips" "year"
1 1974 0 25.7 0 0 0 "CK" 1974
1 1977 0 27.575 0 0 0 "CK" 1977
1 1980 0 28.4 0 0 0 "CK" 1980
1 1994 0 27.2038461538462 0 0 0 "CK" 1994
1 1995 0.333333333333333 27.7666666666667 0 0 0 "CK" 1995
1 1996 1.54545454545455 27.8818181818182 0 0 0 "CK" 1996
1 1997 2.32857142857143 27.9571428571429 0 0 0 "CK" 1997
1 1998 0.1875 28.109375 0 0 0 "CK" 1998
1 2000 1.85714285714286 27.7285714285714 0 0 0 "CK" 2000
1 2003 0 28.4444444444444 0 0 0 "CK" 2003
1 2004 0 27.5 0 0 0 "CK" 2004
1 2005 0 29 0 0 0 "CK" 2005
2 1974 0 27.7 0 0 0 "CK" 1974
2 1977 0 28.15 0 0 0 "CK" 1977
2 1978 0 28.25 0 0 0 "CK" 1978
2 1981 0 27.15 0 0 0 "CK" 1981
2 1994 0.0833333333333333 27.8166666666667 0 0 0 "CK" 1994
2 1995 0 27.4833333333333 0 0 0 "CK" 1995
2 1996 2.16666666666667 28.4222222222222 0 0 0 "CK" 1996
2 1997 3.1625 27.16875 0 0 0 "CK" 1997
2 1998 0.23 28.9725 0 0 0 "CK" 1998
2 2003 2.17777777777778 28 0 0 0 "CK" 2003
2 2004 9 27.25 0 0 0 "CK" 2004
2 2005 2.86666666666667 28.5 0 0 0 "CK" 2005
3 1974 0 28.1 0 0 0 "CK" 1974
3 1978 0 28.45 0 0 0 "CK" 1978
3 1979 0 27.525 0 0 0 "CK" 1979
3 1994 0.416666666666667 27.4916666666667 0 0 0 "CK" 1994
3 1995 0.166666666666667 28.2666666666667 0 0 0 "CK" 1995
3 1996 0.125 28.0875 0 0 0 "CK" 1996
3 1997 0.6 27.91 0 0 0 "CK" 1997
3 1998 1.1125 29.253125 0 0 0 "CK" 1998
3 2003 0 27.5909090909091 0 0 0 "CK" 2003
3 2004 13.45 27.5 0 0 0 "CK" 2004
3 2005 8.73333333333333 27.6666666666667 0 0 0 "CK" 2005
4 1977 0 27.8333333333333 0 0 0 "CK" 1977
4 1979 0 27.8 0 0 0 "CK" 1979
4 1981 29.95 26.525 0 0 0 "CK" 1981
4 1994 0 27.7375 0 0 0 "CK" 1994
4 1995 0 27.3285714285714 0 0 0 "CK" 1995
4 1996 1.6 28.1722222222222 0 0 0 "CK" 1996
4 1997 7.02222222222222 28.2111111111111 0 0 0 "CK" 1997
4 1998 3.91428571428571 29.6571428571429 0 0 0 "CK" 1998
4 2003 0 28.5 0 0 0 "CK" 2003
4 2004 1 28.8333333333333 0 0 0 "CK" 2004
4 2005 3.05 26.25 0 0 0 "CK" 2005
5 1977 0 27.05 0 0 0 "CK" 1977
5 1978 0 25.9 0 0 0 "CK" 1978
5 1994 1.9 27.0875 0 0 0 "CK" 1994
5 1995 0 28.1583333333333 0 0 0 "CK" 1995
5 1996 26 27.92 0 0 0 "CK" 1996
5 1997 3.22857142857143 27.5214285714286 0 0 0 "CK" 1997
5 1998 1.775 28.725 0 0 0 "CK" 1998
5 2003 1.775 28.0625 0 0 0 "CK" 2003
5 2005 11.55 27.5 0 0 0 "CK" 2005
6 1978 0 26.1583333333333 0 0 0 "CK" 1978
6 1979 3.55 26.2 0 0 0 "CK" 1979
6 1980 0 26.6 0 0 0 "CK" 1980
6 1994 0.166666666666667 26.25 0 0 0 "CK" 1994
6 1995 0 27.01 0 0 0 "CK" 1995
6 1996 1.55 27.98 0 0 0 "CK" 1996
6 1997 0.3 28.08 0 0 0 "CK" 1997
6 1998 0.5 27.01 0 0 0 "CK" 1998
6 2003 0.75 27.25 0 0 0 "CK" 2003
6 2004 6.5 27.5 0 0 0 "CK" 2004
6 2005 2.5 26 0 0 0 "CK" 2005
7 1973 0 25.85 0 0 0 "CK" 1973
7 1974 0 24.825 0 0 0 "CK" 1974
7 1977 0 26.75 0 0 0 "CK" 1977
7 1978 0 24.625 0 0 0 "CK" 1978
7 1980 0 25.65 0 0 0 "CK" 1980
7 1993 7.75 27.3 0 0 0 "CK" 1993
7 1994 0.25 25.5 0 0 0 "CK" 1994
7 1995 9.1 26.35 0 0 0 "CK" 1995
7 1996 0.1 26.67 0 0 0 "CK" 1996
7 1997 2.59285714285714 26.5928571428571 0 0 0 "CK" 1997
7 1998 0.75 26.5875 0 0 0 "CK" 1998
7 2003 2.67777777777778 27.5 0 0 0 "CK" 2003
7 2004 1 26.25 0 0 0 "CK" 2004
7 2005 0 26 0 0 0 "CK" 2005
8 1973 0 27.55 0 0 0 "CK" 1973
8 1977 0 26.425 0 0 0 "CK" 1977
8 1978 0 25.2 0 0 0 "CK" 1978
8 1979 0 25.2 0 0 0 "CK" 1979
8 1993 0.333333333333333 26.1083333333333 0 0 0 "CK" 1993
8 1994 0.8 25.7961538461538 0 0 0 "CK" 1994
8 1995 0 26.7 0 0 0 "CK" 1995
8 1996 0.375 26.5125 0 0 0 "CK" 1996
8 1997 0.844444444444444 25.5111111111111 0 0 0 "CK" 1997
8 1998 0 26.9333333333333 0 0 0 "CK" 1998
8 2003 1 26 0 0 0 "CK" 2003
8 2004 0.5 25 0 0 0 "CK" 2004
9 1974 0 26.55 0 0 0 "CK" 1974
9 1977 0 24.5375 0 0 0 "CK" 1977
9 1978 0 25.7375 0 0 0 "CK" 1978
9 1979 0 25.4 0 0 0 "CK" 1979
9 1981 0 26.1 0 0 0 "CK" 1981
9 1993 1.2 26.5863636363636 0 0 0 "CK" 1993
9 1994 1.6 25.45 0 0 0 "CK" 1994
9 1995 0 26.125 0 0 0 "CK" 1995
9 1996 0.466666666666667 26.8041666666667 0 0 0 "CK" 1996
9 1997 0.186666666666667 25.9333333333333 0 0 0 "CK" 1997
9 2002 0 25.9 0 0 0 "CK" 2002
9 2003 0 26.5 0 0 0 "CK" 2003
9 2004 20.7 25.25 0 0 0 "CK" 2004
10 1973 0 27.075 0 0 0 "CK" 1973
10 1974 0 25.95 0 0 0 "CK" 1974
10 1976 0 26.625 0 0 0 "CK" 1976
10 1977 0 26.65 0 0 0 "CK" 1977
10 1978 0 26 0 0 0 "CK" 1978
10 1980 0.5 25.5 0 0 0 "CK" 1980
10 1993 0.0833333333333333 26.25 0 0 0 "CK" 1993
10 1994 0 26.575 0 0 0 "CK" 1994
10 1995 0 27.225 0 0 0 "CK" 1995
10 1996 2.41538461538462 27.35 0 0 0 "CK" 1996
10 1997 0.430434782608696 26.6304347826087 0 0 0 "CK" 1997
10 1999 0.0294117647058824 27.8705882352941 0 0 0 "CK" 1999
10 2002 0 26.7222222222222 0 0 0 "CK" 2002
10 2003 8.70909090909091 26.3636363636364 0 0 0 "CK" 2003
11 1973 0 26.65 0 0 0 "CK" 1973
11 1976 0 26.47 0 0 0 "CK" 1976
11 1993 0.333333333333333 26.9541666666667 0 0 0 "CK" 1993
11 1994 0 27.2666666666667 0 0 0 "CK" 1994
11 1995 0.125 27.0375 0 0 0 "CK" 1995
11 1996 1.08181818181818 27.4227272727273 0 0 0 "CK" 1996
11 1997 0 27.1 0 0 0 "CK" 1997
11 1999 0.0909090909090909 27.3272727272727 0 0 0 "CK" 1999
11 2002 0 27.3125 0 0 0 "CK" 2002
11 2003 0.36 26.7 0 0 0 "CK" 2003
11 2004 0.166666666666667 26.8333333333333 0 0 0 "CK" 2004
12 1973 0 26.9 0 0 0 "CK" 1973
12 1974 0 26.45 0 0 0 "CK" 1974
12 1976 0 26.2 0 0 0 "CK" 1976
12 1977 0 27.02 0 0 0 "CK" 1977
12 1993 1.18181818181818 26.8818181818182 0 0 0 "CK" 1993
12 1994 0.142857142857143 27.1642857142857 0 0 0 "CK" 1994
12 1995 0.722222222222222 27 0 0 0 "CK" 1995
12 1996 0 27.1777777777778 0 0 0 "CK" 1996
12 1997 0 28.103125 0 0 0 "CK" 1997
12 1999 0.469230769230769 27.1230769230769 0 0 0 "CK" 1999
12 2002 0 27.7083333333333 0 0 0 "CK" 2002
12 2003 0 26.5 0 0 0 "CK" 2003
12 2004 0.25 27.25 0 0 0 "CK" 2004
