"MONTH" "YEAR" "ave_precip_mo" "ave_mo_t" "opium_t" "mj_t" "coca_t" "fips" "year"
1 1974 0 26.5 0 0 0 "CM" 1974
1 1975 0 28 0 0 0 "CM" 1975
1 1977 0 26.25 0 0 0 "CM" 1977
1 1978 0 27.625 0 0 0 "CM" 1978
1 1979 0 27.9 0 0 0 "CM" 1979
1 1980 0 27.8888888888889 0 0 0 "CM" 1980
1 1981 0 27.625 0 0 0 "CM" 1981
1 1982 7 28.08 0 0 0 "CM" 1982
1 1985 1.12222222222222 27.3888888888889 0 0 0 "CM" 1985
1 1986 99.1 29.1 0 0 0 "CM" 1986
1 1987 26.6666666666667 27.9166666666667 0 0 0 "CM" 1987
1 1988 5.02 27.99 0 0 0 "CM" 1988
1 1990 5.38 27.63 0 0 0 "CM" 1990
1 1993 0 27.55 0 0 0 "CM" 1993
1 1994 20.82 27.25 0 0 0 "CM" 1994
1 1995 0.583333333333333 27.6916666666667 0 0 0 "CM" 1995
1 1996 10.55 27.225 0 0 0 "CM" 1996
1 1998 5.775 28.0625 0 0 0 "CM" 1998
1 2000 4.42 28.16 0 0 0 "CM" 2000
1 2001 2.7 28.7 0 0 0 "CM" 2001
1 2002 1 28.9 0 0 0 "CM" 2002
1 2003 0.871428571428571 28.7428571428571 0 0 0 "CM" 2003
1 2004 0 28.3666666666667 0 0 0 "CM" 2004
1 2005 1.73636363636364 28.2409090909091 0 0 0 "CM" 2005
1 2007 0 29.3 0 0 0 "CM" 2007
1 2008 7.5 27.875 0 0 0 "CM" 2008
1 2009 14.9142857142857 28.1928571428571 0 0 0 "CM" 2009
1 2010 8.5 27.9 0 0 0 "CM" 2010
1 2011 8.9 28.05 0 0 0 "CM" 2011
1 2012 5.7 28.5 0 0 0 "CM" 2012
1 2013 0 29.45 0 0 0 "CM" 2013
1 2014 0.15 28.375 0 0 0 "CM" 2014
1 2015 7.1 27.8 0 0 0 "CM" 2015
1 2016 0.666666666666667 28.85 0 0 0 "CM" 2016
1 2019 2 29 0 0 0 "CM" 2019
2 1974 0 28 0 0 0 "CM" 1974
2 1977 0.65 28.1785714285714 0 0 0 "CM" 1977
2 1978 3.52307692307692 28.4615384615385 0 0 0 "CM" 1978
2 1979 0.333333333333333 28.5 0 0 0 "CM" 1979
2 1980 12.3428571428571 27.7142857142857 0 0 0 "CM" 1980
2 1981 2.58421052631579 28.6315789473684 0 0 0 "CM" 1981
2 1982 2.2 28.7666666666667 0 0 0 "CM" 1982
2 1983 0 27.85 0 0 0 "CM" 1983
2 1984 2 28.25 0 0 0 "CM" 1984
2 1985 9.55 26.625 0 0 0 "CM" 1985
2 1986 3.5 28.7 0 0 0 "CM" 1986
2 1987 1.5 28.65 0 0 0 "CM" 1987
2 1988 5.85 28.475 0 0 0 "CM" 1988
2 1989 0.5 28.7333333333333 0 0 0 "CM" 1989
2 1990 10.275 28.1875 0 0 0 "CM" 1990
2 1993 23.9 28.0916666666667 0 0 0 "CM" 1993
2 1994 0.8875 28.14375 0 0 0 "CM" 1994
2 1995 0.833333333333333 28.225 0 0 0 "CM" 1995
2 1996 9.8625 27.9875 0 0 0 "CM" 1996
2 1997 99.1 30 0 0 0 "CM" 1997
2 1998 0.6 30.05 0 0 0 "CM" 1998
2 2000 4.1 28.1 0 0 0 "CM" 2000
2 2001 11.2666666666667 28.6333333333333 0 0 0 "CM" 2001
2 2002 41 29.175 0 0 0 "CM" 2002
2 2003 10.275 28.5625 0 0 0 "CM" 2003
2 2004 1.24210526315789 29.6342105263158 0 0 0 "CM" 2004
2 2005 3.89 29.685 0 0 0 "CM" 2005
2 2007 8.5 29.4083333333333 0 0 0 "CM" 2007
2 2008 0 29.55 0 0 0 "CM" 2008
2 2009 2.44285714285714 28.6071428571429 0 0 0 "CM" 2009
2 2010 12.7 28.9944444444444 0 0 0 "CM" 2010
2 2011 3.375 28.275 0 0 0 "CM" 2011
2 2012 8.54545454545454 27.5090909090909 0 0 0 "CM" 2012
2 2013 7.4 29.3642857142857 0 0 0 "CM" 2013
2 2014 0.625 28.1625 0 0 0 "CM" 2014
2 2015 2.5 28.40625 0 0 0 "CM" 2015
2 2016 3.3 30.0285714285714 0 0 0 "CM" 2016
2 2017 3.05 29.3 0 0 0 "CM" 2017
2 2018 10 29.1833333333333 0 0 0 "CM" 2018
3 1974 1.9 27.75 0 0 0 "CM" 1974
3 1977 0.153333333333333 28.7333333333333 0 0 0 "CM" 1977
3 1978 2.74 27.6 0 0 0 "CM" 1978
3 1979 3.46 28.1 0 0 0 "CM" 1979
3 1980 7.52 27.925 0 0 0 "CM" 1980
3 1981 5.76666666666667 28.2916666666667 0 0 0 "CM" 1981
3 1982 7.825 27.35 0 0 0 "CM" 1982
3 1983 15.5 29.3166666666667 0 0 0 "CM" 1983
3 1984 11 28.55 0 0 0 "CM" 1984
3 1985 11.6307692307692 27.7807692307692 0 0 0 "CM" 1985
3 1986 9.6 27.4625 0 0 0 "CM" 1986
3 1987 11.3 27.5666666666667 0 0 0 "CM" 1987
3 1988 8.39 27.975 0 0 0 "CM" 1988
3 1989 5.30833333333333 28.25 0 0 0 "CM" 1989
3 1990 7.12 29.14 0 0 0 "CM" 1990
3 1993 2.38333333333333 28.5416666666667 0 0 0 "CM" 1993
3 1994 5.96875 28.3875 0 0 0 "CM" 1994
3 1995 7.775 28.3375 0 0 0 "CM" 1995
3 1996 4.84545454545455 27.5 0 0 0 "CM" 1996
3 1997 9.94285714285714 28.1285714285714 0 0 0 "CM" 1997
3 1998 0.3 30.47 0 0 0 "CM" 1998
3 2000 22.35 27.74375 0 0 0 "CM" 2000
3 2001 2.03333333333333 28.8 0 0 0 "CM" 2001
3 2002 7.43076923076923 28.2115384615385 0 0 0 "CM" 2002
3 2003 4 29.0055555555556 0 0 0 "CM" 2003
3 2004 0.214285714285714 29.7964285714286 0 0 0 "CM" 2004
3 2005 5.14444444444444 29.2444444444444 0 0 0 "CM" 2005
3 2006 1 29.35 0 0 0 "CM" 2006
3 2007 1.81428571428571 29.7714285714286 0 0 0 "CM" 2007
3 2008 8.58888888888889 27.5611111111111 0 0 0 "CM" 2008
3 2009 10.6166666666667 28.1833333333333 0 0 0 "CM" 2009
3 2010 1 29.3833333333333 0 0 0 "CM" 2010
3 2011 12.22 28.8 0 0 0 "CM" 2011
3 2012 6.6375 29.45 0 0 0 "CM" 2012
3 2013 3.63333333333333 28.5333333333333 0 0 0 "CM" 2013
3 2014 14.1571428571429 27.8714285714286 0 0 0 "CM" 2014
3 2015 3.48333333333333 28.5416666666667 0 0 0 "CM" 2015
3 2016 11.53 28.56 0 0 0 "CM" 2016
3 2017 7.9 26.9 0 0 0 "CM" 2017
4 1974 14 27.5 0 0 0 "CM" 1974
4 1977 11 27.3846153846154 0 0 0 "CM" 1977
4 1978 6.50909090909091 27.4545454545455 0 0 0 "CM" 1978
4 1979 7.14285714285714 27.4761904761905 0 0 0 "CM" 1979
4 1980 8.45909090909091 27.0909090909091 0 0 0 "CM" 1980
4 1981 4.64285714285714 28.1785714285714 0 0 0 "CM" 1981
4 1982 16.2 27.65 0 0 0 "CM" 1982
4 1983 9.33333333333333 28.55 0 0 0 "CM" 1983
4 1984 12.1909090909091 27.4181818181818 0 0 0 "CM" 1984
4 1985 32 27.4333333333333 0 0 0 "CM" 1985
4 1986 20.95 27.55 0 0 0 "CM" 1986
4 1987 0 26.7 0 0 0 "CM" 1987
4 1988 23.9 28 0 0 0 "CM" 1988
4 1989 8.07142857142857 27.8678571428571 0 0 0 "CM" 1989
4 1990 0.15 28.275 0 0 0 "CM" 1990
4 1992 0.3 28.9 0 0 0 "CM" 1992
4 1993 10.0923076923077 27.85 0 0 0 "CM" 1993
4 1994 11.4 27.775 0 0 0 "CM" 1994
4 1995 8.94 27.9 0 0 0 "CM" 1995
4 1996 13.3444444444444 27.9888888888889 0 0 0 "CM" 1996
4 1997 12.125 27.6625 0 0 0 "CM" 1997
4 1998 21.8142857142857 29.75 0 0 0 "CM" 1998
4 2000 13.275 27.5875 0 0 0 "CM" 2000
4 2001 11.7 27.675 0 0 0 "CM" 2001
4 2002 11.3666666666667 28.6 0 0 0 "CM" 2002
4 2003 7.45555555555556 27.9222222222222 0 0 0 "CM" 2003
4 2004 9.04117647058824 28.0588235294118 0 0 0 "CM" 2004
4 2005 7.76111111111111 29.0444444444444 0 0 0 "CM" 2005
4 2006 12.05 27.275 0 0 0 "CM" 2006
4 2007 5.425 28.4375 0 0 0 "CM" 2007
4 2008 12.7888888888889 27.8944444444444 0 0 0 "CM" 2008
4 2009 19.1833333333333 27.9833333333333 0 0 0 "CM" 2009
4 2010 1 28.89 0 0 0 "CM" 2010
4 2011 8.95 28.14375 0 0 0 "CM" 2011
4 2012 13.5133333333333 28.2366666666667 0 0 0 "CM" 2012
4 2013 110 28.75 0 0 0 "CM" 2013
4 2014 9.65714285714286 28.3214285714286 0 0 0 "CM" 2014
4 2015 2.36666666666667 27.8833333333333 0 0 0 "CM" 2015
4 2016 5.18461538461538 28.2192307692308 0 0 0 "CM" 2016
4 2018 0.275 28.875 0 0 0 "CM" 2018
5 1974 2.84 26.6 0 0 0 "CM" 1974
5 1977 17.4111111111111 27.8888888888889 0 0 0 "CM" 1977
5 1978 4.95882352941176 26.6470588235294 0 0 0 "CM" 1978
5 1979 27.0625 26.9375 0 0 0 "CM" 1979
5 1980 15.1647058823529 27.4411764705882 0 0 0 "CM" 1980
5 1981 9.00625 27.09375 0 0 0 "CM" 1981
5 1982 17.4545454545455 27.4090909090909 0 0 0 "CM" 1982
5 1983 2.76153846153846 28.3961538461538 0 0 0 "CM" 1983
5 1984 9.82222222222222 27.8888888888889 0 0 0 "CM" 1984
5 1985 14.1 26.65 0 0 0 "CM" 1985
5 1986 16.4 26.9 0 0 0 "CM" 1986
5 1987 13 26.475 0 0 0 "CM" 1987
5 1988 14.4 27.8642857142857 0 0 0 "CM" 1988
5 1989 8.785 27.1425 0 0 0 "CM" 1989
5 1991 8.9 28.625 0 0 0 "CM" 1991
5 1992 5 28.2666666666667 0 0 0 "CM" 1992
5 1993 12.1764705882353 27.6 0 0 0 "CM" 1993
5 1994 37.8933333333333 27.2333333333333 0 0 0 "CM" 1994
5 1995 11.3894736842105 27.7710526315789 0 0 0 "CM" 1995
5 1996 6.66 28.04 0 0 0 "CM" 1996
5 1997 8.925 27.9458333333333 0 0 0 "CM" 1997
5 1998 7.61428571428571 28.6392857142857 0 0 0 "CM" 1998
5 2000 7.4 25.575 0 0 0 "CM" 2000
5 2001 11.3777777777778 27.4555555555556 0 0 0 "CM" 2001
5 2002 11.48 28.68 0 0 0 "CM" 2002
5 2003 9.90526315789474 28.2394736842105 0 0 0 "CM" 2003
5 2004 9.46923076923077 27.7692307692308 0 0 0 "CM" 2004
5 2005 15.3615384615385 27.4038461538462 0 0 0 "CM" 2005
5 2007 7.81818181818182 28.4 0 0 0 "CM" 2007
5 2008 11.95 27.625 0 0 0 "CM" 2008
5 2009 4.24615384615385 27.6769230769231 0 0 0 "CM" 2009
5 2011 7.83846153846154 28.0807692307692 0 0 0 "CM" 2011
5 2012 7.68333333333333 27.8291666666667 0 0 0 "CM" 2012
5 2014 9.9 29.5 0 0 0 "CM" 2014
5 2015 9.6 27.4433333333333 0 0 0 "CM" 2015
5 2016 8.57857142857143 28.1321428571429 0 0 0 "CM" 2016
5 2018 3.46 27.85 0 0 0 "CM" 2018
6 1973 20.05 26.75 0 0 0 "CM" 1973
6 1974 25.5666666666667 25.5 0 0 0 "CM" 1974
6 1977 5.22666666666667 26.4 0 0 0 "CM" 1977
6 1978 14.0357142857143 26.1785714285714 0 0 0 "CM" 1978
6 1979 39.4 26.5 0 0 0 "CM" 1979
6 1980 7.33333333333333 26.3333333333333 0 0 0 "CM" 1980
6 1981 11.9227272727273 26.6136363636364 0 0 0 "CM" 1981
6 1982 19.7 25.7714285714286 0 0 0 "CM" 1982
6 1983 2.67 27.01 0 0 0 "CM" 1983
6 1985 2.1 26.275 0 0 0 "CM" 1985
6 1986 13.3666666666667 26.1833333333333 0 0 0 "CM" 1986
6 1987 7.5 26.225 0 0 0 "CM" 1987
6 1988 25.4307692307692 26.1884615384615 0 0 0 "CM" 1988
6 1989 11.76875 26.678125 0 0 0 "CM" 1989
6 1992 16.0166666666667 26.3666666666667 0 0 0 "CM" 1992
6 1993 19.0333333333333 26.3333333333333 0 0 0 "CM" 1993
6 1994 14.1764705882353 26.7205882352941 0 0 0 "CM" 1994
6 1995 14.984 26.366 0 0 0 "CM" 1995
6 1996 17.4166666666667 25.725 0 0 0 "CM" 1996
6 1997 8.77777777777778 27.6944444444444 0 0 0 "CM" 1997
6 1998 13.5411764705882 27.9970588235294 0 0 0 "CM" 1998
6 2000 11.28 26.07 0 0 0 "CM" 2000
6 2001 41.5571428571429 26.8785714285714 0 0 0 "CM" 2001
6 2002 10.4 27.925 0 0 0 "CM" 2002
6 2003 12.5416666666667 27.0166666666667 0 0 0 "CM" 2003
6 2004 5.6 26.9791666666667 0 0 0 "CM" 2004
6 2005 19.55 27.1125 0 0 0 "CM" 2005
6 2007 26.9727272727273 26.7181818181818 0 0 0 "CM" 2007
6 2008 8.50833333333333 26.8625 0 0 0 "CM" 2008
6 2009 16.57 26.86 0 0 0 "CM" 2009
6 2010 7.9 26.9 0 0 0 "CM" 2010
6 2011 9.0125 27.45 0 0 0 "CM" 2011
6 2012 11.4333333333333 27.2388888888889 0 0 0 "CM" 2012
6 2014 3.04285714285714 27.2357142857143 0 0 0 "CM" 2014
6 2015 13.4818181818182 26.6409090909091 0 0 0 "CM" 2015
6 2016 28.6142857142857 27.1785714285714 0 0 0 "CM" 2016
6 2017 19.92 27.345 0 0 0 "CM" 2017
6 2018 20.02 26.72 0 0 0 "CM" 2018
7 1973 5.33333333333333 26.3333333333333 0 0 0 "CM" 1973
7 1974 4.1 26 0 0 0 "CM" 1974
7 1977 28.6692307692308 25.1153846153846 0 0 0 "CM" 1977
7 1978 8.25 24.9375 0 0 0 "CM" 1978
7 1979 41.2111111111111 25.5555555555556 0 0 0 "CM" 1979
7 1980 6.86666666666667 25.2 0 0 0 "CM" 1980
7 1981 29.5842105263158 25.0526315789474 0 0 0 "CM" 1981
7 1982 25.23 24.875 0 0 0 "CM" 1982
7 1983 15.6 25.4029411764706 0 0 0 "CM" 1983
7 1984 9 26.225 0 0 0 "CM" 1984
7 1985 14.0666666666667 25.475 0 0 0 "CM" 1985
7 1986 9.9 24.675 0 0 0 "CM" 1986
7 1987 17.4428571428571 25.7571428571429 0 0 0 "CM" 1987
7 1988 35.1 24.25 0 0 0 "CM" 1988
7 1989 6.93333333333333 25.425 0 0 0 "CM" 1989
7 1992 20.4875 25.3625 0 0 0 "CM" 1992
7 1993 25.5777777777778 25.7055555555556 0 0 0 "CM" 1993
7 1994 15.5181818181818 24.9818181818182 0 0 0 "CM" 1994
7 1995 19.7142857142857 25.3767857142857 0 0 0 "CM" 1995
7 1996 12.7764705882353 25.3264705882353 0 0 0 "CM" 1996
7 1997 6.45 25.225 0 0 0 "CM" 1997
7 1998 14.7818181818182 26.8 0 0 0 "CM" 1998
7 2000 21.23 26.005 0 0 0 "CM" 2000
7 2001 27.95 25.8 0 0 0 "CM" 2001
7 2002 20.9857142857143 26.1142857142857 0 0 0 "CM" 2002
7 2003 2.45833333333333 26.6208333333333 0 0 0 "CM" 2003
7 2004 14.2625 26.675 0 0 0 "CM" 2004
7 2005 6.90909090909091 26.1272727272727 0 0 0 "CM" 2005
7 2006 33.0230769230769 26.35 0 0 0 "CM" 2006
7 2007 21.7 25.9142857142857 0 0 0 "CM" 2007
7 2008 18.26 26.105 0 0 0 "CM" 2008
7 2009 12.8923076923077 26.2038461538462 0 0 0 "CM" 2009
7 2010 36.4142857142857 26.2071428571429 0 0 0 "CM" 2010
7 2011 26.18 25.635 0 0 0 "CM" 2011
7 2012 17.9444444444444 25.3583333333333 0 0 0 "CM" 2012
7 2014 2.18333333333333 25.7666666666667 0 0 0 "CM" 2014
7 2015 8.475 25.2416666666667 0 0 0 "CM" 2015
7 2016 15.6 26.5833333333333 0 0 0 "CM" 2016
7 2017 8.63333333333333 26.3416666666667 0 0 0 "CM" 2017
7 2018 16.6571428571429 26.75 0 0 0 "CM" 2018
8 1973 42.9 25 0 0 0 "CM" 1973
8 1974 4.4 24.8333333333333 0 0 0 "CM" 1974
8 1977 32.695 25.25 0 0 0 "CM" 1977
8 1978 19.2166666666667 24.9166666666667 0 0 0 "CM" 1978
8 1979 16.852380952381 25.2619047619048 0 0 0 "CM" 1979
8 1980 28.45 25.2727272727273 0 0 0 "CM" 1980
8 1981 2 26.5 0 0 0 "CM" 1981
8 1982 30.38 25.01 0 0 0 "CM" 1982
8 1983 13.547619047619 24.8166666666667 0 0 0 "CM" 1983
8 1984 9.24 26.455 0 0 0 "CM" 1984
8 1985 24.5947368421053 25.5657894736842 0 0 0 "CM" 1985
8 1986 10.1666666666667 25.6416666666667 0 0 0 "CM" 1986
8 1987 4.1 26.05 0 0 0 "CM" 1987
8 1988 11.24 24.75 0 0 0 "CM" 1988
8 1989 27.088 25.23 0 0 0 "CM" 1989
8 1992 23.3 24.65 0 0 0 "CM" 1992
8 1993 12.0375 25.48125 0 0 0 "CM" 1993
8 1994 28.0052631578947 24.9763157894737 0 0 0 "CM" 1994
8 1995 33.4909090909091 25.7795454545455 0 0 0 "CM" 1995
8 1996 24.39375 25.334375 0 0 0 "CM" 1996
8 1997 38.6 24.1666666666667 0 0 0 "CM" 1997
8 1998 8.65714285714286 26.7071428571429 0 0 0 "CM" 1998
8 2000 4.1 25.15 0 0 0 "CM" 2000
8 2001 16.05 25.1083333333333 0 0 0 "CM" 2001
8 2002 36.2 26.565 0 0 0 "CM" 2002
8 2003 26.9133333333333 26.1133333333333 0 0 0 "CM" 2003
8 2004 39.01875 25.725 0 0 0 "CM" 2004
8 2005 16.9384615384615 25.7653846153846 0 0 0 "CM" 2005
8 2006 19.425 26.0208333333333 0 0 0 "CM" 2006
8 2007 31.9571428571429 26.0142857142857 0 0 0 "CM" 2007
8 2008 17.6538461538462 26.1807692307692 0 0 0 "CM" 2008
8 2009 25.2666666666667 25.5125 0 0 0 "CM" 2009
8 2010 27.6416666666667 25.9458333333333 0 0 0 "CM" 2010
8 2011 45.7266666666667 25.6666666666667 0 0 0 "CM" 2011
8 2012 17.32 25.95 0 0 0 "CM" 2012
8 2014 25.2 24.45 0 0 0 "CM" 2014
8 2015 15.2772727272727 25.65 0 0 0 "CM" 2015
8 2016 18.6136363636364 25.9795454545455 0 0 0 "CM" 2016
8 2017 25.3 26.2833333333333 0 0 0 "CM" 2017
8 2018 13.2166666666667 26.2166666666667 0 0 0 "CM" 2018
9 1973 40.4 25.8333333333333 0 0 0 "CM" 1973
9 1974 0 25 0 0 0 "CM" 1974
9 1977 13.2263157894737 26.1842105263158 0 0 0 "CM" 1977
9 1978 70.1 24.5 0 0 0 "CM" 1978
9 1979 13.19 26.35 0 0 0 "CM" 1979
9 1980 35.0052631578947 25.9210526315789 0 0 0 "CM" 1980
9 1981 21.8777777777778 25.5 0 0 0 "CM" 1981
9 1982 26.3076923076923 25.8384615384615 0 0 0 "CM" 1982
9 1983 10.1933333333333 25.8533333333333 0 0 0 "CM" 1983
9 1984 21.18 26.16 0 0 0 "CM" 1984
9 1988 9.15555555555556 25.7833333333333 0 0 0 "CM" 1988
9 1989 23.9428571428571 26.1357142857143 0 0 0 "CM" 1989
9 1992 21.9133333333333 25.45 0 0 0 "CM" 1992
9 1993 10.7777777777778 26.1944444444444 0 0 0 "CM" 1993
9 1994 30.7615384615385 25.3038461538462 0 0 0 "CM" 1994
9 1995 17.2681818181818 26.2772727272727 0 0 0 "CM" 1995
9 1996 11.5785714285714 26.3678571428571 0 0 0 "CM" 1996
9 1997 19.1 26.5 0 0 0 "CM" 1997
9 1998 21.715 26.6425 0 0 0 "CM" 1998
9 1999 1.66666666666667 25.2833333333333 0 0 0 "CM" 1999
9 2000 16.2444444444444 25.8166666666667 0 0 0 "CM" 2000
9 2001 20.7 26.19375 0 0 0 "CM" 2001
9 2002 14.2 26.51 0 0 0 "CM" 2002
9 2003 14.3785714285714 25.9535714285714 0 0 0 "CM" 2003
9 2004 21.4 26.9714285714286 0 0 0 "CM" 2004
9 2005 20.6555555555556 27.1333333333333 0 0 0 "CM" 2005
9 2006 19.92 26.095 0 0 0 "CM" 2006
9 2007 10.0857142857143 26.8178571428571 0 0 0 "CM" 2007
9 2008 26.00625 26.340625 0 0 0 "CM" 2008
9 2009 19.9833333333333 26.5291666666667 0 0 0 "CM" 2009
9 2011 11.0047619047619 26.6357142857143 0 0 0 "CM" 2011
9 2012 39.73 26.49 0 0 0 "CM" 2012
9 2013 23.225 26.05 0 0 0 "CM" 2013
9 2014 27.6 26.0363636363636 0 0 0 "CM" 2014
9 2015 14.8315789473684 26.1763157894737 0 0 0 "CM" 2015
9 2016 14.8615384615385 26.5269230769231 0 0 0 "CM" 2016
9 2017 18.1 26.14 0 0 0 "CM" 2017
9 2018 18.96 26.78 0 0 0 "CM" 2018
10 1973 9.55 26.25 0 0 0 "CM" 1973
10 1974 0 27 0 0 0 "CM" 1974
10 1976 6.34 26.4 0 0 0 "CM" 1976
10 1977 2.36363636363636 26.9090909090909 0 0 0 "CM" 1977
10 1978 70 25.75 0 0 0 "CM" 1978
10 1979 13.61 26.75 0 0 0 "CM" 1979
10 1980 17.6923076923077 26.2692307692308 0 0 0 "CM" 1980
10 1981 19.5181818181818 26.2272727272727 0 0 0 "CM" 1981
10 1982 9.26666666666667 25.9666666666667 0 0 0 "CM" 1982
10 1983 17.9166666666667 25.6208333333333 0 0 0 "CM" 1983
10 1984 14.5125 26.2875 0 0 0 "CM" 1984
10 1985 1 27.35 0 0 0 "CM" 1985
10 1986 34.05 27.15 0 0 0 "CM" 1986
10 1987 61.4 25.95 0 0 0 "CM" 1987
10 1988 15.3190476190476 26.5309523809524 0 0 0 "CM" 1988
10 1989 14.975 25.725 0 0 0 "CM" 1989
10 1992 4.1 26.24375 0 0 0 "CM" 1992
10 1993 1.65714285714286 26.5785714285714 0 0 0 "CM" 1993
10 1994 8.735 26.5325 0 0 0 "CM" 1994
10 1995 3.58571428571429 26.6 0 0 0 "CM" 1995
10 1996 7.6 26.7538461538462 0 0 0 "CM" 1996
10 1997 17.4666666666667 26.7083333333333 0 0 0 "CM" 1997
10 1998 11.455 27.3925 0 0 0 "CM" 1998
10 1999 8.88 25.205 0 0 0 "CM" 1999
10 2000 9.96666666666667 27.0083333333333 0 0 0 "CM" 2000
10 2001 10.8625 26.35625 0 0 0 "CM" 2001
10 2002 22.1 25.65 0 0 0 "CM" 2002
10 2003 7.49230769230769 27.5653846153846 0 0 0 "CM" 2003
10 2004 9.03333333333333 27.2833333333333 0 0 0 "CM" 2004
10 2005 17.0818181818182 26.4727272727273 0 0 0 "CM" 2005
10 2006 15.4666666666667 27.0333333333333 0 0 0 "CM" 2006
10 2007 17.1222222222222 26.8666666666667 0 0 0 "CM" 2007
10 2008 3.48461538461538 27.0807692307692 0 0 0 "CM" 2008
10 2009 14.8642857142857 26.6535714285714 0 0 0 "CM" 2009
10 2010 28.2666666666667 27.2833333333333 0 0 0 "CM" 2010
10 2011 17.1416666666667 27.375 0 0 0 "CM" 2011
10 2012 13.1923076923077 27.4038461538462 0 0 0 "CM" 2012
10 2013 8.03333333333333 26.2666666666667 0 0 0 "CM" 2013
10 2014 15.5166666666667 26.7833333333333 0 0 0 "CM" 2014
10 2015 26.4333333333333 26.7208333333333 0 0 0 "CM" 2015
10 2016 6.72 27.165 0 0 0 "CM" 2016
10 2017 9.44285714285714 27.4928571428571 0 0 0 "CM" 2017
10 2018 0 27.45 0 0 0 "CM" 2018
11 1973 0.5 27.625 0 0 0 "CM" 1973
11 1976 9.23846153846154 26.1923076923077 0 0 0 "CM" 1976
11 1977 0.86 27.6666666666667 0 0 0 "CM" 1977
11 1978 3.74285714285714 27.0357142857143 0 0 0 "CM" 1978
11 1979 4.22222222222222 27.0555555555556 0 0 0 "CM" 1979
11 1980 1.93636363636364 27 0 0 0 "CM" 1980
11 1981 3.94736842105263 27.5 0 0 0 "CM" 1981
11 1982 2.69 27.65 0 0 0 "CM" 1982
11 1983 7.07 27.34 0 0 0 "CM" 1983
11 1984 9.06666666666667 26.6166666666667 0 0 0 "CM" 1984
11 1988 3.9875 27.19375 0 0 0 "CM" 1988
11 1989 9.06666666666667 27.4666666666667 0 0 0 "CM" 1989
11 1992 44.05 26.8 0 0 0 "CM" 1992
11 1993 4.16 25.955 0 0 0 "CM" 1993
11 1994 10.0923076923077 26.7346153846154 0 0 0 "CM" 1994
11 1995 45 26.5 0 0 0 "CM" 1995
11 1996 1.16923076923077 28.1961538461538 0 0 0 "CM" 1996
11 1997 16.5166666666667 27.4083333333333 0 0 0 "CM" 1997
11 1998 1.78 27.93 0 0 0 "CM" 1998
11 1999 6.02857142857143 25.1714285714286 0 0 0 "CM" 1999
11 2000 9.6 27 0 0 0 "CM" 2000
11 2001 4.42 27.65 0 0 0 "CM" 2001
11 2002 0 27.7875 0 0 0 "CM" 2002
11 2003 3.25 27.93 0 0 0 "CM" 2003
11 2004 21.19 27.305 0 0 0 "CM" 2004
11 2005 18.05 27.3 0 0 0 "CM" 2005
11 2006 3.875 28.13125 0 0 0 "CM" 2006
11 2007 17.3888888888889 26.5222222222222 0 0 0 "CM" 2007
11 2008 6.45833333333333 27.7041666666667 0 0 0 "CM" 2008
11 2009 13.2222222222222 27.0222222222222 0 0 0 "CM" 2009
11 2010 5.1 27.1125 0 0 0 "CM" 2010
11 2011 1.92 28.03 0 0 0 "CM" 2011
11 2012 5.16666666666667 27.9 0 0 0 "CM" 2012
11 2013 18.025 26.45625 0 0 0 "CM" 2013
11 2014 4.45 26.55 0 0 0 "CM" 2014
11 2015 15.2666666666667 27.2541666666667 0 0 0 "CM" 2015
11 2016 12.1 26.4083333333333 0 0 0 "CM" 2016
11 2017 0.5 27.1 0 0 0 "CM" 2017
11 2018 0 27.5 0 0 0 "CM" 2018
12 1973 0 25.5 0 0 0 "CM" 1973
12 1974 0 27 0 0 0 "CM" 1974
12 1976 3.71 27.45 0 0 0 "CM" 1976
12 1977 0.76 27.1 0 0 0 "CM" 1977
12 1978 0.766666666666667 27.7916666666667 0 0 0 "CM" 1978
12 1979 0.0230769230769231 27.5769230769231 0 0 0 "CM" 1979
12 1980 1.05789473684211 27.7631578947368 0 0 0 "CM" 1980
12 1981 0.05 28.125 0 0 0 "CM" 1981
12 1982 1.375 27.475 0 0 0 "CM" 1982
12 1983 0 27.625 0 0 0 "CM" 1983
12 1984 0.3 27.5 0 0 0 "CM" 1984
12 1985 1 27.65 0 0 0 "CM" 1985
12 1989 0.5 26.6 0 0 0 "CM" 1989
12 1992 0 28.3 0 0 0 "CM" 1992
12 1993 4.1 26.95 0 0 0 "CM" 1993
12 1995 0 27.225 0 0 0 "CM" 1995
12 1996 1.98 27.79 0 0 0 "CM" 1996
12 1997 2.475 27.6875 0 0 0 "CM" 1997
12 1998 4.6375 27.8125 0 0 0 "CM" 1998
12 1999 0 27.2375 0 0 0 "CM" 1999
12 2000 4.13333333333333 27.5833333333333 0 0 0 "CM" 2000
12 2001 11 27.1875 0 0 0 "CM" 2001
12 2002 0 29 0 0 0 "CM" 2002
12 2004 1.02 28.34 0 0 0 "CM" 2004
12 2006 0.7 28.2625 0 0 0 "CM" 2006
12 2007 1.375 27.8 0 0 0 "CM" 2007
12 2008 38.7 27.95 0 0 0 "CM" 2008
12 2009 1 28.5833333333333 0 0 0 "CM" 2009
12 2010 12.95 27.75 0 0 0 "CM" 2010
12 2011 1.5 28.4666666666667 0 0 0 "CM" 2011
12 2012 9.15 27.8 0 0 0 "CM" 2012
12 2013 0.25 26.65 0 0 0 "CM" 2013
12 2015 0.4 28.275 0 0 0 "CM" 2015
12 2016 0.25 27.925 0 0 0 "CM" 2016
12 2017 0.25 28.625 0 0 0 "CM" 2017
1 1974 0 18 0 0 0 "CM" 1974
1 1975 0 21 0 0 0 "CM" 1975
1 1977 0 20.5 0 0 0 "CM" 1977
1 1978 0.0769230769230769 19.2692307692308 0 0 0 "CM" 1978
1 1979 0 21.2272727272727 0 0 0 "CM" 1979
1 1980 0 20.1875 0 0 0 "CM" 1980
1 1981 0 20.2 0 0 0 "CM" 1981
1 1982 2 19.15 0 0 0 "CM" 1982
1 1985 0.5 22.075 0 0 0 "CM" 1985
1 2019 0 25.4 0 0 0 "CM" 2019
2 1974 0 25 0 0 0 "CM" 1974
2 1977 0 21.125 0 0 0 "CM" 1977
2 1978 0 22.25 0 0 0 "CM" 1978
2 1979 0 20.75 0 0 0 "CM" 1979
2 1980 0 24.8 0 0 0 "CM" 1980
2 1981 0 22.7142857142857 0 0 0 "CM" 1981
2 1994 0 22.75 0 0 0 "CM" 1994
2 1998 0 22.5 0 0 0 "CM" 1998
2 2003 0 21.6 0 0 0 "CM" 2003
2 2005 0 23.55 0 0 0 "CM" 2005
2 2012 0 24.15 0 0 0 "CM" 2012
2 2018 0 25.4 0 0 0 "CM" 2018
3 1974 0 23.5 0 0 0 "CM" 1974
3 1977 0.761538461538462 23.5769230769231 0 0 0 "CM" 1977
3 1978 1.125 24.5625 0 0 0 "CM" 1978
3 1979 0 24.7727272727273 0 0 0 "CM" 1979
3 1980 0.176470588235294 23.6176470588235 0 0 0 "CM" 1980
3 1981 0 23.7941176470588 0 0 0 "CM" 1981
3 1982 4.66666666666667 23.7833333333333 0 0 0 "CM" 1982
3 1984 4.1 22.85 0 0 0 "CM" 1984
3 1985 7.375 24.48125 0 0 0 "CM" 1985
3 1986 4.3 25.0833333333333 0 0 0 "CM" 1986
3 1988 0.333333333333333 24.3833333333333 0 0 0 "CM" 1988
3 1989 0 23.1 0 0 0 "CM" 1989
3 1993 0.25 25.175 0 0 0 "CM" 1993
3 1994 0 23 0 0 0 "CM" 1994
3 1995 2.4 25.3 0 0 0 "CM" 1995
3 1996 1.36666666666667 24.2666666666667 0 0 0 "CM" 1996
3 2000 7.03333333333333 24.9666666666667 0 0 0 "CM" 2000
3 2003 0 22.8 0 0 0 "CM" 2003
3 2004 0 23.85 0 0 0 "CM" 2004
3 2013 7.7 24.3 0 0 0 "CM" 2013
3 2016 0 24.8 0 0 0 "CM" 2016
3 2018 1.1 25.0833333333333 0 0 0 "CM" 2018
4 1977 1.01111111111111 25.5555555555556 0 0 0 "CM" 1977
4 1978 26.7923076923077 23.4230769230769 0 0 0 "CM" 1978
4 1979 3.07692307692308 24.1153846153846 0 0 0 "CM" 1979
4 1980 3.63333333333333 24.6111111111111 0 0 0 "CM" 1980
4 1981 7.36363636363636 24.3636363636364 0 0 0 "CM" 1981
4 1983 35.45 25.375 0 0 0 "CM" 1983
4 1984 6.42 23.33 0 0 0 "CM" 1984
4 1985 0.15 22.55 0 0 0 "CM" 1985
4 1986 3.63333333333333 23.9 0 0 0 "CM" 1986
4 1989 36.25 23.8625 0 0 0 "CM" 1989
4 1993 2.5 24.4083333333333 0 0 0 "CM" 1993
4 1994 27.9 24.32 0 0 0 "CM" 1994
4 1995 22.25 24.84 0 0 0 "CM" 1995
4 1996 16.9 24.05 0 0 0 "CM" 1996
4 1997 10.5545454545455 23.9318181818182 0 0 0 "CM" 1997
4 1998 13.9 25.9571428571429 0 0 0 "CM" 1998
4 2002 9.9 25.35 0 0 0 "CM" 2002
4 2003 0 23.6 0 0 0 "CM" 2003
4 2004 0.5 26.35 0 0 0 "CM" 2004
4 2008 23.9 24.1 0 0 0 "CM" 2008
4 2009 0.8 22.45 0 0 0 "CM" 2009
4 2012 2.05 23.125 0 0 0 "CM" 2012
4 2013 10.51 24.185 0 0 0 "CM" 2013
4 2016 10.1666666666667 24.2722222222222 0 0 0 "CM" 2016
4 2017 2.83333333333333 24.95 0 0 0 "CM" 2017
4 2018 5.94166666666667 24.5541666666667 0 0 0 "CM" 2018
5 1974 4 22.6666666666667 0 0 0 "CM" 1974
5 1977 3.525 23.625 0 0 0 "CM" 1977
5 1978 3.46666666666667 23.2777777777778 0 0 0 "CM" 1978
5 1979 16.82 23.2 0 0 0 "CM" 1979
5 1980 7.54615384615385 23.3846153846154 0 0 0 "CM" 1980
5 1981 9.61 23 0 0 0 "CM" 1981
5 1982 30.6583333333333 23.1875 0 0 0 "CM" 1982
5 1983 25.3176470588235 23.8970588235294 0 0 0 "CM" 1983
5 1984 3.6 23.25 0 0 0 "CM" 1984
5 1985 31 20.65 0 0 0 "CM" 1985
5 1987 7.1 23.3 0 0 0 "CM" 1987
5 1988 13.7333333333333 23.45 0 0 0 "CM" 1988
5 1989 14.4545454545455 22.5727272727273 0 0 0 "CM" 1989
5 1991 34 22.45 0 0 0 "CM" 1991
5 1992 3.4 22.79 0 0 0 "CM" 1992
5 1993 6.275 23.39375 0 0 0 "CM" 1993
5 1994 9.93636363636364 22.4727272727273 0 0 0 "CM" 1994
5 1995 3.85 23.8583333333333 0 0 0 "CM" 1995
5 1996 7.86666666666667 23.4583333333333 0 0 0 "CM" 1996
5 1997 18.4272727272727 23.05 0 0 0 "CM" 1997
5 1998 9.47692307692308 24.2615384615385 0 0 0 "CM" 1998
5 2001 0.3 22.45 0 0 0 "CM" 2001
5 2002 2 24.75 0 0 0 "CM" 2002
5 2003 23.9 23.9 0 0 0 "CM" 2003
5 2004 0 26 0 0 0 "CM" 2004
5 2008 25.2 23.2 0 0 0 "CM" 2008
5 2013 4.125 23.7625 0 0 0 "CM" 2013
5 2015 11.5 23.7681818181818 0 0 0 "CM" 2015
5 2016 18.4727272727273 23.3909090909091 0 0 0 "CM" 2016
5 2017 16.0818181818182 23.4727272727273 0 0 0 "CM" 2017
5 2018 8.67857142857143 23.2821428571429 0 0 0 "CM" 2018
6 1973 5.33333333333333 23.1666666666667 0 0 0 "CM" 1973
6 1974 0 21.5 0 0 0 "CM" 1974
6 1977 6.83846153846154 22.4230769230769 0 0 0 "CM" 1977
6 1978 11.4 21.0833333333333 0 0 0 "CM" 1978
6 1979 4.06666666666667 21.8333333333333 0 0 0 "CM" 1979
6 1980 13.89 22.75 0 0 0 "CM" 1980
6 1981 6.975 22.5 0 0 0 "CM" 1981
6 1982 3.56 21.95 0 0 0 "CM" 1982
6 1983 7.55 21.975 0 0 0 "CM" 1983
6 1985 1 21.6166666666667 0 0 0 "CM" 1985
6 1986 0.4 22.1625 0 0 0 "CM" 1986
6 1987 13.6 21.85 0 0 0 "CM" 1987
6 1988 2.48571428571429 21.85 0 0 0 "CM" 1988
6 1989 13.825 22.8125 0 0 0 "CM" 1989
6 1992 6.53333333333333 22.4083333333333 0 0 0 "CM" 1992
6 1993 7.06 22.73 0 0 0 "CM" 1993
6 1994 4.325 22.4666666666667 0 0 0 "CM" 1994
6 1995 5.7 22.7909090909091 0 0 0 "CM" 1995
6 1996 7.53888888888889 22.4888888888889 0 0 0 "CM" 1996
6 1997 2.5375 23.2125 0 0 0 "CM" 1997
6 1998 5.89285714285714 23.3535714285714 0 0 0 "CM" 1998
6 2000 5.1 21.9 0 0 0 "CM" 2000
6 2001 21.1 21.85 0 0 0 "CM" 2001
6 2003 0 22.5 0 0 0 "CM" 2003
6 2008 9.71428571428571 22.6285714285714 0 0 0 "CM" 2008
6 2009 9.475 22.625 0 0 0 "CM" 2009
6 2012 1 23.5 0 0 0 "CM" 2012
6 2013 8.8 23.5166666666667 0 0 0 "CM" 2013
6 2015 9.71428571428572 22.7928571428571 0 0 0 "CM" 2015
6 2016 23.2555555555556 22.6555555555556 0 0 0 "CM" 2016
6 2017 6.62142857142857 22.8785714285714 0 0 0 "CM" 2017
6 2018 7.85333333333333 22.5333333333333 0 0 0 "CM" 2018
7 1973 8.84 21.8 0 0 0 "CM" 1973
7 1974 16.5 21 0 0 0 "CM" 1974
7 1977 20.025 21.8333333333333 0 0 0 "CM" 1977
7 1978 7.64444444444444 21.5 0 0 0 "CM" 1978
7 1979 14.0714285714286 21.7142857142857 0 0 0 "CM" 1979
7 1980 9.53888888888889 21.7777777777778 0 0 0 "CM" 1980
7 1981 5.72 21.3 0 0 0 "CM" 1981
7 1982 23.95 21.0625 0 0 0 "CM" 1982
7 1983 17.7846153846154 21.8884615384615 0 0 0 "CM" 1983
7 1984 0 20.5 0 0 0 "CM" 1984
7 1985 20.5692307692308 21.0846153846154 0 0 0 "CM" 1985
7 1986 1 21.5 0 0 0 "CM" 1986
7 1987 10.225 22.575 0 0 0 "CM" 1987
7 1989 7.80555555555556 21.3555555555556 0 0 0 "CM" 1989
7 1992 3.16666666666667 21.6 0 0 0 "CM" 1992
7 1993 11.6222222222222 22.1722222222222 0 0 0 "CM" 1993
7 1994 9.00769230769231 22.0692307692308 0 0 0 "CM" 1994
7 1995 11.5 21.8555555555556 0 0 0 "CM" 1995
7 1996 5.95625 22.215625 0 0 0 "CM" 1996
7 1997 20.1 23.3 0 0 0 "CM" 1997
7 1998 11.5466666666667 22.16 0 0 0 "CM" 1998
7 2002 20.1 21.5 0 0 0 "CM" 2002
7 2003 7.9 22.55 0 0 0 "CM" 2003
7 2008 2.525 22.025 0 0 0 "CM" 2008
7 2009 33.725 22.7625 0 0 0 "CM" 2009
7 2013 11.0181818181818 21.6727272727273 0 0 0 "CM" 2013
7 2015 10.8 22.8666666666667 0 0 0 "CM" 2015
7 2016 5.8 23.4666666666667 0 0 0 "CM" 2016
7 2017 11.25 22.4916666666667 0 0 0 "CM" 2017
7 2018 13.0052631578947 22.4105263157895 0 0 0 "CM" 2018
8 1973 5.33333333333333 22 0 0 0 "CM" 1973
8 1974 3.03333333333333 21.6666666666667 0 0 0 "CM" 1974
8 1977 9.82941176470588 21.5 0 0 0 "CM" 1977
8 1978 5.18 22.2 0 0 0 "CM" 1978
8 1979 13.1411764705882 22.2647058823529 0 0 0 "CM" 1979
8 1980 11.1933333333333 22.2 0 0 0 "CM" 1980
8 1982 40.5166666666667 21.275 0 0 0 "CM" 1982
8 1983 25.3090909090909 21.7409090909091 0 0 0 "CM" 1983
8 1984 5.58888888888889 22.0166666666667 0 0 0 "CM" 1984
8 1985 6.58571428571429 21.7142857142857 0 0 0 "CM" 1985
8 1986 71.1 21.35 0 0 0 "CM" 1986
8 1988 8.71666666666667 22.0083333333333 0 0 0 "CM" 1988
8 1989 8.84 21.7075 0 0 0 "CM" 1989
8 1992 12.7 22.0666666666667 0 0 0 "CM" 1992
8 1993 7.81666666666667 21.95 0 0 0 "CM" 1993
8 1994 10.5666666666667 21.6277777777778 0 0 0 "CM" 1994
8 1995 9.08235294117647 22.0382352941176 0 0 0 "CM" 1995
8 1996 5.23076923076923 21.8807692307692 0 0 0 "CM" 1996
8 1997 3.55 21.875 0 0 0 "CM" 1997
8 1998 9.8 22.475 0 0 0 "CM" 1998
8 2001 24.5 21.475 0 0 0 "CM" 2001
8 2002 16.4 22.55 0 0 0 "CM" 2002
8 2003 1 21.95 0 0 0 "CM" 2003
8 2008 9.11111111111111 21.6888888888889 0 0 0 "CM" 2008
8 2009 22.775 22.5375 0 0 0 "CM" 2009
8 2013 13.4466666666667 21.7533333333333 0 0 0 "CM" 2013
8 2015 13.725 23.0375 0 0 0 "CM" 2015
8 2016 0.6 22.54 0 0 0 "CM" 2016
8 2017 5.86875 22.278125 0 0 0 "CM" 2017
8 2018 7.10666666666667 22.3733333333333 0 0 0 "CM" 2018
9 1973 5.38 21.9 0 0 0 "CM" 1973
9 1977 5.4 22.0666666666667 0 0 0 "CM" 1977
9 1978 19.4 21.6666666666667 0 0 0 "CM" 1978
9 1979 5.275 21.9375 0 0 0 "CM" 1979
9 1980 6.36842105263158 22.2894736842105 0 0 0 "CM" 1980
9 1981 13.7875 21.3125 0 0 0 "CM" 1981
9 1982 119.683333333333 21.8916666666667 0 0 0 "CM" 1982
9 1983 29.7 22.3136363636364 0 0 0 "CM" 1983
9 1984 4.38 21.425 0 0 0 "CM" 1984
9 1988 9.62857142857143 21.8214285714286 0 0 0 "CM" 1988
9 1989 8.3 21.75 0 0 0 "CM" 1989
9 1992 21.18 22.17 0 0 0 "CM" 1992
9 1993 13.8777777777778 22.1666666666667 0 0 0 "CM" 1993
9 1994 8.38571428571429 22.2071428571429 0 0 0 "CM" 1994
9 1995 9.5 22.43125 0 0 0 "CM" 1995
9 1996 6.50833333333333 22.3458333333333 0 0 0 "CM" 1996
9 1997 2.5 23.5 0 0 0 "CM" 1997
9 1998 7.94285714285714 22.3107142857143 0 0 0 "CM" 1998
9 2000 8 21.75 0 0 0 "CM" 2000
9 2002 7.9 22.5 0 0 0 "CM" 2002
9 2007 1.66666666666667 23.2666666666667 0 0 0 "CM" 2007
9 2008 6.725 22.5625 0 0 0 "CM" 2008
9 2009 33.475 23.1125 0 0 0 "CM" 2009
9 2012 8.675 21.8125 0 0 0 "CM" 2012
9 2013 10.395 22.4275 0 0 0 "CM" 2013
9 2015 7.46666666666667 22.7125 0 0 0 "CM" 2015
9 2016 10.6866666666667 22.8333333333333 0 0 0 "CM" 2016
9 2017 7.98666666666667 22.4166666666667 0 0 0 "CM" 2017
9 2018 11.4 22.2625 0 0 0 "CM" 2018
10 1974 1.5 21.25 0 0 0 "CM" 1974
10 1976 4.54545454545455 21.9090909090909 0 0 0 "CM" 1976
10 1977 3.275 22.0416666666667 0 0 0 "CM" 1977
10 1978 1.525 22.375 0 0 0 "CM" 1978
10 1979 0.8 22.7 0 0 0 "CM" 1979
10 1980 0.730769230769231 22.5769230769231 0 0 0 "CM" 1980
10 1981 5.62857142857143 22.0714285714286 0 0 0 "CM" 1981
10 1982 19.8166666666667 22.5 0 0 0 "CM" 1982
10 1983 2.03333333333333 22.4833333333333 0 0 0 "CM" 1983
10 1984 8.0375 22.6 0 0 0 "CM" 1984
10 1986 5.1 20.6 0 0 0 "CM" 1986
10 1987 12.64 22.2 0 0 0 "CM" 1987
10 1988 0.9 22.2 0 0 0 "CM" 1988
10 1989 19.6333333333333 22.65 0 0 0 "CM" 1989
10 1992 3.65 22.225 0 0 0 "CM" 1992
10 1993 1 22.7333333333333 0 0 0 "CM" 1993
10 1994 9.35555555555556 21.7722222222222 0 0 0 "CM" 1994
10 1995 35.4 23.1833333333333 0 0 0 "CM" 1995
10 1996 4.30769230769231 23.0346153846154 0 0 0 "CM" 1996
10 1997 4.46 22.97 0 0 0 "CM" 1997
10 1998 5.05 22.725 0 0 0 "CM" 1998
10 1999 2 20.95 0 0 0 "CM" 1999
10 2001 0.25 23 0 0 0 "CM" 2001
10 2003 20.1 22.7 0 0 0 "CM" 2003
10 2007 5.6125 22.575 0 0 0 "CM" 2007
10 2008 7.5 22.5625 0 0 0 "CM" 2008
10 2009 23.82 22.91 0 0 0 "CM" 2009
10 2011 2 21.3 0 0 0 "CM" 2011
10 2012 8.49166666666667 22.7041666666667 0 0 0 "CM" 2012
10 2013 8.58 22.41 0 0 0 "CM" 2013
10 2015 1.775 22.7625 0 0 0 "CM" 2015
10 2016 6.5125 23.775 0 0 0 "CM" 2016
10 2017 5.65454545454545 23.4727272727273 0 0 0 "CM" 2017
10 2018 11.05 23.0375 0 0 0 "CM" 2018
11 1973 0 20.5 0 0 0 "CM" 1973
11 1976 0.0909090909090909 20 0 0 0 "CM" 1976
11 1977 0 20.21875 0 0 0 "CM" 1977
11 1978 0 20.5333333333333 0 0 0 "CM" 1978
11 1979 0.82 22.7 0 0 0 "CM" 1979
11 1980 0 20.8571428571429 0 0 0 "CM" 1980
11 1981 0 20.1111111111111 0 0 0 "CM" 1981
11 1982 0 21.25 0 0 0 "CM" 1982
11 1986 0.3 22.6 0 0 0 "CM" 1986
11 1989 17.4 22.575 0 0 0 "CM" 1989
11 1992 3 22.65 0 0 0 "CM" 1992
11 1993 0.5 22.425 0 0 0 "CM" 1993
11 1994 0 20.925 0 0 0 "CM" 1994
11 1995 1 22.5 0 0 0 "CM" 1995
11 1998 0 24.25 0 0 0 "CM" 1998
11 2007 5.95 22.25 0 0 0 "CM" 2007
11 2009 4.05 23.525 0 0 0 "CM" 2009
11 2012 2.05 23.725 0 0 0 "CM" 2012
11 2015 3 21.75 0 0 0 "CM" 2015
11 2017 0 23.8 0 0 0 "CM" 2017
11 2018 1 23.325 0 0 0 "CM" 2018
12 1974 0 19.5 0 0 0 "CM" 1974
12 1976 0 19.5454545454545 0 0 0 "CM" 1976
12 1977 0 19.5 0 0 0 "CM" 1977
12 1978 0 19.55 0 0 0 "CM" 1978
12 1979 0 19 0 0 0 "CM" 1979
12 1980 0 19.15625 0 0 0 "CM" 1980
12 1981 0 20.4 0 0 0 "CM" 1981
12 1994 0 18 0 0 0 "CM" 1994
12 1999 0 20.75 0 0 0 "CM" 1999
12 2013 0 22.31 0 0 0 "CM" 2013
1 1975 0 22 0 0 0 "CM" 1975
1 1977 0 24.8888888888889 0 0 0 "CM" 1977
1 1978 0 24.5333333333333 0 0 0 "CM" 1978
1 1979 0 24.6428571428571 0 0 0 "CM" 1979
1 1980 0 24.1666666666667 0 0 0 "CM" 1980
1 1981 0 23.8333333333333 0 0 0 "CM" 1981
2 1974 0 30.5 0 0 0 "CM" 1974
2 1977 0 26.2333333333333 0 0 0 "CM" 1977
2 1978 0 27.6666666666667 0 0 0 "CM" 1978
2 1979 0 28 0 0 0 "CM" 1979
2 1980 0 29.6666666666667 0 0 0 "CM" 1980
2 1994 25 27.7 0 0 0 "CM" 1994
3 1974 0 30.8333333333333 0 0 0 "CM" 1974
3 1977 0 28.7916666666667 0 0 0 "CM" 1977
3 1978 0 31.2142857142857 0 0 0 "CM" 1978
3 1979 0 30.9444444444444 0 0 0 "CM" 1979
3 1980 0 28.9 0 0 0 "CM" 1980
3 1981 0 32 0 0 0 "CM" 1981
4 1977 0 32.95 0 0 0 "CM" 1977
4 1978 2.12222222222222 31.0555555555556 0 0 0 "CM" 1978
4 1979 1.18181818181818 32.5454545454545 0 0 0 "CM" 1979
4 1980 0 34.0555555555556 0 0 0 "CM" 1980
4 1981 0.5 33.4166666666667 0 0 0 "CM" 1981
4 1984 15.6666666666667 32.2333333333333 0 0 0 "CM" 1984
4 1989 45 26.05 0 0 0 "CM" 1989
4 1993 3.95 31.9 0 0 0 "CM" 1993
4 1994 0.25 32.8 0 0 0 "CM" 1994
4 1995 16.2 32.82 0 0 0 "CM" 1995
4 1997 10.05 29.3 0 0 0 "CM" 1997
4 1998 1.5 31.95 0 0 0 "CM" 1998
5 1974 12 29.8333333333333 0 0 0 "CM" 1974
5 1977 0.333333333333333 32.1666666666667 0 0 0 "CM" 1977
5 1978 7.18181818181818 30 0 0 0 "CM" 1978
5 1979 3.16666666666667 31.5 0 0 0 "CM" 1979
5 1980 0.554545454545455 31.5909090909091 0 0 0 "CM" 1980
5 1981 1.01666666666667 30.75 0 0 0 "CM" 1981
5 1982 7.05 31.3 0 0 0 "CM" 1982
5 1983 0.5 34 0 0 0 "CM" 1983
5 1984 8.38 31.3 0 0 0 "CM" 1984
5 1986 3.05 29.9 0 0 0 "CM" 1986
5 1989 22.3666666666667 27.2583333333333 0 0 0 "CM" 1989
5 1993 1.5 30.3 0 0 0 "CM" 1993
5 1994 7.1 25.7 0 0 0 "CM" 1994
5 1995 9.4 30.5 0 0 0 "CM" 1995
5 1996 5.45 29.875 0 0 0 "CM" 1996
5 1997 46 27.35 0 0 0 "CM" 1997
5 1998 0 34.9666666666667 0 0 0 "CM" 1998
6 1973 0 29 0 0 0 "CM" 1973
6 1974 0 29.5 0 0 0 "CM" 1974
6 1977 2.28181818181818 29.3181818181818 0 0 0 "CM" 1977
6 1978 2.43333333333333 28.7083333333333 0 0 0 "CM" 1978
6 1979 13 28.1 0 0 0 "CM" 1979
6 1980 6.11111111111111 28.1666666666667 0 0 0 "CM" 1980
6 1981 3.11111111111111 30.0555555555556 0 0 0 "CM" 1981
6 1982 7.03333333333333 29.1166666666667 0 0 0 "CM" 1982
6 1983 0.15 28.35 0 0 0 "CM" 1983
6 1986 11.1666666666667 28.7833333333333 0 0 0 "CM" 1986
6 1987 2 29.45 0 0 0 "CM" 1987
6 1988 2 30.3 0 0 0 "CM" 1988
6 1989 14.1571428571429 25.9571428571429 0 0 0 "CM" 1989
6 1993 12.45 27.1 0 0 0 "CM" 1993
6 1994 11.3222222222222 29.2055555555556 0 0 0 "CM" 1994
6 1995 15.65 27.7416666666667 0 0 0 "CM" 1995
6 1996 1.6875 27.83125 0 0 0 "CM" 1996
6 1998 5.275 29.825 0 0 0 "CM" 1998
7 1973 6.8 26.5 0 0 0 "CM" 1973
7 1977 0.4 27.7 0 0 0 "CM" 1977
7 1978 2.83333333333333 26.6666666666667 0 0 0 "CM" 1978
7 1979 0 28.5 0 0 0 "CM" 1979
7 1980 3.71764705882353 26.9117647058824 0 0 0 "CM" 1980
7 1981 0 26.7142857142857 0 0 0 "CM" 1981
7 1982 5.66666666666667 27.05 0 0 0 "CM" 1982
7 1983 1.2 26.82 0 0 0 "CM" 1983
7 1985 96.3666666666667 25.2166666666667 0 0 0 "CM" 1985
7 1989 12.3166666666667 24.8583333333333 0 0 0 "CM" 1989
7 1992 10.55 26.925 0 0 0 "CM" 1992
7 1993 217.95 25.5 0 0 0 "CM" 1993
7 1994 15.8166666666667 26.6083333333333 0 0 0 "CM" 1994
7 1995 3.31428571428571 26.3857142857143 0 0 0 "CM" 1995
7 1996 1.65 27.46875 0 0 0 "CM" 1996
7 1997 11.9 27.55 0 0 0 "CM" 1997
7 1998 18.925 28.2 0 0 0 "CM" 1998
8 1973 0 27.5 0 0 0 "CM" 1973
8 1977 11.6875 25.75 0 0 0 "CM" 1977
8 1978 11.1333333333333 26.6666666666667 0 0 0 "CM" 1978
8 1979 5 26.6538461538462 0 0 0 "CM" 1979
8 1980 10.35 26.2083333333333 0 0 0 "CM" 1980
8 1981 0 27.5 0 0 0 "CM" 1981
8 1982 34.3666666666667 26.0166666666667 0 0 0 "CM" 1982
8 1983 41.7285714285714 26.2357142857143 0 0 0 "CM" 1983
8 1984 12.6333333333333 26.65 0 0 0 "CM" 1984
8 1985 6.0375 26.28125 0 0 0 "CM" 1985
8 1986 5.33333333333333 25.4833333333333 0 0 0 "CM" 1986
8 1987 1 25.7 0 0 0 "CM" 1987
8 1988 36.95 25.65 0 0 0 "CM" 1988
8 1989 37.3222222222222 24.2333333333333 0 0 0 "CM" 1989
8 1992 25.05 25.375 0 0 0 "CM" 1992
8 1993 12.5571428571429 25.9785714285714 0 0 0 "CM" 1993
8 1994 11.1916666666667 25.8166666666667 0 0 0 "CM" 1994
8 1995 15.7 25.9583333333333 0 0 0 "CM" 1995
8 1996 7.13333333333333 26.575 0 0 0 "CM" 1996
8 1997 9.9 26.5 0 0 0 "CM" 1997
8 1998 8.3 26.7 0 0 0 "CM" 1998
9 1973 2.725 28 0 0 0 "CM" 1973
9 1977 2.52666666666667 27.5 0 0 0 "CM" 1977
9 1978 3.51666666666667 27.4166666666667 0 0 0 "CM" 1978
9 1979 3.3 27.5 0 0 0 "CM" 1979
9 1980 4.70588235294118 27.5882352941176 0 0 0 "CM" 1980
9 1981 2.38 26.4 0 0 0 "CM" 1981
9 1982 11.0428571428571 25.95 0 0 0 "CM" 1982
9 1983 11.6666666666667 25.4166666666667 0 0 0 "CM" 1983
9 1984 3.55 25.55 0 0 0 "CM" 1984
9 1988 12.5 25.1625 0 0 0 "CM" 1988
9 1989 1.53333333333333 25.1833333333333 0 0 0 "CM" 1989
9 1992 6.7 26.9833333333333 0 0 0 "CM" 1992
9 1993 9.6 27.51 0 0 0 "CM" 1993
9 1994 3.85 26.8625 0 0 0 "CM" 1994
9 1995 10.1285714285714 26.6428571428571 0 0 0 "CM" 1995
9 1996 18.0285714285714 26.4357142857143 0 0 0 "CM" 1996
9 1997 0 28.9 0 0 0 "CM" 1997
9 1998 3.2 27.54 0 0 0 "CM" 1998
9 2001 6.5 26.75 0 0 0 "CM" 2001
10 1973 0 25 0 0 0 "CM" 1973
10 1976 8.54444444444444 27.2777777777778 0 0 0 "CM" 1976
10 1977 0.358823529411765 27.6176470588235 0 0 0 "CM" 1977
10 1978 0.5 27 0 0 0 "CM" 1978
10 1979 0 29.1111111111111 0 0 0 "CM" 1979
10 1980 0 28.7 0 0 0 "CM" 1980
10 1981 0 30 0 0 0 "CM" 1981
10 1982 0 29.5 0 0 0 "CM" 1982
10 1984 0 31.25 0 0 0 "CM" 1984
10 1989 0 25.5 0 0 0 "CM" 1989
10 1992 0.5 28 0 0 0 "CM" 1992
10 1994 3.3 28.6166666666667 0 0 0 "CM" 1994
10 1995 0 25.8 0 0 0 "CM" 1995
10 1996 0 29 0 0 0 "CM" 1996
10 1998 0 28.65 0 0 0 "CM" 1998
11 1973 0 26.375 0 0 0 "CM" 1973
11 1976 0 26.05 0 0 0 "CM" 1976
11 1977 0 26.8571428571429 0 0 0 "CM" 1977
11 1978 0 26.4666666666667 0 0 0 "CM" 1978
11 1979 0 29.0833333333333 0 0 0 "CM" 1979
11 1980 0 27.5 0 0 0 "CM" 1980
11 1981 0 26.875 0 0 0 "CM" 1981
11 1994 0 28.1 0 0 0 "CM" 1994
11 1998 0 28.375 0 0 0 "CM" 1998
12 1973 0 28 0 0 0 "CM" 1973
12 1974 0 21.8333333333333 0 0 0 "CM" 1974
12 1976 0 24.7142857142857 0 0 0 "CM" 1976
12 1977 0 22.9473684210526 0 0 0 "CM" 1977
12 1978 0 25.3928571428571 0 0 0 "CM" 1978
12 1979 0 23.875 0 0 0 "CM" 1979
12 1980 0 25.3888888888889 0 0 0 "CM" 1980
12 1981 0 26.0357142857143 0 0 0 "CM" 1981
12 1998 0 27.4 0 0 0 "CM" 1998
1 1974 0 22.5 0 0 0 "CM" 1974
1 1975 0 23.5 0 0 0 "CM" 1975
1 1977 0 26.8333333333333 0 0 0 "CM" 1977
1 1978 0 25.3333333333333 0 0 0 "CM" 1978
1 1979 0 26.0416666666667 0 0 0 "CM" 1979
1 1980 0 26.0833333333333 0 0 0 "CM" 1980
1 1981 0 24.8888888888889 0 0 0 "CM" 1981
1 1993 0.25 22.7 0 0 0 "CM" 1993
1 2000 0 26.3 0 0 0 "CM" 2000
1 2003 0 26.0227272727273 0 0 0 "CM" 2003
1 2004 0 26.875 0 0 0 "CM" 2004
1 2005 0 24.05 0 0 0 "CM" 2005
2 1974 0 31.5 0 0 0 "CM" 1974
2 1977 0 27.8076923076923 0 0 0 "CM" 1977
2 1978 0 29.4090909090909 0 0 0 "CM" 1978
2 1979 0 29.6666666666667 0 0 0 "CM" 1979
2 1980 0 32.5 0 0 0 "CM" 1980
2 1981 0 29.1388888888889 0 0 0 "CM" 1981
2 1985 0 29.4 0 0 0 "CM" 1985
2 1994 25 29.375 0 0 0 "CM" 1994
2 2003 0 29.94375 0 0 0 "CM" 2003
2 2004 0 28.90625 0 0 0 "CM" 2004
2 2005 0 33.8 0 0 0 "CM" 2005
3 1974 0 33 0 0 0 "CM" 1974
3 1977 0 30.4545454545455 0 0 0 "CM" 1977
3 1978 0 32.875 0 0 0 "CM" 1978
3 1979 6.4 33.1 0 0 0 "CM" 1979
3 1980 0.0238095238095238 32.5476190476191 0 0 0 "CM" 1980
3 1981 0 32.6842105263158 0 0 0 "CM" 1981
3 1985 12.725 30.625 0 0 0 "CM" 1985
3 1989 5.45 32.9 0 0 0 "CM" 1989
3 1993 0 32.55 0 0 0 "CM" 1993
3 1994 0 35.5 0 0 0 "CM" 1994
3 1995 3.95 29.625 0 0 0 "CM" 1995
3 1996 4.7 31.925 0 0 0 "CM" 1996
3 2003 0 31.26 0 0 0 "CM" 2003
3 2004 0 32.4692307692308 0 0 0 "CM" 2004
3 2005 0 34.18 0 0 0 "CM" 2005
3 2008 0 35.8 0 0 0 "CM" 2008
3 2010 12.45 33.525 0 0 0 "CM" 2010
3 2014 1 33.05 0 0 0 "CM" 2014
3 2016 0 34.35 0 0 0 "CM" 2016
4 1974 0 30.5 0 0 0 "CM" 1974
4 1977 0 34.2307692307692 0 0 0 "CM" 1977
4 1978 0.125 32 0 0 0 "CM" 1978
4 1979 2.1 33.5 0 0 0 "CM" 1979
4 1980 1.36428571428571 34 0 0 0 "CM" 1980
4 1981 0 32.6818181818182 0 0 0 "CM" 1981
4 1984 25.3 30.2 0 0 0 "CM" 1984
4 1989 0.5 32.5 0 0 0 "CM" 1989
4 1993 16.62 30.61 0 0 0 "CM" 1993
4 1994 6.975 31.9 0 0 0 "CM" 1994
4 1995 2.31666666666667 32.0666666666667 0 0 0 "CM" 1995
4 1996 0.75 32.4875 0 0 0 "CM" 1996
4 1997 3.1375 31.44375 0 0 0 "CM" 1997
4 1998 10.275 33.4875 0 0 0 "CM" 1998
4 2001 2 30.35 0 0 0 "CM" 2001
4 2002 27.05 32.4 0 0 0 "CM" 2002
4 2003 2.36666666666667 31.7166666666667 0 0 0 "CM" 2003
4 2004 1.54444444444444 34.0277777777778 0 0 0 "CM" 2004
4 2005 0.908333333333333 34.1791666666667 0 0 0 "CM" 2005
4 2008 3 30.55 0 0 0 "CM" 2008
4 2009 4.02 31.62 0 0 0 "CM" 2009
4 2010 0 32.65 0 0 0 "CM" 2010
4 2011 0 32.675 0 0 0 "CM" 2011
4 2012 0.8 33.35 0 0 0 "CM" 2012
4 2013 0.06 32.92 0 0 0 "CM" 2013
4 2014 17 30.325 0 0 0 "CM" 2014
5 1973 29 29.5 0 0 0 "CM" 1973
5 1974 1.025 28.375 0 0 0 "CM" 1974
5 1977 2.65454545454545 32.2272727272727 0 0 0 "CM" 1977
5 1978 3.1 29.4444444444444 0 0 0 "CM" 1978
5 1979 3.84285714285714 29.8571428571429 0 0 0 "CM" 1979
5 1980 5.98571428571429 30.25 0 0 0 "CM" 1980
5 1981 1.94285714285714 29.25 0 0 0 "CM" 1981
5 1982 5.1 30.875 0 0 0 "CM" 1982
5 1983 40.7 32.025 0 0 0 "CM" 1983
5 1984 19.1 28 0 0 0 "CM" 1984
5 1985 21.1 26.85 0 0 0 "CM" 1985
5 1988 12.2666666666667 28.6833333333333 0 0 0 "CM" 1988
5 1989 17.8166666666667 28.9166666666667 0 0 0 "CM" 1989
5 1991 16 27.525 0 0 0 "CM" 1991
5 1992 10.8 28.3 0 0 0 "CM" 1992
5 1993 1.25 29.4875 0 0 0 "CM" 1993
5 1994 7.225 29.025 0 0 0 "CM" 1994
5 1995 6.18333333333333 30.6916666666667 0 0 0 "CM" 1995
5 1996 14.0333333333333 29.05 0 0 0 "CM" 1996
5 1997 9 27.7583333333333 0 0 0 "CM" 1997
5 1998 8 30.7 0 0 0 "CM" 1998
5 2001 2.5 27.9 0 0 0 "CM" 2001
5 2002 1.775 32.8375 0 0 0 "CM" 2002
5 2003 3.2 31.87 0 0 0 "CM" 2003
5 2004 5.78888888888889 30.3722222222222 0 0 0 "CM" 2004
5 2005 1.77777777777778 32.4166666666667 0 0 0 "CM" 2005
5 2006 2 31.7 0 0 0 "CM" 2006
5 2007 2 29.25 0 0 0 "CM" 2007
5 2008 11.9333333333333 29.8833333333333 0 0 0 "CM" 2008
5 2009 0.416666666666667 31.7333333333333 0 0 0 "CM" 2009
5 2011 22.4 31.24 0 0 0 "CM" 2011
5 2012 0 31.925 0 0 0 "CM" 2012
5 2013 4.76666666666667 30 0 0 0 "CM" 2013
5 2014 9.65 29.225 0 0 0 "CM" 2014
5 2015 3.05 32.275 0 0 0 "CM" 2015
5 2016 19.6333333333333 29.6333333333333 0 0 0 "CM" 2016
6 1973 0 31.3333333333333 0 0 0 "CM" 1973
6 1974 0 27.5 0 0 0 "CM" 1974
6 1977 4.27272727272727 28.7272727272727 0 0 0 "CM" 1977
6 1978 3.46363636363636 28.1363636363636 0 0 0 "CM" 1978
6 1979 0 28.5 0 0 0 "CM" 1979
6 1980 7.7375 29.1875 0 0 0 "CM" 1980
6 1981 3.77058823529412 29.1176470588235 0 0 0 "CM" 1981
6 1983 28.06 28.63 0 0 0 "CM" 1983
6 1985 0.5 28.475 0 0 0 "CM" 1985
6 1986 15.6666666666667 27.5833333333333 0 0 0 "CM" 1986
6 1988 15.58 27.18 0 0 0 "CM" 1988
6 1989 19.2454545454545 27.5090909090909 0 0 0 "CM" 1989
6 1992 14.76 26.02 0 0 0 "CM" 1992
6 1993 18.8 26.2 0 0 0 "CM" 1993
6 1994 35 26.6666666666667 0 0 0 "CM" 1994
6 1995 13.46 27.385 0 0 0 "CM" 1995
6 1996 12.3923076923077 27.2423076923077 0 0 0 "CM" 1996
6 1997 19.325 27.2625 0 0 0 "CM" 1997
6 1998 5.22 29.01 0 0 0 "CM" 1998
6 2000 25.9 25.95 0 0 0 "CM" 2000
6 2003 6.85714285714286 28.4857142857143 0 0 0 "CM" 2003
6 2004 6.3 28.1 0 0 0 "CM" 2004
6 2005 0 30.9666666666667 0 0 0 "CM" 2005
6 2007 1 28.2 0 0 0 "CM" 2007
6 2008 2.3 29.6 0 0 0 "CM" 2008
6 2009 2.98 28.71 0 0 0 "CM" 2009
6 2010 29 24.55 0 0 0 "CM" 2010
6 2011 7.36666666666667 29.75 0 0 0 "CM" 2011
6 2012 23.1 27.1 0 0 0 "CM" 2012
6 2013 5.69090909090909 28.7227272727273 0 0 0 "CM" 2013
6 2014 16.6666666666667 27.9666666666667 0 0 0 "CM" 2014
6 2015 12.375 28.8125 0 0 0 "CM" 2015
6 2016 15.8 27.05 0 0 0 "CM" 2016
6 2018 4.3 27.4833333333333 0 0 0 "CM" 2018
7 1973 0 27.3333333333333 0 0 0 "CM" 1973
7 1974 0 27.5 0 0 0 "CM" 1974
7 1977 12.8928571428571 26.6428571428571 0 0 0 "CM" 1977
7 1978 25.3083333333333 26.9583333333333 0 0 0 "CM" 1978
7 1979 4 28.25 0 0 0 "CM" 1979
7 1980 4.72142857142857 27.25 0 0 0 "CM" 1980
7 1981 0.7625 27 0 0 0 "CM" 1981
7 1982 12.45 27.425 0 0 0 "CM" 1982
7 1983 9.55 25.89375 0 0 0 "CM" 1983
7 1985 2.64444444444444 25.8777777777778 0 0 0 "CM" 1985
7 1986 0.5 25.45 0 0 0 "CM" 1986
7 1987 27.05 27.275 0 0 0 "CM" 1987
7 1988 0 27 0 0 0 "CM" 1988
7 1989 6.9375 26.159375 0 0 0 "CM" 1989
7 1992 3.45714285714286 26.4428571428571 0 0 0 "CM" 1992
7 1993 31.725 27.225 0 0 0 "CM" 1993
7 1994 29.2666666666667 25.4333333333333 0 0 0 "CM" 1994
7 1995 3.62352941176471 27.5 0 0 0 "CM" 1995
7 1996 3.81 27.04 0 0 0 "CM" 1996
7 1997 9.66666666666667 26.9166666666667 0 0 0 "CM" 1997
7 1998 20.0375 26.8 0 0 0 "CM" 1998
7 2000 1.33333333333333 27.5166666666667 0 0 0 "CM" 2000
7 2001 32 26.4 0 0 0 "CM" 2001
7 2002 23.1 24.25 0 0 0 "CM" 2002
7 2003 12.725 27.1 0 0 0 "CM" 2003
7 2004 7.40833333333333 27.5833333333333 0 0 0 "CM" 2004
7 2006 21.1 23.75 0 0 0 "CM" 2006
7 2007 3.22857142857143 26.6214285714286 0 0 0 "CM" 2007
7 2008 5.66666666666667 27.9 0 0 0 "CM" 2008
7 2009 0.25 27.875 0 0 0 "CM" 2009
7 2010 8.98 27.01 0 0 0 "CM" 2010
7 2011 16.6285714285714 27.9285714285714 0 0 0 "CM" 2011
7 2012 4.35833333333333 26.8333333333333 0 0 0 "CM" 2012
7 2013 3 26.63 0 0 0 "CM" 2013
7 2014 10.2833333333333 26.5166666666667 0 0 0 "CM" 2014
7 2015 3.08888888888889 28.6666666666667 0 0 0 "CM" 2015
7 2016 10.625 27.79375 0 0 0 "CM" 2016
7 2018 14.3 27.895 0 0 0 "CM" 2018
8 1973 0 26 0 0 0 "CM" 1973
8 1974 2.7 26.5 0 0 0 "CM" 1974
8 1977 3.25625 26.78125 0 0 0 "CM" 1977
8 1978 8.66 27.2 0 0 0 "CM" 1978
8 1979 6.49375 27.0625 0 0 0 "CM" 1979
8 1980 7.19 27.05 0 0 0 "CM" 1980
8 1983 151.22 25.98 0 0 0 "CM" 1983
8 1984 1.16666666666667 27.6166666666667 0 0 0 "CM" 1984
8 1985 7.53846153846154 25.7307692307692 0 0 0 "CM" 1985
8 1986 11.575 26.7125 0 0 0 "CM" 1986
8 1987 13.3666666666667 24.8833333333333 0 0 0 "CM" 1987
8 1988 24.025 25.7 0 0 0 "CM" 1988
8 1989 9.97142857142857 25.9892857142857 0 0 0 "CM" 1989
8 1992 6.3 26.0571428571429 0 0 0 "CM" 1992
8 1993 20.4875 25.9 0 0 0 "CM" 1993
8 1994 9.56315789473684 25.9552631578947 0 0 0 "CM" 1994
8 1995 12.1461538461538 26.4115384615385 0 0 0 "CM" 1995
8 1996 8.82727272727273 26.3590909090909 0 0 0 "CM" 1996
8 1997 3 27.5 0 0 0 "CM" 1997
8 1998 10.4285714285714 26.5357142857143 0 0 0 "CM" 1998
8 2001 58.05 26.775 0 0 0 "CM" 2001
8 2002 14.9 25.4666666666667 0 0 0 "CM" 2002
8 2003 24.66 27.115 0 0 0 "CM" 2003
8 2004 10.9 27.0192307692308 0 0 0 "CM" 2004
8 2005 8.56363636363636 26.4045454545455 0 0 0 "CM" 2005
8 2006 2.71666666666667 27.8666666666667 0 0 0 "CM" 2006
8 2007 2.54285714285714 27.2 0 0 0 "CM" 2007
8 2008 2.03333333333333 27.075 0 0 0 "CM" 2008
8 2010 63.9333333333333 26.5 0 0 0 "CM" 2010
8 2011 4.15833333333333 26.425 0 0 0 "CM" 2011
8 2012 11.4769230769231 26.4846153846154 0 0 0 "CM" 2012
8 2013 3.04 26.815 0 0 0 "CM" 2013
8 2014 7.9 27.6916666666667 0 0 0 "CM" 2014
8 2015 8.52 28.725 0 0 0 "CM" 2015
8 2016 7.48 27.61 0 0 0 "CM" 2016
8 2018 18.29 27.375 0 0 0 "CM" 2018
9 1973 2.72857142857143 27.2857142857143 0 0 0 "CM" 1973
9 1976 0 28 0 0 0 "CM" 1976
9 1977 6.66666666666667 27.1666666666667 0 0 0 "CM" 1977
9 1978 6.96 26.9 0 0 0 "CM" 1978
9 1979 3.46363636363636 27.6363636363636 0 0 0 "CM" 1979
9 1980 14.785 27.475 0 0 0 "CM" 1980
9 1981 8.55714285714286 26.5 0 0 0 "CM" 1981
9 1982 8.75 25.925 0 0 0 "CM" 1982
9 1983 25 26.55 0 0 0 "CM" 1983
9 1988 8.5 26.375 0 0 0 "CM" 1988
9 1989 2.36666666666667 26.9666666666667 0 0 0 "CM" 1989
9 1992 13.7333333333333 26.4666666666667 0 0 0 "CM" 1992
9 1993 10.5 27.1055555555556 0 0 0 "CM" 1993
9 1994 11.2666666666667 26.6233333333333 0 0 0 "CM" 1994
9 1995 3.93846153846154 27.1192307692308 0 0 0 "CM" 1995
9 1996 14.4 26.2 0 0 0 "CM" 1996
9 1998 14.61 27.125 0 0 0 "CM" 1998
9 2000 4.05 26.175 0 0 0 "CM" 2000
9 2001 6.78 26.2 0 0 0 "CM" 2001
9 2002 18.55 26.8375 0 0 0 "CM" 2002
9 2003 0 28.8 0 0 0 "CM" 2003
9 2004 0.788888888888889 28.0777777777778 0 0 0 "CM" 2004
9 2005 22.8 27.02 0 0 0 "CM" 2005
9 2006 13.775 27.2 0 0 0 "CM" 2006
9 2007 8.63333333333333 27.0555555555556 0 0 0 "CM" 2007
9 2008 12.05 27.05 0 0 0 "CM" 2008
9 2010 0 27.8 0 0 0 "CM" 2010
9 2011 3.03571428571429 27.1607142857143 0 0 0 "CM" 2011
9 2012 17.08 27.0766666666667 0 0 0 "CM" 2012
9 2013 16.5666666666667 26.5833333333333 0 0 0 "CM" 2013
9 2014 11.625 27.5375 0 0 0 "CM" 2014
9 2015 8.4875 27.4375 0 0 0 "CM" 2015
9 2016 4.1 28 0 0 0 "CM" 2016
9 2018 16.1571428571429 27.0071428571429 0 0 0 "CM" 2018
10 1973 0 29.3333333333333 0 0 0 "CM" 1973
10 1974 0 27.25 0 0 0 "CM" 1974
10 1976 1.21111111111111 27.7222222222222 0 0 0 "CM" 1976
10 1977 1.12352941176471 27.4411764705882 0 0 0 "CM" 1977
10 1978 0 27.875 0 0 0 "CM" 1978
10 1979 2.87777777777778 28.8888888888889 0 0 0 "CM" 1979
10 1980 0.626666666666667 28.8 0 0 0 "CM" 1980
10 1981 4.99090909090909 29.0454545454545 0 0 0 "CM" 1981
10 1982 1.5 28.575 0 0 0 "CM" 1982
10 1984 2.03333333333333 28.8666666666667 0 0 0 "CM" 1984
10 1986 19.55 26 0 0 0 "CM" 1986
10 1987 6.1 27.65 0 0 0 "CM" 1987
10 1992 4.33333333333333 27.6166666666667 0 0 0 "CM" 1992
10 1993 13.6333333333333 26.8333333333333 0 0 0 "CM" 1993
10 1994 3.01428571428571 27.3785714285714 0 0 0 "CM" 1994
10 1995 5.75 26.725 0 0 0 "CM" 1995
10 1996 14.275 27.275 0 0 0 "CM" 1996
10 1997 34.55 27 0 0 0 "CM" 1997
10 1998 4.35833333333333 28.6583333333333 0 0 0 "CM" 1998
10 1999 8.525 26.4125 0 0 0 "CM" 1999
10 2003 1.31666666666667 28.8416666666667 0 0 0 "CM" 2003
10 2004 47 26.45 0 0 0 "CM" 2004
10 2005 8.96666666666667 27.9833333333333 0 0 0 "CM" 2005
10 2006 7 26.125 0 0 0 "CM" 2006
10 2007 14.8 28.3 0 0 0 "CM" 2007
10 2008 2.05 29.9 0 0 0 "CM" 2008
10 2009 7.425 28.1125 0 0 0 "CM" 2009
10 2010 2.7 27.6166666666667 0 0 0 "CM" 2010
10 2011 3.61111111111111 28.1666666666667 0 0 0 "CM" 2011
10 2012 9.98333333333333 27.5666666666667 0 0 0 "CM" 2012
10 2013 12.96 28.19 0 0 0 "CM" 2013
10 2014 8.475 27.925 0 0 0 "CM" 2014
10 2015 21.975 28.4875 0 0 0 "CM" 2015
11 1973 0 25.625 0 0 0 "CM" 1973
11 1976 0 26.2142857142857 0 0 0 "CM" 1976
11 1977 0 27.1111111111111 0 0 0 "CM" 1977
11 1978 0 26.6875 0 0 0 "CM" 1978
11 1979 0 29.4166666666667 0 0 0 "CM" 1979
11 1980 0 27.0833333333333 0 0 0 "CM" 1980
11 1981 0 26.85 0 0 0 "CM" 1981
11 1986 0.3 31 0 0 0 "CM" 1986
11 1992 18.55 29.025 0 0 0 "CM" 1992
11 1993 6.1 27.55 0 0 0 "CM" 1993
11 1995 3.95 28.3 0 0 0 "CM" 1995
11 1998 0 29.375 0 0 0 "CM" 1998
11 1999 0 29.45 0 0 0 "CM" 1999
11 2002 0 27.2 0 0 0 "CM" 2002
11 2003 0 29.4363636363636 0 0 0 "CM" 2003
11 2004 0 30.75 0 0 0 "CM" 2004
11 2006 0 29.4 0 0 0 "CM" 2006
11 2007 10.05 30.075 0 0 0 "CM" 2007
11 2012 24 28.75 0 0 0 "CM" 2012
12 1973 0 27.25 0 0 0 "CM" 1973
12 1974 0 24.1666666666667 0 0 0 "CM" 1974
12 1976 0 25.75 0 0 0 "CM" 1976
12 1977 0 25.3235294117647 0 0 0 "CM" 1977
12 1978 0 26.1666666666667 0 0 0 "CM" 1978
12 1979 0 25.45 0 0 0 "CM" 1979
12 1980 0 24.8157894736842 0 0 0 "CM" 1980
12 1981 0 26.8823529411765 0 0 0 "CM" 1981
12 1993 0 27.25 0 0 0 "CM" 1993
12 1998 0 24.55 0 0 0 "CM" 1998
12 1999 0 25.8 0 0 0 "CM" 1999
12 2002 0 27.85 0 0 0 "CM" 2002
12 2004 0 27.1625 0 0 0 "CM" 2004
9 2002 8.9 23.75 0 0 0 "CM" 2002
10 2003 3 25.15 0 0 0 "CM" 2003
