"MONTH" "YEAR" "ave_precip_mo" "ave_mo_t" "opium_t" "mj_t" "coca_t" "fips" "year"
1 1995 2.23076923076923 24.5038461538462 0 0 0 "CQ" 1995
1 1996 5.11724137931034 24.6344827586207 0 0 0 "CQ" 1996
1 1997 3.21290322580645 25.041935483871 0 0 0 "CQ" 1997
1 1998 2.19032258064516 25.5661290322581 0 0 0 "CQ" 1998
1 1999 3.44333333333333 25.6083333333333 0 0 0 "CQ" 1999
1 2000 2.26896551724138 25.4258620689655 0 0 0 "CQ" 2000
1 2001 4.07241379310345 25.4551724137931 0 0 0 "CQ" 2001
1 2002 1.83225806451613 24.7645161290323 0 0 0 "CQ" 2002
1 2003 8.27586206896552 24.4827586206897 0 0 0 "CQ" 2003
1 2004 0.748387096774194 24.7838709677419 0 0 0 "CQ" 2004
1 2005 1.8448275862069 25.2758620689655 0 0 0 "CQ" 2005
1 2006 5.65161290322581 25.6629032258065 0 0 0 "CQ" 2006
1 2007 1.23225806451613 24.9790322580645 0 0 0 "CQ" 2007
1 2008 2.91612903225806 25.7790322580645 0 0 0 "CQ" 2008
1 2009 2.32903225806452 25.691935483871 0 0 0 "CQ" 2009
1 2011 9.26111111111111 24.3 0 0 0 "CQ" 2011
1 2015 7.70967741935484 24.6435483870968 0 0 0 "CQ" 2015
1 2016 3.21290322580645 24.8225806451613 0 0 0 "CQ" 2016
1 2017 4.70322580645161 24.841935483871 0 0 0 "CQ" 2017
1 2018 5.97857142857143 25.4964285714286 0 0 0 "CQ" 2018
2 1995 0.432142857142857 23.7553571428571 0 0 0 "CQ" 1995
2 1996 2.05555555555556 24.2074074074074 0 0 0 "CQ" 1996
2 1997 1.06071428571429 24.9178571428571 0 0 0 "CQ" 1997
2 1998 1.86842105263158 25.9447368421053 0 0 0 "CQ" 1998
2 1999 9.71923076923077 25.6730769230769 0 0 0 "CQ" 1999
2 2000 5.33448275862069 25.3103448275862 0 0 0 "CQ" 2000
2 2001 3.80714285714286 25.1160714285714 0 0 0 "CQ" 2001
2 2002 5.43571428571429 24.8535714285714 0 0 0 "CQ" 2002
2 2003 4.31071428571429 24.3339285714286 0 0 0 "CQ" 2003
2 2004 8.20344827586207 24.6637931034483 0 0 0 "CQ" 2004
2 2005 1.13461538461538 25.175 0 0 0 "CQ" 2005
2 2006 4.675 25.3839285714286 0 0 0 "CQ" 2006
2 2007 1.65357142857143 24.7339285714286 0 0 0 "CQ" 2007
2 2008 4.07241379310345 25.2913793103448 0 0 0 "CQ" 2008
2 2009 2.98214285714286 25.5571428571429 0 0 0 "CQ" 2009
2 2010 0.860714285714286 25.175 0 0 0 "CQ" 2010
2 2012 3.31724137931034 23.5637931034483 0 0 0 "CQ" 2012
2 2015 8.38 23.504 0 0 0 "CQ" 2015
2 2016 1.87241379310345 24.7310344827586 0 0 0 "CQ" 2016
2 2017 6.86428571428571 25.0053571428571 0 0 0 "CQ" 2017
2 2018 2.75384615384615 25.7423076923077 0 0 0 "CQ" 2018
3 1995 0.225 24.2375 0 0 0 "CQ" 1995
3 1996 1.02142857142857 24.6964285714286 0 0 0 "CQ" 1996
3 1997 2.56774193548387 24.6241935483871 0 0 0 "CQ" 1997
3 1998 0 25.2 0 0 0 "CQ" 1998
3 1999 1.39677419354839 26.0693548387097 0 0 0 "CQ" 1999
3 2000 3.04838709677419 25.7370967741935 0 0 0 "CQ" 2000
3 2001 1.21290322580645 25.341935483871 0 0 0 "CQ" 2001
3 2002 3.16129032258065 25.5241935483871 0 0 0 "CQ" 2002
3 2003 4.43225806451613 24.5709677419355 0 0 0 "CQ" 2003
3 2004 2.44838709677419 25.4774193548387 0 0 0 "CQ" 2004
3 2005 2.93548387096774 25.9403225806452 0 0 0 "CQ" 2005
3 2006 1.25483870967742 25.8870967741935 0 0 0 "CQ" 2006
3 2007 3.3 24.7612903225806 0 0 0 "CQ" 2007
3 2008 6.2741935483871 25.8483870967742 0 0 0 "CQ" 2008
3 2009 3.24193548387097 25.5532258064516 0 0 0 "CQ" 2009
3 2010 2.38064516129032 24.9741935483871 0 0 0 "CQ" 2010
3 2011 1.076 25.062 0 0 0 "CQ" 2011
3 2012 1.1448275862069 23.8293103448276 0 0 0 "CQ" 2012
3 2015 3.53333333333333 24.4516666666667 0 0 0 "CQ" 2015
3 2016 3.84193548387097 25.0854838709677 0 0 0 "CQ" 2016
3 2017 4.67096774193548 25.5161290322581 0 0 0 "CQ" 2017
3 2018 0.873333333333333 26.2366666666667 0 0 0 "CQ" 2018
4 1996 6.28571428571429 24.3714285714286 0 0 0 "CQ" 1996
4 1997 2.07 25.7233333333333 0 0 0 "CQ" 1997
4 1998 1.37 26.1125 0 0 0 "CQ" 1998
4 1999 2.64583333333333 26.3479166666667 0 0 0 "CQ" 1999
4 2000 2.27666666666667 26.1716666666667 0 0 0 "CQ" 2000
4 2001 1.55 26.3866666666667 0 0 0 "CQ" 2001
4 2002 3.7 25.3433333333333 0 0 0 "CQ" 2002
4 2003 12.3566666666667 25.5366666666667 0 0 0 "CQ" 2003
4 2004 2.75666666666667 26.0066666666667 0 0 0 "CQ" 2004
4 2005 2.09666666666667 26.4116666666667 0 0 0 "CQ" 2005
4 2006 1.26 26.34 0 0 0 "CQ" 2006
4 2007 3.99666666666667 26.0983333333333 0 0 0 "CQ" 2007
4 2008 1.60666666666667 26.685 0 0 0 "CQ" 2008
4 2009 0.826666666666667 26.3933333333333 0 0 0 "CQ" 2009
4 2010 1.94666666666667 25.4683333333333 0 0 0 "CQ" 2010
4 2011 4.47333333333333 25.0583333333333 0 0 0 "CQ" 2011
4 2012 0.98 24.6566666666667 0 0 0 "CQ" 2012
4 2014 1.625 26.4 0 0 0 "CQ" 2014
4 2015 4.84 24.8366666666667 0 0 0 "CQ" 2015
4 2016 11.5866666666667 25.83 0 0 0 "CQ" 2016
4 2017 2.07692307692308 24.6769230769231 0 0 0 "CQ" 2017
4 2018 7.27 25.0933333333333 0 0 0 "CQ" 2018
5 1995 2.36111111111111 25.6444444444444 0 0 0 "CQ" 1995
5 1996 2.17142857142857 24.902380952381 0 0 0 "CQ" 1996
5 1997 3.57741935483871 26.4048387096774 0 0 0 "CQ" 1997
5 1998 2.92692307692308 26.825 0 0 0 "CQ" 1998
5 1999 2.54838709677419 26.5854838709677 0 0 0 "CQ" 1999
5 2000 4.8258064516129 26.4693548387097 0 0 0 "CQ" 2000
5 2001 2.72258064516129 26.8387096774194 0 0 0 "CQ" 2001
5 2002 4.50689655172414 26.2724137931034 0 0 0 "CQ" 2002
5 2003 5.225 26.1017857142857 0 0 0 "CQ" 2003
5 2004 1.70344827586207 26.5189655172414 0 0 0 "CQ" 2004
5 2005 1.05806451612903 27.0370967741936 0 0 0 "CQ" 2005
5 2006 1.86129032258065 26.9225806451613 0 0 0 "CQ" 2006
5 2008 2.22258064516129 26.9935483870968 0 0 0 "CQ" 2008
5 2009 2.60645161290323 26.9048387096774 0 0 0 "CQ" 2009
5 2010 0.829032258064516 26.7887096774194 0 0 0 "CQ" 2010
5 2011 7.29259259259259 25.6148148148148 0 0 0 "CQ" 2011
5 2014 1.37307692307692 26.6038461538462 0 0 0 "CQ" 2014
5 2015 3.39032258064516 26.2806451612903 0 0 0 "CQ" 2015
5 2016 1.20645161290323 26.3709677419355 0 0 0 "CQ" 2016
5 2017 10.344 27.564 0 0 0 "CQ" 2017
5 2018 7.53 26.6666666666667 0 0 0 "CQ" 2018
6 1995 4.02857142857143 25.7714285714286 0 0 0 "CQ" 1995
6 1996 2.43571428571429 26.6517857142857 0 0 0 "CQ" 1996
6 1997 3.86206896551724 26.7637931034483 0 0 0 "CQ" 1997
6 1998 0.71 27.595 0 0 0 "CQ" 1998
6 1999 6.85555555555556 25.975 0 0 0 "CQ" 1999
6 2000 4.08 26.5483333333333 0 0 0 "CQ" 2000
6 2001 5.43666666666667 27.3283333333333 0 0 0 "CQ" 2001
6 2002 1.72666666666667 27.025 0 0 0 "CQ" 2002
6 2004 15.07 26.16 0 0 0 "CQ" 2004
6 2005 1.77333333333333 27.6833333333333 0 0 0 "CQ" 2005
6 2006 2.70333333333333 27.4333333333333 0 0 0 "CQ" 2006
6 2007 4.68333333333333 26.7266666666667 0 0 0 "CQ" 2007
6 2008 6.04333333333333 26.755 0 0 0 "CQ" 2008
6 2009 5.59666666666667 26.9116666666667 0 0 0 "CQ" 2009
6 2010 4.19333333333333 26.6233333333333 0 0 0 "CQ" 2010
6 2011 6.03793103448276 25.8362068965517 0 0 0 "CQ" 2011
6 2014 4.64333333333333 25.8266666666667 0 0 0 "CQ" 2014
6 2015 3.72666666666667 26.8666666666667 0 0 0 "CQ" 2015
6 2017 9.74827586206897 27.0448275862069 0 0 0 "CQ" 2017
6 2018 9.19666666666667 26.7516666666667 0 0 0 "CQ" 2018
7 1995 6.36774193548387 26.1612903225806 0 0 0 "CQ" 1995
7 1996 6.832 26.144 0 0 0 "CQ" 1996
7 1997 4.68064516129032 27.0048387096774 0 0 0 "CQ" 1997
7 1998 6.7258064516129 26.7758064516129 0 0 0 "CQ" 1998
7 1999 9.14193548387097 26.2435483870968 0 0 0 "CQ" 1999
7 2000 5.86451612903226 26.3548387096774 0 0 0 "CQ" 2000
7 2001 9.81290322580645 26.5387096774194 0 0 0 "CQ" 2001
7 2002 16.8677419354839 26.0161290322581 0 0 0 "CQ" 2002
7 2003 5.56129032258065 26.4951612903226 0 0 0 "CQ" 2003
7 2004 9.75161290322581 26.1 0 0 0 "CQ" 2004
7 2005 9.09032258064516 27.1403225806452 0 0 0 "CQ" 2005
7 2007 5.74516129032258 27.1048387096774 0 0 0 "CQ" 2007
7 2008 5.76774193548387 26.3193548387097 0 0 0 "CQ" 2008
7 2009 10.0483870967742 26.6193548387097 0 0 0 "CQ" 2009
7 2010 7.73548387096774 26.2677419354839 0 0 0 "CQ" 2010
7 2011 10.35 24.8983333333333 0 0 0 "CQ" 2011
7 2014 7.6 26.7285714285714 0 0 0 "CQ" 2014
7 2015 7.23666666666667 27.1666666666667 0 0 0 "CQ" 2015
7 2016 9.01935483870968 26.9774193548387 0 0 0 "CQ" 2016
7 2017 5.04516129032258 26.5 0 0 0 "CQ" 2017
7 2018 5.99666666666667 26.74 0 0 0 "CQ" 2018
8 1995 9.51290322580645 26.0370967741935 0 0 0 "CQ" 1995
8 1996 5.88965517241379 27.1327586206897 0 0 0 "CQ" 1996
8 1997 5.8037037037037 26.887037037037 0 0 0 "CQ" 1997
8 1998 7.46896551724138 26.9586206896552 0 0 0 "CQ" 1998
8 1999 9.23870967741935 26.1774193548387 0 0 0 "CQ" 1999
8 2000 10.6387096774194 26.1725806451613 0 0 0 "CQ" 2000
8 2001 21.1172413793103 26.0793103448276 0 0 0 "CQ" 2001
8 2002 10.0258064516129 26.1887096774194 0 0 0 "CQ" 2002
8 2003 7.84838709677419 26.2193548387097 0 0 0 "CQ" 2003
8 2004 13.6645161290323 26.3806451612903 0 0 0 "CQ" 2004
8 2005 15.6677419354839 26.7274193548387 0 0 0 "CQ" 2005
8 2006 8.60322580645161 26.4209677419355 0 0 0 "CQ" 2006
8 2007 6.5 25.9274193548387 0 0 0 "CQ" 2007
8 2008 11.5064516129032 25.8596774193548 0 0 0 "CQ" 2008
8 2009 15.0677419354839 26.4483870967742 0 0 0 "CQ" 2009
8 2010 5.74516129032258 27.1048387096774 0 0 0 "CQ" 2010
8 2011 9.975 24.4375 0 0 0 "CQ" 2011
8 2012 41.125 24.525 0 0 0 "CQ" 2012
8 2014 5.82258064516129 26.4016129032258 0 0 0 "CQ" 2014
8 2015 8.66 26.77 0 0 0 "CQ" 2015
8 2016 20.8483870967742 26.9693548387097 0 0 0 "CQ" 2016
8 2017 8.17931034482759 26.6413793103448 0 0 0 "CQ" 2017
8 2018 16.141935483871 25.8951612903226 0 0 0 "CQ" 2018
9 1995 10.93 26.1283333333333 0 0 0 "CQ" 1995
9 1996 12.4866666666667 27.335 0 0 0 "CQ" 1996
9 1997 4.60666666666667 26.9666666666667 0 0 0 "CQ" 1997
9 1998 7.25833333333333 26.6895833333333 0 0 0 "CQ" 1998
9 1999 9.54 26.175 0 0 0 "CQ" 1999
9 2000 13.1266666666667 26.0183333333333 0 0 0 "CQ" 2000
9 2001 10.9071428571429 25.7982142857143 0 0 0 "CQ" 2001
9 2002 14.7466666666667 26.4 0 0 0 "CQ" 2002
9 2003 10.54 25.9783333333333 0 0 0 "CQ" 2003
9 2004 4.85 26.82 0 0 0 "CQ" 2004
9 2005 8.07692307692308 26.7634615384615 0 0 0 "CQ" 2005
9 2007 7.724 26.562 0 0 0 "CQ" 2007
9 2008 13.18 26.2766666666667 0 0 0 "CQ" 2008
9 2009 9.49615384615385 26.3461538461538 0 0 0 "CQ" 2009
9 2010 10.508 25.304 0 0 0 "CQ" 2010
9 2011 13.0259259259259 23.8518518518519 0 0 0 "CQ" 2011
9 2012 12.3894736842105 25.7631578947368 0 0 0 "CQ" 2012
9 2014 21.6666666666667 25.2979166666667 0 0 0 "CQ" 2014
9 2015 6.19666666666667 27.16 0 0 0 "CQ" 2015
9 2016 12.1833333333333 26.69 0 0 0 "CQ" 2016
9 2017 9.324 26.128 0 0 0 "CQ" 2017
9 2018 6.32666666666667 27.5766666666667 0 0 0 "CQ" 2018
10 1995 15.4931034482759 25.9034482758621 0 0 0 "CQ" 1995
10 1996 6.47241379310345 26.5879310344828 0 0 0 "CQ" 1996
10 1997 7.16774193548387 26.7145161290323 0 0 0 "CQ" 1997
10 1998 4.93666666666667 26.7083333333333 0 0 0 "CQ" 1998
10 1999 7.76129032258065 26.4177419354839 0 0 0 "CQ" 1999
10 2000 8.12903225806452 26.241935483871 0 0 0 "CQ" 2000
10 2001 7.12258064516129 26.4161290322581 0 0 0 "CQ" 2001
10 2002 4.95161290322581 26.2403225806452 0 0 0 "CQ" 2002
10 2003 13.7 26.0258064516129 0 0 0 "CQ" 2003
10 2004 4.70322580645161 27.1967741935484 0 0 0 "CQ" 2004
10 2005 11.7161290322581 26.7048387096774 0 0 0 "CQ" 2005
10 2006 8.14516129032258 26.0516129032258 0 0 0 "CQ" 2006
10 2007 11.4193548387097 26.0709677419355 0 0 0 "CQ" 2007
10 2008 8.39032258064516 26.391935483871 0 0 0 "CQ" 2008
10 2009 11.0322580645161 25.9258064516129 0 0 0 "CQ" 2009
10 2010 6.29677419354839 25.6903225806452 0 0 0 "CQ" 2010
10 2011 14.2620689655172 23.8172413793103 0 0 0 "CQ" 2011
10 2014 10.7851851851852 23.9555555555556 0 0 0 "CQ" 2014
10 2015 16.3548387096774 26.6161290322581 0 0 0 "CQ" 2015
10 2016 6.10322580645161 27.0354838709677 0 0 0 "CQ" 2016
10 2017 9 26.7769230769231 0 0 0 "CQ" 2017
10 2018 8.22758620689655 26.1362068965517 0 0 0 "CQ" 2018
11 1995 0.910714285714286 26.2178571428571 0 0 0 "CQ" 1995
11 1996 3.37142857142857 26.2910714285714 0 0 0 "CQ" 1996
11 1997 13.7066666666667 26.1983333333333 0 0 0 "CQ" 1997
11 1998 4.44666666666667 26.435 0 0 0 "CQ" 1998
11 1999 4.07666666666667 26.4983333333333 0 0 0 "CQ" 1999
11 2000 5.42666666666667 26.265 0 0 0 "CQ" 2000
11 2001 9.01 25.9166666666667 0 0 0 "CQ" 2001
11 2002 6.35357142857143 26.1267857142857 0 0 0 "CQ" 2002
11 2003 11.75 25.7233333333333 0 0 0 "CQ" 2003
11 2004 10.18 26.8766666666667 0 0 0 "CQ" 2004
11 2007 10.6433333333333 26.4183333333333 0 0 0 "CQ" 2007
11 2008 4.18 26.57 0 0 0 "CQ" 2008
11 2009 3.47333333333333 25.9216666666667 0 0 0 "CQ" 2009
11 2010 4.89333333333333 24.8783333333333 0 0 0 "CQ" 2010
11 2011 1.76785714285714 24.2321428571429 0 0 0 "CQ" 2011
11 2014 6.61666666666667 25.7866666666667 0 0 0 "CQ" 2014
11 2016 12.1233333333333 26.6566666666667 0 0 0 "CQ" 2016
11 2017 7.03928571428571 26.8053571428571 0 0 0 "CQ" 2017
11 2018 15.3766666666667 27.4116666666667 0 0 0 "CQ" 2018
12 1995 12.7333333333333 25.4333333333333 0 0 0 "CQ" 1995
12 1996 1.66896551724138 25.098275862069 0 0 0 "CQ" 1996
12 1998 2.34838709677419 25.9870967741935 0 0 0 "CQ" 1998
12 1999 3.60645161290323 26.0629032258065 0 0 0 "CQ" 1999
12 2000 7.00322580645161 25.891935483871 0 0 0 "CQ" 2000
12 2001 5.24838709677419 25.1822580645161 0 0 0 "CQ" 2001
12 2002 3.46071428571429 25.5267857142857 0 0 0 "CQ" 2002
12 2003 3.72413793103448 25.3051724137931 0 0 0 "CQ" 2003
12 2004 5.23448275862069 26.1655172413793 0 0 0 "CQ" 2004
12 2005 7.24838709677419 26.3983870967742 0 0 0 "CQ" 2005
12 2007 2.45483870967742 25.9451612903226 0 0 0 "CQ" 2007
12 2008 1.75161290322581 26.2274193548387 0 0 0 "CQ" 2008
12 2009 7.34516129032258 25.3225806451613 0 0 0 "CQ" 2009
12 2010 3.33548387096774 24.9241935483871 0 0 0 "CQ" 2010
12 2011 4.81851851851852 24.0851851851852 0 0 0 "CQ" 2011
12 2014 13.3903225806452 25.4838709677419 0 0 0 "CQ" 2014
12 2015 5.29032258064516 25.7064516129032 0 0 0 "CQ" 2015
12 2016 4.96451612903226 25.1129032258065 0 0 0 "CQ" 2016
12 2017 3.35714285714286 26.3482142857143 0 0 0 "CQ" 2017
12 2018 4.24166666666667 25.5208333333333 0 0 0 "CQ" 2018
1 1994 2.13548387096774 25.5677419354839 0 0 0 "CQ" 1994
1 1995 2.93548387096774 25.4258064516129 0 0 0 "CQ" 1995
1 1996 8.13870967741935 25.8096774193548 0 0 0 "CQ" 1996
1 1997 10.1096774193548 26.0822580645161 0 0 0 "CQ" 1997
1 1998 1.31935483870968 26.3548387096774 0 0 0 "CQ" 1998
1 1999 3.31290322580645 25.6177419354839 0 0 0 "CQ" 1999
1 2000 1.72903225806452 26.2677419354839 0 0 0 "CQ" 2000
1 2001 5.49545454545455 26.275 0 0 0 "CQ" 2001
1 2002 7.67407407407407 25.7759259259259 0 0 0 "CQ" 2002
1 2003 3.70416666666667 25.8979166666667 0 0 0 "CQ" 2003
1 2005 2.00645161290323 26.5112903225806 0 0 0 "CQ" 2005
1 2006 8.00645161290323 26.3741935483871 0 0 0 "CQ" 2006
1 2007 5.6258064516129 26.1129032258065 0 0 0 "CQ" 2007
1 2008 1.816 26.628 0 0 0 "CQ" 2008
1 2009 2.64166666666667 26.55625 0 0 0 "CQ" 2009
1 2010 11.0709677419355 26.0903225806452 0 0 0 "CQ" 2010
1 2011 10.6538461538462 26.2788461538462 0 0 0 "CQ" 2011
1 2015 4.71935483870968 25.9532258064516 0 0 0 "CQ" 2015
1 2016 2.49354838709677 26.3709677419355 0 0 0 "CQ" 2016
1 2017 7.07096774193548 24.1903225806452 0 0 0 "CQ" 2017
1 2018 1.83870967741935 26.7677419354839 0 0 0 "CQ" 2018
1 2019 4.04516129032258 25.65 0 0 0 "CQ" 2019
2 1994 3.74285714285714 25.2821428571429 0 0 0 "CQ" 1994
2 1995 2.98571428571429 24.6178571428571 0 0 0 "CQ" 1995
2 1996 6.43103448275862 25.7206896551724 0 0 0 "CQ" 1996
2 1997 2.26071428571429 26.0589285714286 0 0 0 "CQ" 1997
2 1998 1.74642857142857 26.1178571428571 0 0 0 "CQ" 1998
2 1999 11.5111111111111 26.6833333333333 0 0 0 "CQ" 1999
2 2000 7.1 26.3631578947368 0 0 0 "CQ" 2000
2 2001 2.97368421052632 25.8815789473684 0 0 0 "CQ" 2001
2 2002 7.595 25.585 0 0 0 "CQ" 2002
2 2003 6.22916666666667 25.28125 0 0 0 "CQ" 2003
2 2005 2.94642857142857 26.1375 0 0 0 "CQ" 2005
2 2006 4.65 26.1946428571429 0 0 0 "CQ" 2006
2 2007 1.53571428571429 25.95 0 0 0 "CQ" 2007
2 2009 10.7 24.7 0 0 0 "CQ" 2009
2 2010 1.72857142857143 26.4464285714286 0 0 0 "CQ" 2010
2 2011 0.62 25.61 0 0 0 "CQ" 2011
2 2012 2.996 25.774 0 0 0 "CQ" 2012
2 2015 0.421428571428571 25.6821428571429 0 0 0 "CQ" 2015
2 2016 1.81724137931034 25.8362068965517 0 0 0 "CQ" 2016
2 2017 7.93571428571429 25.8910714285714 0 0 0 "CQ" 2017
2 2018 2.17142857142857 26.5392857142857 0 0 0 "CQ" 2018
3 1994 4.43225806451613 25.8241935483871 0 0 0 "CQ" 1994
3 1995 0.238709677419355 25.5548387096774 0 0 0 "CQ" 1995
3 1996 1.23870967741935 26.3354838709677 0 0 0 "CQ" 1996
3 1997 3.51612903225806 26.0806451612903 0 0 0 "CQ" 1997
3 1998 1.59354838709677 25.8532258064516 0 0 0 "CQ" 1998
3 1999 1.26129032258065 27.3064516129032 0 0 0 "CQ" 1999
3 2000 1.275 27.1275 0 0 0 "CQ" 2000
3 2001 2.05714285714286 26.1333333333333 0 0 0 "CQ" 2001
3 2002 3.16153846153846 26.2980769230769 0 0 0 "CQ" 2002
3 2003 1.71071428571429 25.9160714285714 0 0 0 "CQ" 2003
3 2005 2.53870967741935 26.4854838709677 0 0 0 "CQ" 2005
3 2006 0.974193548387097 26.7274193548387 0 0 0 "CQ" 2006
3 2007 2.39333333333333 25.4816666666667 0 0 0 "CQ" 2007
3 2008 2.56 26.555 0 0 0 "CQ" 2008
3 2009 7.73571428571429 26.3517857142857 0 0 0 "CQ" 2009
3 2010 6.87741935483871 27.0887096774194 0 0 0 "CQ" 2010
3 2011 3.825 25.9 0 0 0 "CQ" 2011
3 2012 1.64117647058824 26.2029411764706 0 0 0 "CQ" 2012
3 2015 7.14838709677419 26.45 0 0 0 "CQ" 2015
3 2016 3.57096774193548 25.8387096774194 0 0 0 "CQ" 2016
3 2017 6.26451612903226 26.5274193548387 0 0 0 "CQ" 2017
3 2018 1.26774193548387 26.5387096774194 0 0 0 "CQ" 2018
4 1994 1.42 26.6583333333333 0 0 0 "CQ" 1994
4 1995 1.81 26.6316666666667 0 0 0 "CQ" 1995
4 1996 6.23333333333333 26.745 0 0 0 "CQ" 1996
4 1997 3.26666666666667 26.575 0 0 0 "CQ" 1997
4 1998 1.32333333333333 26.76 0 0 0 "CQ" 1998
4 1999 0.625 27.3 0 0 0 "CQ" 1999
4 2000 1.55333333333333 27.1133333333333 0 0 0 "CQ" 2000
4 2001 2.695 26.63 0 0 0 "CQ" 2001
4 2002 3.74137931034483 26.0672413793103 0 0 0 "CQ" 2002
4 2003 9.14230769230769 26.5538461538462 0 0 0 "CQ" 2003
4 2005 2.22 27.0216666666667 0 0 0 "CQ" 2005
4 2006 1.48 27.1866666666667 0 0 0 "CQ" 2006
4 2007 3.85925925925926 27.0074074074074 0 0 0 "CQ" 2007
4 2008 2.96333333333333 27.3833333333333 0 0 0 "CQ" 2008
4 2009 0.6 27.56875 0 0 0 "CQ" 2009
4 2010 2.35 26.5589285714286 0 0 0 "CQ" 2010
4 2011 16.32 25.88 0 0 0 "CQ" 2011
4 2012 1.71904761904762 25.0095238095238 0 0 0 "CQ" 2012
4 2015 5.96333333333333 26.6366666666667 0 0 0 "CQ" 2015
4 2016 0.773333333333333 26.5816666666667 0 0 0 "CQ" 2016
4 2017 2.38666666666667 27.1133333333333 0 0 0 "CQ" 2017
4 2018 6.71 26.6183333333333 0 0 0 "CQ" 2018
5 1994 3.50322580645161 26.9435483870968 0 0 0 "CQ" 1994
5 1995 5.75483870967742 26.8935483870968 0 0 0 "CQ" 1995
5 1996 1.06551724137931 27.6568965517241 0 0 0 "CQ" 1996
5 1997 1.03225806451613 27.1709677419355 0 0 0 "CQ" 1997
5 1998 1.1741935483871 27.3161290322581 0 0 0 "CQ" 1998
5 1999 5.63333333333333 27.4666666666667 0 0 0 "CQ" 1999
5 2000 5.23448275862069 27.3689655172414 0 0 0 "CQ" 2000
5 2001 2.65172413793103 27.4879310344828 0 0 0 "CQ" 2001
5 2002 5.10322580645161 26.7370967741935 0 0 0 "CQ" 2002
5 2003 2.94827586206897 26.7620689655172 0 0 0 "CQ" 2003
5 2005 2.38709677419355 27.4548387096774 0 0 0 "CQ" 2005
5 2006 3.3625 27.4354166666667 0 0 0 "CQ" 2006
5 2008 14.9333333333333 27.4416666666667 0 0 0 "CQ" 2008
5 2009 2.64705882352941 27.3382352941176 0 0 0 "CQ" 2009
5 2010 1.53928571428571 27.2875 0 0 0 "CQ" 2010
5 2011 5.115 27.17 0 0 0 "CQ" 2011
5 2014 4.52333333333333 27.1916666666667 0 0 0 "CQ" 2014
5 2015 9.88666666666667 26.8083333333333 0 0 0 "CQ" 2015
5 2016 1.61935483870968 27.2322580645161 0 0 0 "CQ" 2016
5 2017 1.34838709677419 27.6806451612903 0 0 0 "CQ" 2017
5 2018 4.68387096774194 27.5467741935484 0 0 0 "CQ" 2018
6 1994 3.42 27.4933333333333 0 0 0 "CQ" 1994
6 1995 5.41333333333333 29.3566666666667 0 0 0 "CQ" 1995
6 1996 2.03 28.2266666666667 0 0 0 "CQ" 1996
6 1997 6.13 27.575 0 0 0 "CQ" 1997
6 1998 1.33333333333333 27.615 0 0 0 "CQ" 1998
6 1999 6.90666666666667 27.52 0 0 0 "CQ" 1999
6 2000 4.28518518518519 27.4462962962963 0 0 0 "CQ" 2000
6 2001 4 27.71 0 0 0 "CQ" 2001
6 2002 3.96190476190476 27.497619047619 0 0 0 "CQ" 2002
6 2003 5.22222222222222 26.9722222222222 0 0 0 "CQ" 2003
6 2005 2.89333333333333 27.8583333333333 0 0 0 "CQ" 2005
6 2006 2.86551724137931 28.0103448275862 0 0 0 "CQ" 2006
6 2007 1.35 28.355 0 0 0 "CQ" 2007
6 2008 5.69 27.365 0 0 0 "CQ" 2008
6 2009 4.125 27.7875 0 0 0 "CQ" 2009
6 2010 5.25666666666667 27.55 0 0 0 "CQ" 2010
6 2011 3.79333333333333 26.4333333333333 0 0 0 "CQ" 2011
6 2014 3.06333333333333 27.6133333333333 0 0 0 "CQ" 2014
6 2015 5.29333333333333 27.145 0 0 0 "CQ" 2015
6 2017 3.9 27.7716666666667 0 0 0 "CQ" 2017
6 2018 9.96333333333333 27.39 0 0 0 "CQ" 2018
7 1993 5.30967741935484 27.0629032258065 0 0 0 "CQ" 1993
7 1994 11.2290322580645 26.758064516129 0 0 0 "CQ" 1994
7 1995 5.89677419354839 27.0387096774194 0 0 0 "CQ" 1995
7 1996 11.3161290322581 27.2048387096774 0 0 0 "CQ" 1996
7 1997 9.86129032258065 27.5612903225806 0 0 0 "CQ" 1997
7 1998 5.09354838709677 27.8338709677419 0 0 0 "CQ" 1998
7 1999 9.71111111111111 27.0944444444444 0 0 0 "CQ" 1999
7 2000 9.31724137931034 26.9827586206897 0 0 0 "CQ" 2000
7 2001 7.11612903225806 27.1 0 0 0 "CQ" 2001
7 2002 18.8466666666667 26.1566666666667 0 0 0 "CQ" 2002
7 2003 5.61034482758621 27.2206896551724 0 0 0 "CQ" 2003
7 2005 8.62962962962963 27.6648148148148 0 0 0 "CQ" 2005
7 2006 8.80967741935484 27.2016129032258 0 0 0 "CQ" 2006
7 2007 5.41935483870968 27.6129032258065 0 0 0 "CQ" 2007
7 2008 8.52758620689655 27.3534482758621 0 0 0 "CQ" 2008
7 2009 8.92903225806452 27.1564516129032 0 0 0 "CQ" 2009
7 2010 5.15483870967742 27.2145161290323 0 0 0 "CQ" 2010
7 2011 8.35483870967742 24.5903225806452 0 0 0 "CQ" 2011
7 2014 16.5354838709677 26.5 0 0 0 "CQ" 2014
7 2015 8.41935483870968 27.0241935483871 0 0 0 "CQ" 2015
7 2016 6.64193548387097 27.7806451612903 0 0 0 "CQ" 2016
7 2017 3.09677419354839 27.4451612903226 0 0 0 "CQ" 2017
7 2018 12.5096774193548 27.0693548387097 0 0 0 "CQ" 2018
8 1993 8.80645161290323 26.3112903225806 0 0 0 "CQ" 1993
8 1994 5.32258064516129 27.1596774193548 0 0 0 "CQ" 1994
8 1995 8.44666666666667 26.995 0 0 0 "CQ" 1995
8 1996 8.89354838709677 27.1322580645161 0 0 0 "CQ" 1996
8 1997 22.3129032258065 27.0516129032258 0 0 0 "CQ" 1997
8 1998 4.60322580645161 27.958064516129 0 0 0 "CQ" 1998
8 1999 10.2709677419355 27.8370967741935 0 0 0 "CQ" 1999
8 2000 12.7931034482759 26.8172413793103 0 0 0 "CQ" 2000
8 2001 23.575 26.7375 0 0 0 "CQ" 2001
8 2002 10.6380952380952 15.9642857142857 0 0 0 "CQ" 2002
8 2003 7.93548387096774 27.2048387096774 0 0 0 "CQ" 2003
8 2004 21.3176470588235 27.1970588235294 0 0 0 "CQ" 2004
8 2005 12.2961538461538 27.4615384615385 0 0 0 "CQ" 2005
8 2006 8.04838709677419 26.2274193548387 0 0 0 "CQ" 2006
8 2007 11.1548387096774 26.9741935483871 0 0 0 "CQ" 2007
8 2008 10.1055555555556 27.0666666666667 0 0 0 "CQ" 2008
8 2009 7.31875 26.81875 0 0 0 "CQ" 2009
8 2010 6.43333333333333 26.5638888888889 0 0 0 "CQ" 2010
8 2011 14.8931034482759 26.5741379310345 0 0 0 "CQ" 2011
8 2012 14.14 24.73 0 0 0 "CQ" 2012
8 2014 4.88888888888889 26.537037037037 0 0 0 "CQ" 2014
8 2015 18.7774193548387 27.0241935483871 0 0 0 "CQ" 2015
8 2016 10.7290322580645 27.2129032258064 0 0 0 "CQ" 2016
8 2017 8.71935483870968 27.7225806451613 0 0 0 "CQ" 2017
8 2018 14.0354838709677 26.0983870967742 0 0 0 "CQ" 2018
9 1993 9.13666666666667 26.4266666666667 0 0 0 "CQ" 1993
9 1994 18.5103448275862 26.9586206896552 0 0 0 "CQ" 1994
9 1995 9.85 27.0472222222222 0 0 0 "CQ" 1995
9 1996 11.8433333333333 27.1466666666667 0 0 0 "CQ" 1996
9 1997 3.21666666666667 27.465 0 0 0 "CQ" 1997
9 1998 27.4466666666667 27.4533333333333 0 0 0 "CQ" 1998
9 1999 9.64074074074074 28.1851851851852 0 0 0 "CQ" 1999
9 2000 7 26.6020833333333 0 0 0 "CQ" 2000
9 2001 12.7068965517241 27.0465517241379 0 0 0 "CQ" 2001
9 2002 13.8571428571429 25.8142857142857 0 0 0 "CQ" 2002
9 2003 14.6 26.7928571428571 0 0 0 "CQ" 2003
9 2004 8.932 28.056 0 0 0 "CQ" 2004
9 2006 5.45666666666667 26.9366666666667 0 0 0 "CQ" 2006
9 2007 14.5266666666667 27.1916666666667 0 0 0 "CQ" 2007
9 2008 64.8 26.95 0 0 0 "CQ" 2008
9 2009 10.0055555555556 27.5083333333333 0 0 0 "CQ" 2009
9 2010 15.58125 26.44375 0 0 0 "CQ" 2010
9 2011 16.0333333333333 25.3933333333333 0 0 0 "CQ" 2011
9 2014 13.79 25.5975 0 0 0 "CQ" 2014
9 2015 12.6166666666667 27.2716666666667 0 0 0 "CQ" 2015
9 2016 12.5133333333333 27.31 0 0 0 "CQ" 2016
9 2017 12.7033333333333 27.2433333333333 0 0 0 "CQ" 2017
9 2018 16.59 26.1616666666667 0 0 0 "CQ" 2018
10 1993 5.25161290322581 26.5677419354839 0 0 0 "CQ" 1993
10 1994 13.5034482758621 26.8672413793103 0 0 0 "CQ" 1994
10 1995 12.3193548387097 26.9209677419355 0 0 0 "CQ" 1995
10 1996 7.88888888888889 27.462962962963 0 0 0 "CQ" 1996
10 1997 11.7870967741935 27.3306451612903 0 0 0 "CQ" 1997
10 1998 4.69032258064516 27.5709677419355 0 0 0 "CQ" 1998
10 1999 7.26896551724138 27.6706896551724 0 0 0 "CQ" 1999
10 2000 12.672 26.972 0 0 0 "CQ" 2000
10 2001 7.61904761904762 26.9547619047619 0 0 0 "CQ" 2001
10 2002 5.91153846153846 27.1211538461538 0 0 0 "CQ" 2002
10 2003 10.4758620689655 27.2844827586207 0 0 0 "CQ" 2003
10 2004 7.1741935483871 27.5596774193548 0 0 0 "CQ" 2004
10 2005 13.8193548387097 26.9451612903226 0 0 0 "CQ" 2005
10 2006 18.9666666666667 26.2116666666667 0 0 0 "CQ" 2006
10 2007 20.4 27.291935483871 0 0 0 "CQ" 2007
10 2008 7.06 27.355 0 0 0 "CQ" 2008
10 2009 4.72857142857143 27.3928571428571 0 0 0 "CQ" 2009
10 2010 6.83333333333333 26.1458333333333 0 0 0 "CQ" 2010
10 2011 11.7774193548387 26.1370967741935 0 0 0 "CQ" 2011
10 2014 11.5645161290323 26.0596774193548 0 0 0 "CQ" 2014
10 2015 12.658064516129 26.9451612903226 0 0 0 "CQ" 2015
10 2016 6.04193548387097 27.5612903225806 0 0 0 "CQ" 2016
10 2017 18.7741935483871 27.1951612903226 0 0 0 "CQ" 2017
10 2018 12.2096774193548 26.791935483871 0 0 0 "CQ" 2018
11 1993 3.18333333333333 26.7733333333333 0 0 0 "CQ" 1993
11 1994 5.86 26.8516666666667 0 0 0 "CQ" 1994
11 1995 5.27666666666667 27.1766666666667 0 0 0 "CQ" 1995
11 1996 11.1266666666667 27.0583333333333 0 0 0 "CQ" 1996
11 1997 11.0466666666667 26.78 0 0 0 "CQ" 1997
11 1998 4.08 27.2733333333333 0 0 0 "CQ" 1998
11 1999 5.44285714285714 27.4178571428571 0 0 0 "CQ" 1999
11 2000 6.01 27.08 0 0 0 "CQ" 2000
11 2001 12.3461538461538 26.2711538461538 0 0 0 "CQ" 2001
11 2002 4.48333333333333 26.7483333333333 0 0 0 "CQ" 2002
11 2003 12.937037037037 26.637037037037 0 0 0 "CQ" 2003
11 2004 8.17333333333333 28.0533333333333 0 0 0 "CQ" 2004
11 2006 4.22592592592593 27.2518518518519 0 0 0 "CQ" 2006
11 2007 11.51 26.94 0 0 0 "CQ" 2007
11 2008 3.91666666666667 27.4611111111111 0 0 0 "CQ" 2008
11 2010 5.65384615384615 26.3730769230769 0 0 0 "CQ" 2010
11 2014 4.62 27.175 0 0 0 "CQ" 2014
11 2016 5.57333333333333 27.2533333333333 0 0 0 "CQ" 2016
11 2017 2.48666666666667 27.8183333333333 0 0 0 "CQ" 2017
11 2018 3.31666666666667 27.1116666666667 0 0 0 "CQ" 2018
12 1993 3.6448275862069 26.2931034482759 0 0 0 "CQ" 1993
12 1994 2.8741935483871 26.1758064516129 0 0 0 "CQ" 1994
12 1995 10.8129032258065 26.6145161290323 0 0 0 "CQ" 1995
12 1996 4.71290322580645 26.9387096774194 0 0 0 "CQ" 1996
12 1997 7.31935483870968 26.6435483870968 0 0 0 "CQ" 1997
12 1998 2.31935483870968 26.9048387096774 0 0 0 "CQ" 1998
12 1999 3.18709677419355 26.9741935483871 0 0 0 "CQ" 1999
12 2000 7.90833333333333 26.6020833333333 0 0 0 "CQ" 2000
12 2001 4.75 26.0354166666667 0 0 0 "CQ" 2001
12 2002 4.916 26.184 0 0 0 "CQ" 2002
12 2003 5.08 26.96 0 0 0 "CQ" 2003
12 2004 3.19354838709677 27.2258064516129 0 0 0 "CQ" 2004
12 2005 4.38387096774194 27.3258064516129 0 0 0 "CQ" 2005
12 2007 2.60322580645161 26.9016129032258 0 0 0 "CQ" 2007
12 2008 1.28333333333333 27.6791666666667 0 0 0 "CQ" 2008
12 2009 9.61 25.91 0 0 0 "CQ" 2009
12 2010 2.78666666666667 26.4533333333333 0 0 0 "CQ" 2010
12 2011 4.58709677419355 26.1483870967742 0 0 0 "CQ" 2011
12 2014 4.89354838709677 26.9370967741935 0 0 0 "CQ" 2014
12 2015 4.05483870967742 26.5838709677419 0 0 0 "CQ" 2015
12 2016 6.3258064516129 26.641935483871 0 0 0 "CQ" 2016
12 2017 2.8 27.4241935483871 0 0 0 "CQ" 2017
12 2018 5.25483870967742 26.7096774193548 0 0 0 "CQ" 2018
1 2006 6.8258064516129 26.5258064516129 0 0 0 "CQ" 2006
1 2007 1.75806451612903 26.7112903225806 0 0 0 "CQ" 2007
1 2008 1.88387096774194 27.6048387096774 0 0 0 "CQ" 2008
1 2009 2.02903225806452 27.6903225806452 0 0 0 "CQ" 2009
1 2010 3.90714285714286 26.3071428571429 0 0 0 "CQ" 2010
1 2011 6.98064516129032 26.858064516129 0 0 0 "CQ" 2011
1 2012 1.60967741935484 26.2338709677419 0 0 0 "CQ" 2012
1 2013 3.12258064516129 25.7532258064516 0 0 0 "CQ" 2013
1 2014 8.29354838709677 26.4967741935484 0 0 0 "CQ" 2014
1 2015 2.81290322580645 26.7709677419355 0 0 0 "CQ" 2015
1 2016 1.11935483870968 25.8306451612903 0 0 0 "CQ" 2016
1 2017 3.78387096774194 26.4709677419355 0 0 0 "CQ" 2017
1 2018 1.90645161290323 27.7677419354839 0 0 0 "CQ" 2018
1 2019 0.820689655172414 26.9931034482759 0 0 0 "CQ" 2019
2 2006 4.19642857142857 26.5589285714286 0 0 0 "CQ" 2006
2 2007 2.95357142857143 26.225 0 0 0 "CQ" 2007
2 2008 3.48620689655172 26.751724137931 0 0 0 "CQ" 2008
2 2009 2.46538461538462 27.0307692307692 0 0 0 "CQ" 2009
2 2010 0.996 26.31 0 0 0 "CQ" 2010
2 2011 2.4 26.5148148148148 0 0 0 "CQ" 2011
2 2012 3.54642857142857 26.1089285714286 0 0 0 "CQ" 2012
2 2013 1.85714285714286 26.0017857142857 0 0 0 "CQ" 2013
2 2014 1.31071428571429 26.3535714285714 0 0 0 "CQ" 2014
2 2015 0.357142857142857 25.8892857142857 0 0 0 "CQ" 2015
2 2016 1.98275862068966 26.2689655172414 0 0 0 "CQ" 2016
2 2017 4.67857142857143 26.1285714285714 0 0 0 "CQ" 2017
2 2018 1.01428571428571 27.6303571428571 0 0 0 "CQ" 2018
3 2006 0.893548387096774 27.2661290322581 0 0 0 "CQ" 2006
3 2007 2.9741935483871 25.4967741935484 0 0 0 "CQ" 2007
3 2008 2.59354838709677 26.4790322580645 0 0 0 "CQ" 2008
3 2009 2.33548387096774 26.9629032258064 0 0 0 "CQ" 2009
3 2010 1.66333333333333 27.075 0 0 0 "CQ" 2010
3 2011 2.4 27.5403225806452 0 0 0 "CQ" 2011
3 2012 0.556666666666667 26.705 0 0 0 "CQ" 2012
3 2013 1.89354838709677 26.4451612903226 0 0 0 "CQ" 2013
3 2014 1.89354838709677 26.5064516129032 0 0 0 "CQ" 2014
3 2015 3.30322580645161 26.691935483871 0 0 0 "CQ" 2015
3 2016 1.59666666666667 26.3566666666667 0 0 0 "CQ" 2016
3 2017 1.67741935483871 27.0725806451613 0 0 0 "CQ" 2017
3 2018 1.29666666666667 27.965 0 0 0 "CQ" 2018
4 2006 2.13214285714286 28.0410714285714 0 0 0 "CQ" 2006
4 2007 3.86 27.4683333333333 0 0 0 "CQ" 2007
4 2008 2.0551724137931 28.2775862068966 0 0 0 "CQ" 2008
4 2009 1.05666666666667 27.61 0 0 0 "CQ" 2009
4 2010 1.98666666666667 27.445 0 0 0 "CQ" 2010
4 2011 4.1 27.8416666666667 0 0 0 "CQ" 2011
4 2012 0.476666666666667 27.8633333333333 0 0 0 "CQ" 2012
4 2013 1.19666666666667 27.0533333333333 0 0 0 "CQ" 2013
4 2014 2.76333333333333 28.1333333333333 0 0 0 "CQ" 2014
4 2015 4.00333333333333 27.46 0 0 0 "CQ" 2015
4 2016 0.853333333333333 27.5816666666667 0 0 0 "CQ" 2016
4 2017 2.56 28.0916666666667 0 0 0 "CQ" 2017
4 2018 6.04827586206896 27.851724137931 0 0 0 "CQ" 2018
5 2006 1.59354838709677 28.6403225806452 0 0 0 "CQ" 2006
5 2007 3.94516129032258 28.1112903225806 0 0 0 "CQ" 2007
5 2008 2.62962962962963 28.3685185185185 0 0 0 "CQ" 2008
5 2009 2.02258064516129 28.4096774193548 0 0 0 "CQ" 2009
5 2010 0.496774193548387 28.7338709677419 0 0 0 "CQ" 2010
5 2011 11.9225806451613 28.7645161290323 0 0 0 "CQ" 2011
5 2012 3.47241379310345 28.4431034482759 0 0 0 "CQ" 2012
5 2013 3.70967741935484 27.4451612903226 0 0 0 "CQ" 2013
5 2014 3.1258064516129 28.5564516129032 0 0 0 "CQ" 2014
5 2015 4.69354838709677 27.5354838709677 0 0 0 "CQ" 2015
5 2016 1.40645161290323 28.2612903225806 0 0 0 "CQ" 2016
5 2017 1.30322580645161 28.7645161290323 0 0 0 "CQ" 2017
5 2018 2.00967741935484 28.0193548387097 0 0 0 "CQ" 2018
6 2006 3.12 28.765 0 0 0 "CQ" 2006
6 2007 2.77666666666667 28.7033333333333 0 0 0 "CQ" 2007
6 2008 3.37 28.4333333333333 0 0 0 "CQ" 2008
6 2009 6.98333333333333 28.135 0 0 0 "CQ" 2009
6 2010 2.30357142857143 28.9678571428571 0 0 0 "CQ" 2010
6 2011 5.34333333333333 29.1383333333333 0 0 0 "CQ" 2011
6 2012 2.90666666666667 29.16 0 0 0 "CQ" 2012
6 2013 4.40689655172414 27.3120689655172 0 0 0 "CQ" 2013
6 2014 2.82 29.075 0 0 0 "CQ" 2014
6 2015 3.52 28.2116666666667 0 0 0 "CQ" 2015
6 2016 1.60666666666667 29.605 0 0 0 "CQ" 2016
6 2017 3.92333333333333 29.865 0 0 0 "CQ" 2017
6 2018 5.58333333333333 28.3966666666667 0 0 0 "CQ" 2018
7 2006 10.4774193548387 27.8677419354839 0 0 0 "CQ" 2006
7 2007 3.60322580645161 28.5838709677419 0 0 0 "CQ" 2007
7 2008 7.55806451612903 28.0258064516129 0 0 0 "CQ" 2008
7 2009 8.97333333333333 27.72 0 0 0 "CQ" 2009
7 2010 6.50769230769231 28.2807692307692 0 0 0 "CQ" 2010
7 2011 7.01935483870968 27.7483870967742 0 0 0 "CQ" 2011
7 2012 5.62258064516129 28.6129032258065 0 0 0 "CQ" 2012
7 2013 3.74333333333333 26.5116666666667 0 0 0 "CQ" 2013
7 2014 7.81333333333333 28.39 0 0 0 "CQ" 2014
7 2015 2.94516129032258 28.0387096774194 0 0 0 "CQ" 2015
7 2016 2.60967741935484 29.1564516129032 0 0 0 "CQ" 2016
7 2017 5.29677419354839 30.291935483871 0 0 0 "CQ" 2017
7 2018 5.77096774193548 28.3983870967742 0 0 0 "CQ" 2018
8 2006 8.51071428571429 26.0767857142857 0 0 0 "CQ" 2006
8 2007 10.2741935483871 27.6177419354839 0 0 0 "CQ" 2007
8 2008 7.93870967741935 27.8209677419355 0 0 0 "CQ" 2008
8 2009 11.9935483870968 28.0629032258065 0 0 0 "CQ" 2009
8 2010 11.6032258064516 27.5290322580645 0 0 0 "CQ" 2010
8 2011 9.7 27.7370967741935 0 0 0 "CQ" 2011
8 2012 14.1096774193548 28.0532258064516 0 0 0 "CQ" 2012
8 2013 5.73548387096774 27.7322580645161 0 0 0 "CQ" 2013
8 2014 7.04193548387097 28.2338709677419 0 0 0 "CQ" 2014
8 2015 7.60416666666667 27.83125 0 0 0 "CQ" 2015
8 2016 18.3225806451613 28.5370967741935 0 0 0 "CQ" 2016
8 2017 7.04516129032258 30.308064516129 0 0 0 "CQ" 2017
8 2018 11.9903225806452 27.5854838709677 0 0 0 "CQ" 2018
9 2006 6.74333333333333 28.1716666666667 0 0 0 "CQ" 2006
9 2007 8.69333333333333 27.3916666666667 0 0 0 "CQ" 2007
9 2008 9.51666666666667 27.7133333333333 0 0 0 "CQ" 2008
9 2009 10 27.8733333333333 0 0 0 "CQ" 2009
9 2010 6.38 27.7316666666667 0 0 0 "CQ" 2010
9 2011 5.86 27.6433333333333 0 0 0 "CQ" 2011
9 2012 8.67666666666667 28.8033333333333 0 0 0 "CQ" 2012
9 2013 12.49 27.5466666666667 0 0 0 "CQ" 2013
9 2014 16.4896551724138 27.8896551724138 0 0 0 "CQ" 2014
9 2015 7.43333333333333 28.205 0 0 0 "CQ" 2015
9 2016 13.2233333333333 28.5666666666667 0 0 0 "CQ" 2016
9 2017 7.18 28.735 0 0 0 "CQ" 2017
9 2018 11.1266666666667 27.5533333333333 0 0 0 "CQ" 2018
10 2006 12.2709677419355 27.2983870967742 0 0 0 "CQ" 2006
10 2007 10.8741935483871 26.4064516129032 0 0 0 "CQ" 2007
10 2008 7.41612903225806 28.1532258064516 0 0 0 "CQ" 2008
10 2009 12.9516129032258 27.6435483870968 0 0 0 "CQ" 2009
10 2010 4.20322580645161 27.6983870967742 0 0 0 "CQ" 2010
10 2011 12.53 27.175 0 0 0 "CQ" 2011
10 2012 15.0129032258065 28.1096774193548 0 0 0 "CQ" 2012
10 2013 7.64516129032258 26.9048387096774 0 0 0 "CQ" 2013
10 2014 7.12903225806452 27.9629032258065 0 0 0 "CQ" 2014
10 2015 8.52903225806452 27.9467741935484 0 0 0 "CQ" 2015
10 2016 3.49677419354839 29.1387096774194 0 0 0 "CQ" 2016
10 2017 5.94 28.455 0 0 0 "CQ" 2017
10 2018 12.6166666666667 27.7145833333333 0 0 0 "CQ" 2018
11 2006 2.80666666666667 27.6666666666667 0 0 0 "CQ" 2006
11 2007 9.3 26.8883333333333 0 0 0 "CQ" 2007
11 2008 5.58666666666667 28.1066666666667 0 0 0 "CQ" 2008
11 2009 3.72 27.8566666666667 0 0 0 "CQ" 2009
11 2010 2.85333333333333 27.765 0 0 0 "CQ" 2010
11 2011 2.73333333333333 27.65 0 0 0 "CQ" 2011
11 2012 1.49 28.8333333333333 0 0 0 "CQ" 2012
11 2013 2.21333333333333 27.7383333333333 0 0 0 "CQ" 2013
11 2014 8.91 27.6366666666667 0 0 0 "CQ" 2014
11 2015 2.49 27.995 0 0 0 "CQ" 2015
11 2016 3.83103448275862 28.6413793103448 0 0 0 "CQ" 2016
11 2017 1.59666666666667 28.85 0 0 0 "CQ" 2017
11 2018 2.48275862068966 28.2241379310345 0 0 0 "CQ" 2018
12 2006 3.87741935483871 27.808064516129 0 0 0 "CQ" 2006
12 2007 2.43225806451613 27.5209677419355 0 0 0 "CQ" 2007
12 2008 1.86774193548387 27.8645161290323 0 0 0 "CQ" 2008
12 2009 5.82413793103448 27.0896551724138 0 0 0 "CQ" 2009
12 2010 1.57096774193548 27.1016129032258 0 0 0 "CQ" 2010
12 2011 3.72903225806452 27.2903225806452 0 0 0 "CQ" 2011
12 2012 2.8258064516129 27.4 0 0 0 "CQ" 2012
12 2013 1.73870967741935 27.4564516129032 0 0 0 "CQ" 2013
12 2014 1.47741935483871 27.9483870967742 0 0 0 "CQ" 2014
12 2015 3.31290322580645 26.4564516129032 0 0 0 "CQ" 2015
12 2016 3.00645161290323 27.5774193548387 0 0 0 "CQ" 2016
12 2017 1.08620689655172 28.5913793103448 0 0 0 "CQ" 2017
12 2018 1.8 28.0629032258065 0 0 0 "CQ" 2018
1 1970 9.12258064516129 26.2709677419355 0 0 0 "CQ" 1970
1 1971 2.28387096774194 26.1048387096774 0 0 0 "CQ" 1971
1 1972 3.07096774193548 26.0161290322581 0 0 0 "CQ" 1972
1 1973 0.65 25.8683333333333 0 0 0 "CQ" 1973
1 1975 4.10967741935484 26.5129032258065 0 0 0 "CQ" 1975
1 1976 7.08709677419355 26.3516129032258 0 0 0 "CQ" 1976
2 1970 4.4 25.9196428571429 0 0 0 "CQ" 1970
2 1971 4.98928571428571 26.375 0 0 0 "CQ" 1971
2 1972 0.795833333333333 25.625 0 0 0 "CQ" 1972
2 1973 1.6 26.19 0 0 0 "CQ" 1973
2 1974 3.43571428571429 26.3964285714286 0 0 0 "CQ" 1974
2 1975 4.31785714285714 25.8160714285714 0 0 0 "CQ" 1975
2 1976 2.83448275862069 26.3379310344828 0 0 0 "CQ" 1976
3 1970 2.46129032258065 25.941935483871 0 0 0 "CQ" 1970
3 1971 11.2967741935484 26.258064516129 0 0 0 "CQ" 1971
3 1972 2.36296296296296 26.2703703703704 0 0 0 "CQ" 1972
3 1973 0.835483870967742 26.45 0 0 0 "CQ" 1973
3 1974 5.11612903225806 26.1758064516129 0 0 0 "CQ" 1974
3 1976 1.49677419354839 26.858064516129 0 0 0 "CQ" 1976
4 1970 1.39333333333333 26.6866666666667 0 0 0 "CQ" 1970
4 1971 4.54666666666667 27.7716666666667 0 0 0 "CQ" 1971
4 1972 1.89642857142857 26.5178571428571 0 0 0 "CQ" 1972
4 1973 1.92413793103448 27.6293103448276 0 0 0 "CQ" 1973
4 1974 6.90689655172414 27.1672413793103 0 0 0 "CQ" 1974
4 1976 2.29333333333333 27.585 0 0 0 "CQ" 1976
5 1970 1.21935483870968 27.0016129032258 0 0 0 "CQ" 1970
5 1971 7.28387096774194 28.2274193548387 0 0 0 "CQ" 1971
5 1972 1.88260869565217 27.2652173913043 0 0 0 "CQ" 1972
5 1974 4.35483870967742 27.5322580645161 0 0 0 "CQ" 1974
5 1975 0.870967741935484 27.908064516129 0 0 0 "CQ" 1975
6 1970 4.78 26.94 0 0 0 "CQ" 1970
6 1971 4.65 27.8483333333333 0 0 0 "CQ" 1971
6 1972 4.94137931034483 27.151724137931 0 0 0 "CQ" 1972
6 1973 1.39 28.2933333333333 0 0 0 "CQ" 1973
7 1970 8.36451612903226 26.1306451612903 0 0 0 "CQ" 1970
7 1971 7.95806451612903 27.2161290322581 0 0 0 "CQ" 1971
7 1972 9.25416666666667 27.2875 0 0 0 "CQ" 1972
7 1973 5.61612903225806 28.3290322580645 0 0 0 "CQ" 1973
7 1975 9.6741935483871 27.6516129032258 0 0 0 "CQ" 1975
7 1976 8.08620689655172 27.3655172413793 0 0 0 "CQ" 1976
8 1970 6.80322580645161 26.5887096774194 0 0 0 "CQ" 1970
8 1971 5.48571428571429 27.0107142857143 0 0 0 "CQ" 1971
8 1973 9.36 27.35 0 0 0 "CQ" 1973
8 1975 14.4193548387097 27.1290322580645 0 0 0 "CQ" 1975
8 1976 13.5866666666667 27.185 0 0 0 "CQ" 1976
8 1977 3.54838709677419 28.3467741935484 0 0 0 "CQ" 1977
8 1978 19.05 27.2 0 0 0 "CQ" 1978
9 1970 4.09666666666667 26.8816666666667 0 0 0 "CQ" 1970
9 1971 5.92307692307692 27.2980769230769 0 0 0 "CQ" 1971
9 1972 8.108 27.35 0 0 0 "CQ" 1972
9 1973 5.57407407407407 27.2833333333333 0 0 0 "CQ" 1973
9 1975 13.5466666666667 27.6166666666667 0 0 0 "CQ" 1975
9 1976 10.0576923076923 28.0134615384615 0 0 0 "CQ" 1976
10 1970 4.10322580645161 28.0370967741936 0 0 0 "CQ" 1970
10 1971 5.46451612903226 26.2709677419355 0 0 0 "CQ" 1971
10 1972 5.7 27.4016129032258 0 0 0 "CQ" 1972
10 1973 9.084 27.564 0 0 0 "CQ" 1973
10 1975 6.31612903225806 27.4661290322581 0 0 0 "CQ" 1975
10 1976 3.48064516129032 27.9532258064516 0 0 0 "CQ" 1976
11 1970 2.17333333333333 27.5866666666667 0 0 0 "CQ" 1970
11 1971 7.80689655172414 26.5586206896552 0 0 0 "CQ" 1971
11 1972 2.59655172413793 27.0051724137931 0 0 0 "CQ" 1972
11 1973 3.06551724137931 27.2568965517241 0 0 0 "CQ" 1973
11 1975 7.94333333333333 27.2266666666667 0 0 0 "CQ" 1975
11 1976 5.86666666666667 27.59 0 0 0 "CQ" 1976
12 1970 4.40645161290323 26.5064516129032 0 0 0 "CQ" 1970
12 1971 2.78709677419355 26.4758064516129 0 0 0 "CQ" 1971
12 1972 1.75161290322581 26.4096774193548 0 0 0 "CQ" 1972
12 1973 2.25161290322581 27.4354838709677 0 0 0 "CQ" 1973
12 1974 2.25806451612903 27.4177419354839 0 0 0 "CQ" 1974
12 1975 4.28064516129032 26.85 0 0 0 "CQ" 1975
12 1976 2.39032258064516 27.0145161290323 0 0 0 "CQ" 1976
12 1978 3.66774193548387 26.591935483871 0 0 0 "CQ" 1978
