"MONTH" "YEAR" "ave_precip_mo" "ave_mo_t" "opium_t" "mj_t" "coca_t" "fips" "year"
1 1985 0 26.1 0 0 0 "CS" 1985
1 1986 0 27.08 0 0 0 "CS" 1986
1 1987 0 26.8 0 0 0 "CS" 1987
1 1988 0 28.69 0 0 0 "CS" 1988
1 1989 0 27.25 0 0 0 "CS" 1989
1 1990 0.00833333333333333 27.475 0 0 0 "CS" 1990
1 1991 0 27.0571428571429 0 0 0 "CS" 1991
1 2001 3.06666666666667 27.4833333333333 0 0 0 "CS" 2001
1 2006 0.15 25.775 0 0 0 "CS" 2006
1 2018 0.4 26.375 0 0 0 "CS" 2018
2 1985 0 27.8666666666667 0 0 0 "CS" 1985
2 1986 0 25.5944444444444 0 0 0 "CS" 1986
2 1987 0 27.35 0 0 0 "CS" 1987
2 1988 0 28.5884615384615 0 0 0 "CS" 1988
2 1989 0 26.9666666666667 0 0 0 "CS" 1989
2 1990 0 26.625 0 0 0 "CS" 1990
2 1991 0 29.3 0 0 0 "CS" 1991
2 2008 0.15 27.475 0 0 0 "CS" 2008
2 2011 0 26.675 0 0 0 "CS" 2011
3 1985 0 27.4 0 0 0 "CS" 1985
3 1986 0 26.75 0 0 0 "CS" 1986
3 1987 0 28.775 0 0 0 "CS" 1987
3 1988 0 27.4722222222222 0 0 0 "CS" 1988
3 1989 0 27.0666666666667 0 0 0 "CS" 1989
3 1990 0 30.05 0 0 0 "CS" 1990
3 1991 0 29.1833333333333 0 0 0 "CS" 1991
3 2003 0 28.3 0 0 0 "CS" 2003
3 2005 6.75 28.7 0 0 0 "CS" 2005
4 1985 0 28.9 0 0 0 "CS" 1985
4 1986 0 29.0166666666667 0 0 0 "CS" 1986
4 1987 0 29.44 0 0 0 "CS" 1987
4 1988 0.55 29.325 0 0 0 "CS" 1988
4 1989 0 29.575 0 0 0 "CS" 1989
4 1990 0 29 0 0 0 "CS" 1990
4 1991 0.945454545454545 29.2590909090909 0 0 0 "CS" 1991
4 1995 33.8 28 0 0 0 "CS" 1995
4 2005 0.25 30.675 0 0 0 "CS" 2005
4 2006 0.3 28.55 0 0 0 "CS" 2006
4 2007 27.2 28.4 0 0 0 "CS" 2007
4 2008 11.7 28.7333333333333 0 0 0 "CS" 2008
4 2010 37.75 29.6 0 0 0 "CS" 2010
4 2011 0.15 29.4 0 0 0 "CS" 2011
4 2012 13.2428571428571 28.4142857142857 0 0 0 "CS" 2012
4 2014 1.3 29.6 0 0 0 "CS" 2014
4 2016 3 29.225 0 0 0 "CS" 2016
4 2017 2.55 29.525 0 0 0 "CS" 2017
4 2018 12.3 28.7 0 0 0 "CS" 2018
5 1985 0.48 28.58 0 0 0 "CS" 1985
5 1986 8.2 28.9428571428571 0 0 0 "CS" 1986
5 1987 4.30909090909091 29.3318181818182 0 0 0 "CS" 1987
5 1988 13.7166666666667 29.6083333333333 0 0 0 "CS" 1988
5 1989 1.37272727272727 27.8045454545455 0 0 0 "CS" 1989
5 1990 0 30.1 0 0 0 "CS" 1990
5 1991 5.93571428571429 28.0642857142857 0 0 0 "CS" 1991
5 1995 1.22 27.94 0 0 0 "CS" 1995
5 2001 8.98333333333333 27.2 0 0 0 "CS" 2001
5 2002 14 27.03125 0 0 0 "CS" 2002
5 2003 23.0333333333333 28.0833333333333 0 0 0 "CS" 2003
5 2004 0 28.15 0 0 0 "CS" 2004
5 2005 9.25714285714286 27.7714285714286 0 0 0 "CS" 2005
5 2006 7.24666666666667 27.7566666666667 0 0 0 "CS" 2006
5 2007 10.6375 27.940625 0 0 0 "CS" 2007
5 2008 3.44166666666667 27.3791666666667 0 0 0 "CS" 2008
5 2009 7.25 28.8083333333333 0 0 0 "CS" 2009
5 2010 13.9777777777778 27.2666666666667 0 0 0 "CS" 2010
5 2011 15.6571428571429 27.65 0 0 0 "CS" 2011
5 2012 9.12307692307692 27.5307692307692 0 0 0 "CS" 2012
5 2013 50.2166666666667 27.975 0 0 0 "CS" 2013
5 2014 8.1125 28.7125 0 0 0 "CS" 2014
5 2015 0.166666666666667 29.7333333333333 0 0 0 "CS" 2015
5 2016 9 27.4833333333333 0 0 0 "CS" 2016
5 2017 18.7111111111111 27.7388888888889 0 0 0 "CS" 2017
5 2018 14.1428571428571 27.3357142857143 0 0 0 "CS" 2018
6 1985 5.4125 27.675 0 0 0 "CS" 1985
6 1986 4.74285714285714 27.4071428571429 0 0 0 "CS" 1986
6 1987 5.9125 28.375 0 0 0 "CS" 1987
6 1988 23.5545454545455 26.2454545454545 0 0 0 "CS" 1988
6 1989 3.61538461538462 26.8461538461538 0 0 0 "CS" 1989
6 1990 8.75 27.075 0 0 0 "CS" 1990
6 1991 9.05384615384615 27.7461538461538 0 0 0 "CS" 1991
6 1992 8.0875 27.78125 0 0 0 "CS" 1992
6 1994 14.1 27.375 0 0 0 "CS" 1994
6 1995 17.99 27.325 0 0 0 "CS" 1995
6 2001 12.0666666666667 26.925 0 0 0 "CS" 2001
6 2002 4.15 26.9375 0 0 0 "CS" 2002
6 2003 9.32857142857143 27.2785714285714 0 0 0 "CS" 2003
6 2004 6.15 28.25 0 0 0 "CS" 2004
6 2005 6.295 27.425 0 0 0 "CS" 2005
6 2006 16.9315789473684 26.7368421052632 0 0 0 "CS" 2006
6 2007 6.99333333333333 27.5 0 0 0 "CS" 2007
6 2008 17.9666666666667 27.5708333333333 0 0 0 "CS" 2008
6 2009 9.625 27.6125 0 0 0 "CS" 2009
6 2010 8.24444444444444 27.55 0 0 0 "CS" 2010
6 2011 8.13636363636364 27.4090909090909 0 0 0 "CS" 2011
6 2012 10.35 26.69 0 0 0 "CS" 2012
6 2013 18 27.4666666666667 0 0 0 "CS" 2013
6 2014 8.28181818181818 28.3772727272727 0 0 0 "CS" 2014
6 2015 4.78 28.98 0 0 0 "CS" 2015
6 2016 14.9714285714286 26.8 0 0 0 "CS" 2016
6 2017 7.07272727272727 26.8068181818182 0 0 0 "CS" 2017
6 2018 5.825 27.1708333333333 0 0 0 "CS" 2018
7 1985 6.48333333333333 26.5 0 0 0 "CS" 1985
7 1986 0 26.65 0 0 0 "CS" 1986
7 1987 13.52 27.53 0 0 0 "CS" 1987
7 1988 2.89166666666667 26.6208333333333 0 0 0 "CS" 1988
7 1989 2.94666666666667 26.7933333333333 0 0 0 "CS" 1989
7 1990 2.31428571428571 27.3428571428571 0 0 0 "CS" 1990
7 1991 1.13333333333333 28.4666666666667 0 0 0 "CS" 1991
7 1992 25.04 25.6 0 0 0 "CS" 1992
7 1995 9.61428571428571 27.0142857142857 0 0 0 "CS" 1995
7 2000 7.03333333333333 27.5166666666667 0 0 0 "CS" 2000
7 2001 6.9 27.45 0 0 0 "CS" 2001
7 2002 3.48333333333333 27.1583333333333 0 0 0 "CS" 2002
7 2003 0 26.975 0 0 0 "CS" 2003
7 2004 5.28333333333333 27.7416666666667 0 0 0 "CS" 2004
7 2005 1.7125 27.3375 0 0 0 "CS" 2005
7 2006 8.26428571428571 26.9357142857143 0 0 0 "CS" 2006
7 2007 8.60666666666667 27.66 0 0 0 "CS" 2007
7 2008 10.52 27.05 0 0 0 "CS" 2008
7 2009 5.48571428571428 27.6357142857143 0 0 0 "CS" 2009
7 2010 12.4434782608696 27.1260869565217 0 0 0 "CS" 2010
7 2011 7.2 26.9636363636364 0 0 0 "CS" 2011
7 2012 1.18571428571429 27.5071428571429 0 0 0 "CS" 2012
7 2013 7.95 27.9775 0 0 0 "CS" 2013
7 2015 0.25 28.55 0 0 0 "CS" 2015
7 2016 7.3875 27.6625 0 0 0 "CS" 2016
7 2017 2.11176470588235 26.9441176470588 0 0 0 "CS" 2017
7 2018 0.675 27.31875 0 0 0 "CS" 2018
8 1984 4.13846153846154 26.3076923076923 0 0 0 "CS" 1984
8 1985 7.31 26.245 0 0 0 "CS" 1985
8 1987 1.08888888888889 27.6 0 0 0 "CS" 1987
8 1988 8.91666666666667 26.125 0 0 0 "CS" 1988
8 1989 1.31428571428571 25.7 0 0 0 "CS" 1989
8 1990 1.79166666666667 27.5458333333333 0 0 0 "CS" 1990
8 1992 10.4333333333333 26.55 0 0 0 "CS" 1992
8 1994 20.6666666666667 27 0 0 0 "CS" 1994
8 1995 13.4 26.59 0 0 0 "CS" 1995
8 2000 5.31 27.44 0 0 0 "CS" 2000
8 2001 11.25 27.70625 0 0 0 "CS" 2001
8 2002 11.3125 27.05 0 0 0 "CS" 2002
8 2003 19.2 26.8 0 0 0 "CS" 2003
8 2004 0.15 27.85 0 0 0 "CS" 2004
8 2005 11.3272727272727 27.2954545454545 0 0 0 "CS" 2005
8 2006 5.89285714285714 27.0392857142857 0 0 0 "CS" 2006
8 2007 7.75882352941176 27.2029411764706 0 0 0 "CS" 2007
8 2008 24.1916666666667 26.8666666666667 0 0 0 "CS" 2008
8 2009 5.44444444444444 28.1444444444444 0 0 0 "CS" 2009
8 2010 7.23684210526316 26.7631578947368 0 0 0 "CS" 2010
8 2011 6.54166666666667 26.9708333333333 0 0 0 "CS" 2011
8 2012 12.1857142857143 27.3071428571429 0 0 0 "CS" 2012
8 2013 5.22727272727273 28.0409090909091 0 0 0 "CS" 2013
8 2014 11.2 28.225 0 0 0 "CS" 2014
8 2015 28.2 28.7 0 0 0 "CS" 2015
8 2016 7.78181818181818 27.9818181818182 0 0 0 "CS" 2016
8 2017 18.288 26.86 0 0 0 "CS" 2017
8 2018 2.36666666666667 27.05 0 0 0 "CS" 2018
9 1984 18.36875 25.721875 0 0 0 "CS" 1984
9 1985 10.3357142857143 26.5785714285714 0 0 0 "CS" 1985
9 1986 9.6 26 0 0 0 "CS" 1986
9 1987 6.41428571428571 27.3785714285714 0 0 0 "CS" 1987
9 1988 16.1 26.0214285714286 0 0 0 "CS" 1988
9 1989 17.79 25.61 0 0 0 "CS" 1989
9 1990 10.45 26.5375 0 0 0 "CS" 1990
9 1992 4.6 25.85 0 0 0 "CS" 1992
9 1994 37.6833333333333 26.5416666666667 0 0 0 "CS" 1994
9 1995 20.5 26.41875 0 0 0 "CS" 1995
9 2000 22.0333333333333 26.6708333333333 0 0 0 "CS" 2000
9 2001 18.4714285714286 26.9357142857143 0 0 0 "CS" 2001
9 2002 16.4363636363636 26.6545454545455 0 0 0 "CS" 2002
9 2003 2.72142857142857 27.0071428571429 0 0 0 "CS" 2003
9 2004 14.9235294117647 26.8470588235294 0 0 0 "CS" 2004
9 2005 23.35 25.525 0 0 0 "CS" 2005
9 2006 2.88125 26.18125 0 0 0 "CS" 2006
9 2007 18.1764705882353 27.1911764705882 0 0 0 "CS" 2007
9 2008 16.5933333333333 26.8366666666667 0 0 0 "CS" 2008
9 2009 15.3428571428571 27.7142857142857 0 0 0 "CS" 2009
9 2010 8.2952380952381 26.5738095238095 0 0 0 "CS" 2010
9 2011 4.6625 26.9 0 0 0 "CS" 2011
9 2012 9.48461538461538 27.0269230769231 0 0 0 "CS" 2012
9 2013 10.2913043478261 27.4608695652174 0 0 0 "CS" 2013
9 2014 11.3333333333333 27.2466666666667 0 0 0 "CS" 2014
9 2015 20.7571428571429 27.8285714285714 0 0 0 "CS" 2015
9 2016 7.3125 27.421875 0 0 0 "CS" 2016
9 2017 9.51904761904762 26.597619047619 0 0 0 "CS" 2017
9 2018 6.53 26.72 0 0 0 "CS" 2018
10 1984 2.95882352941176 26.5264705882353 0 0 0 "CS" 1984
10 1985 18.37 26.36 0 0 0 "CS" 1985
10 1986 5.18888888888889 26.4222222222222 0 0 0 "CS" 1986
10 1987 4.99 26.93 0 0 0 "CS" 1987
10 1988 18.5066666666667 26.3633333333333 0 0 0 "CS" 1988
10 1989 3.11 26.34 0 0 0 "CS" 1989
10 1990 11.4666666666667 26.3194444444444 0 0 0 "CS" 1990
10 1991 2.23333333333333 26.68 0 0 0 "CS" 1991
10 1992 6.7 26.225 0 0 0 "CS" 1992
10 1993 1.3 27.2 0 0 0 "CS" 1993
10 1994 13.31 26.17 0 0 0 "CS" 1994
10 1995 20 26.0833333333333 0 0 0 "CS" 1995
10 2000 11.475 26.15 0 0 0 "CS" 2000
10 2001 4.8 27.55 0 0 0 "CS" 2001
10 2002 7.47692307692308 26.3923076923077 0 0 0 "CS" 2002
10 2003 3.31666666666667 26.6083333333333 0 0 0 "CS" 2003
10 2004 3.53333333333333 27.0452380952381 0 0 0 "CS" 2004
10 2005 14.4217391304348 25.7282608695652 0 0 0 "CS" 2005
10 2006 18.95625 26.25 0 0 0 "CS" 2006
10 2007 13.9916666666667 26.175 0 0 0 "CS" 2007
10 2008 13 26.6625 0 0 0 "CS" 2008
10 2009 6.45384615384615 27.5307692307692 0 0 0 "CS" 2009
10 2010 5.71818181818182 26.9954545454545 0 0 0 "CS" 2010
10 2011 12.875 25.71875 0 0 0 "CS" 2011
10 2012 7.30588235294118 26.4 0 0 0 "CS" 2012
10 2013 11.3363636363636 26.8477272727273 0 0 0 "CS" 2013
10 2014 12.8913043478261 26.9565217391304 0 0 0 "CS" 2014
10 2015 8.98181818181818 26.9409090909091 0 0 0 "CS" 2015
10 2016 13.02 26.9666666666667 0 0 0 "CS" 2016
10 2017 12.74375 25.725 0 0 0 "CS" 2017
10 2018 26.7 25.6 0 0 0 "CS" 2018
11 1984 3.66666666666667 25.5 0 0 0 "CS" 1984
11 1985 0 26.425 0 0 0 "CS" 1985
11 1986 0 26.15 0 0 0 "CS" 1986
11 1987 0.00833333333333333 27.0958333333333 0 0 0 "CS" 1987
11 1988 0.4 25.9214285714286 0 0 0 "CS" 1988
11 1989 0.833333333333333 26.4388888888889 0 0 0 "CS" 1989
11 1990 6.8625 26.6375 0 0 0 "CS" 1990
11 1991 0.00555555555555556 26.5333333333333 0 0 0 "CS" 1991
11 1992 4.3 26.25 0 0 0 "CS" 1992
11 1994 25.4666666666667 25.5 0 0 0 "CS" 1994
11 1995 0.533333333333333 27.15 0 0 0 "CS" 1995
11 1999 2.3 26.45 0 0 0 "CS" 1999
11 2000 2.925 26.3 0 0 0 "CS" 2000
11 2001 10.95 26.3625 0 0 0 "CS" 2001
11 2002 5.22857142857143 26.2428571428571 0 0 0 "CS" 2002
11 2003 8.425 26.75625 0 0 0 "CS" 2003
11 2004 5.18888888888889 27.5 0 0 0 "CS" 2004
11 2005 1.65833333333333 26.175 0 0 0 "CS" 2005
11 2006 2.63846153846154 25.8230769230769 0 0 0 "CS" 2006
11 2007 3.05 27.9 0 0 0 "CS" 2007
11 2008 1.53333333333333 26.475 0 0 0 "CS" 2008
11 2009 4.57142857142857 26.3642857142857 0 0 0 "CS" 2009
11 2010 4.16 25.76 0 0 0 "CS" 2010
11 2011 3.04 26.4 0 0 0 "CS" 2011
11 2012 0.2 26.5125 0 0 0 "CS" 2012
11 2013 6.41666666666667 26.7375 0 0 0 "CS" 2013
11 2014 9.4625 26.68125 0 0 0 "CS" 2014
11 2015 3.93 26.915 0 0 0 "CS" 2015
11 2016 21.4727272727273 26.5772727272727 0 0 0 "CS" 2016
11 2017 2.31 26.015 0 0 0 "CS" 2017
11 2018 4.45 26.425 0 0 0 "CS" 2018
12 1984 0 28.61 0 0 0 "CS" 1984
12 1985 0 27.175 0 0 0 "CS" 1985
12 1986 0.0333333333333333 26.6333333333333 0 0 0 "CS" 1986
12 1987 0.07 27.725 0 0 0 "CS" 1987
12 1988 0.133333333333333 26.5333333333333 0 0 0 "CS" 1988
12 1989 1.40714285714286 25.7892857142857 0 0 0 "CS" 1989
12 1990 0 26.31875 0 0 0 "CS" 1990
12 1991 0.123076923076923 27.4115384615385 0 0 0 "CS" 1991
12 2000 0.766666666666667 26.2666666666667 0 0 0 "CS" 2000
12 2001 0.075 26.825 0 0 0 "CS" 2001
12 2002 0 26.65 0 0 0 "CS" 2002
12 2003 19.8 26.925 0 0 0 "CS" 2003
12 2004 1.5 27.5 0 0 0 "CS" 2004
12 2005 0.75 26.95 0 0 0 "CS" 2005
12 2006 1.05714285714286 26.1428571428571 0 0 0 "CS" 2006
12 2007 0.433333333333333 26.9666666666667 0 0 0 "CS" 2007
12 2008 2.1 26.7125 0 0 0 "CS" 2008
12 2009 0 26.9666666666667 0 0 0 "CS" 2009
12 2010 1 25.05 0 0 0 "CS" 2010
12 2012 0.2 27.7 0 0 0 "CS" 2012
12 2013 0.5 27.1 0 0 0 "CS" 2013
12 2014 0.5 26.9 0 0 0 "CS" 2014
12 2016 12.0166666666667 26.925 0 0 0 "CS" 2016
12 2017 1.9 26.25 0 0 0 "CS" 2017
1 1979 4.18387096774194 25.0016129032258 0 0 0 "CS" 1979
1 1980 9.07741935483871 25.591935483871 0 0 0 "CS" 1980
1 1981 6.55806451612903 23.958064516129 0 0 0 "CS" 1981
1 1982 4.00645161290323 25.8451612903226 0 0 0 "CS" 1982
1 1983 6.66451612903226 25.9032258064516 0 0 0 "CS" 1983
1 1984 11.6935483870968 24.6693548387097 0 0 0 "CS" 1984
1 1985 3.00967741935484 24.8209677419355 0 0 0 "CS" 1985
1 1986 10.5322580645161 23.8661290322581 0 0 0 "CS" 1986
1 1987 11.241935483871 24.7693548387097 0 0 0 "CS" 1987
1 1988 10.0161290322581 25.2241935483871 0 0 0 "CS" 1988
1 1989 7.35806451612903 24.991935483871 0 0 0 "CS" 1989
1 1990 16.1133333333333 25.145 0 0 0 "CS" 1990
1 1991 5.22258064516129 24.8838709677419 0 0 0 "CS" 1991
1 1992 1.76363636363636 24.8590909090909 0 0 0 "CS" 1992
1 1993 4.875 24.5208333333333 0 0 0 "CS" 1993
1 1994 2.3 24.2 0 0 0 "CS" 1994
1 1995 3.31739130434783 24.8608695652174 0 0 0 "CS" 1995
1 1996 10.1705882352941 24.4529411764706 0 0 0 "CS" 1996
1 1997 6.97777777777778 24.0888888888889 0 0 0 "CS" 1997
1 1998 1.16666666666667 25.4166666666667 0 0 0 "CS" 1998
1 1999 6.71666666666667 25.0555555555556 0 0 0 "CS" 1999
1 2000 21.2416666666667 24.2083333333333 0 0 0 "CS" 2000
1 2001 12.7428571428571 24.4035714285714 0 0 0 "CS" 2001
1 2002 20.0071428571429 24.6214285714286 0 0 0 "CS" 2002
1 2003 6.24166666666667 24.9 0 0 0 "CS" 2003
1 2004 6.27 25.085 0 0 0 "CS" 2004
1 2005 32.5772727272727 24.025 0 0 0 "CS" 2005
1 2006 25.1590909090909 24.0136363636364 0 0 0 "CS" 2006
1 2007 11.5714285714286 25.3785714285714 0 0 0 "CS" 2007
1 2008 7.16818181818182 24.5318181818182 0 0 0 "CS" 2008
1 2010 7.42 25.425 0 0 0 "CS" 2010
1 2011 32.5666666666667 24.2416666666667 0 0 0 "CS" 2011
1 2012 14.4545454545455 23.9272727272727 0 0 0 "CS" 2012
1 2013 3.67692307692308 25.3115384615385 0 0 0 "CS" 2013
1 2014 2.65555555555556 25.2444444444444 0 0 0 "CS" 2014
1 2015 40.0818181818182 25.5318181818182 0 0 0 "CS" 2015
1 2016 21.45 24.925 0 0 0 "CS" 2016
1 2017 20.9 24.9166666666667 0 0 0 "CS" 2017
1 2018 22.2214285714286 24.5214285714286 0 0 0 "CS" 2018
1 2019 9.7 24.5285714285714 0 0 0 "CS" 2019
2 1979 3.96071428571429 25.3375 0 0 0 "CS" 1979
2 1980 8.72413793103448 24.8551724137931 0 0 0 "CS" 1980
2 1981 11.925 24.9053571428571 0 0 0 "CS" 1981
2 1982 7.90714285714286 25.6839285714286 0 0 0 "CS" 1982
2 1983 7.9 26.7446428571429 0 0 0 "CS" 1983
2 1984 6.76896551724138 25.301724137931 0 0 0 "CS" 1984
2 1985 7.14642857142857 25.5821428571429 0 0 0 "CS" 1985
2 1986 3.21428571428571 24.3607142857143 0 0 0 "CS" 1986
2 1987 4.86785714285714 25.1892857142857 0 0 0 "CS" 1987
2 1988 10.8724137931034 25.0879310344828 0 0 0 "CS" 1988
2 1989 7.15 23.8589285714286 0 0 0 "CS" 1989
2 1990 3.89642857142857 24.7875 0 0 0 "CS" 1990
2 1991 8.66785714285714 24.8446428571429 0 0 0 "CS" 1991
2 1992 6.6 24.9735294117647 0 0 0 "CS" 1992
2 1993 4.1 24.6375 0 0 0 "CS" 1993
2 1994 5.55555555555556 24.3944444444444 0 0 0 "CS" 1994
2 1995 18.4461538461538 24.4807692307692 0 0 0 "CS" 1995
2 1996 15.2444444444444 24.95 0 0 0 "CS" 1996
2 1997 36.61 23.935 0 0 0 "CS" 1997
2 1999 10.35 24.765 0 0 0 "CS" 1999
2 2000 8.8 24.23 0 0 0 "CS" 2000
2 2001 8.85625 24.625 0 0 0 "CS" 2001
2 2002 1.52857142857143 24.5785714285714 0 0 0 "CS" 2002
2 2003 8.37647058823529 25.3529411764706 0 0 0 "CS" 2003
2 2004 5.575 25.18125 0 0 0 "CS" 2004
2 2005 14.1 23.7526315789474 0 0 0 "CS" 2005
2 2006 14.5133333333333 24.7966666666667 0 0 0 "CS" 2006
2 2008 6.44736842105263 25.0421052631579 0 0 0 "CS" 2008
2 2009 14.7625 25.3875 0 0 0 "CS" 2009
2 2010 5.91666666666667 26.175 0 0 0 "CS" 2010
2 2011 21.19 25.485 0 0 0 "CS" 2011
2 2012 6.2375 24.925 0 0 0 "CS" 2012
2 2013 11.5928571428571 25.2357142857143 0 0 0 "CS" 2013
2 2014 7.75833333333333 25.0333333333333 0 0 0 "CS" 2014
2 2015 12.6285714285714 25.3392857142857 0 0 0 "CS" 2015
2 2016 4.45 24.675 0 0 0 "CS" 2016
2 2017 4.16153846153846 25.4884615384615 0 0 0 "CS" 2017
2 2018 8.69166666666667 24.6416666666667 0 0 0 "CS" 2018
3 1978 245 24.525 0 0 0 "CS" 1978
3 1979 3.79032258064516 26.1064516129032 0 0 0 "CS" 1979
3 1980 2.0741935483871 25.908064516129 0 0 0 "CS" 1980
3 1981 6.17741935483871 25.7516129032258 0 0 0 "CS" 1981
3 1982 4.30967741935484 26.1483870967742 0 0 0 "CS" 1982
3 1983 11.7032258064516 27.1258064516129 0 0 0 "CS" 1983
3 1984 3.55161290322581 25.9612903225806 0 0 0 "CS" 1984
3 1985 3.43548387096774 25.7645161290323 0 0 0 "CS" 1985
3 1986 11.0096774193548 24.7661290322581 0 0 0 "CS" 1986
3 1987 3 26.4290322580645 0 0 0 "CS" 1987
3 1988 7.88064516129032 25.0758064516129 0 0 0 "CS" 1988
3 1989 7.17037037037037 24.1166666666667 0 0 0 "CS" 1989
3 1990 9.45161290322581 25.1758064516129 0 0 0 "CS" 1990
3 1991 2.31290322580645 25.6193548387097 0 0 0 "CS" 1991
3 1992 11.2333333333333 25.0833333333333 0 0 0 "CS" 1992
3 1993 16.6444444444444 25.1944444444444 0 0 0 "CS" 1993
3 1994 15.26 25.35 0 0 0 "CS" 1994
3 1995 8.11176470588235 25.6352941176471 0 0 0 "CS" 1995
3 1996 5.98888888888889 24.9666666666667 0 0 0 "CS" 1996
3 1997 6.93 24.91 0 0 0 "CS" 1997
3 1999 10.4545454545455 25.2863636363636 0 0 0 "CS" 1999
3 2000 3.8625 24.903125 0 0 0 "CS" 2000
3 2001 5.48 24.6 0 0 0 "CS" 2001
3 2002 6.74166666666667 25.0895833333333 0 0 0 "CS" 2002
3 2003 22.15 26.14375 0 0 0 "CS" 2003
3 2004 13.3833333333333 25.7625 0 0 0 "CS" 2004
3 2005 2.45833333333333 25.4083333333333 0 0 0 "CS" 2005
3 2006 23.012 25.008 0 0 0 "CS" 2006
3 2007 6.65882352941177 25.5941176470588 0 0 0 "CS" 2007
3 2008 4.45217391304348 25.1152173913043 0 0 0 "CS" 2008
3 2009 16.9333333333333 24.95 0 0 0 "CS" 2009
3 2010 37.85 25.55 0 0 0 "CS" 2010
3 2011 18.05 25.4 0 0 0 "CS" 2011
3 2012 8.10909090909091 25.25 0 0 0 "CS" 2012
3 2013 16.225 25 0 0 0 "CS" 2013
3 2014 5.31538461538462 25.5615384615385 0 0 0 "CS" 2014
3 2015 10.8416666666667 25.1791666666667 0 0 0 "CS" 2015
3 2017 6.10833333333333 25.1833333333333 0 0 0 "CS" 2017
3 2018 10.71 24.99 0 0 0 "CS" 2018
4 1978 194.95 26.925 0 0 0 "CS" 1978
4 1979 20.54 26.5333333333333 0 0 0 "CS" 1979
4 1980 9.85 26.2516666666667 0 0 0 "CS" 1980
4 1981 16.61 26.3133333333333 0 0 0 "CS" 1981
4 1982 6.64333333333333 26.65 0 0 0 "CS" 1982
4 1983 1.83 27.4666666666667 0 0 0 "CS" 1983
4 1984 4.56 26.81 0 0 0 "CS" 1984
4 1985 5.58 26.2266666666667 0 0 0 "CS" 1985
4 1986 12.2233333333333 25.5533333333333 0 0 0 "CS" 1986
4 1987 19.4241379310345 25.4844827586207 0 0 0 "CS" 1987
4 1988 3.11 26.12 0 0 0 "CS" 1988
4 1989 8.07666666666667 25.5316666666667 0 0 0 "CS" 1989
4 1990 4.95333333333333 26.0383333333333 0 0 0 "CS" 1990
4 1991 9.97 26.0933333333333 0 0 0 "CS" 1991
4 1992 5.4625 25.95 0 0 0 "CS" 1992
4 1994 5.5 25.8666666666667 0 0 0 "CS" 1994
4 1995 10.9333333333333 26.4233333333333 0 0 0 "CS" 1995
4 1996 10.2 25.2285714285714 0 0 0 "CS" 1996
4 1997 3.03333333333333 26.45 0 0 0 "CS" 1997
4 1999 11.6294117647059 25.8205882352941 0 0 0 "CS" 1999
4 2000 8.275 25.746875 0 0 0 "CS" 2000
4 2001 15.1066666666667 25.4366666666667 0 0 0 "CS" 2001
4 2002 9.65909090909091 25.2590909090909 0 0 0 "CS" 2002
4 2003 1.95555555555556 26.2583333333333 0 0 0 "CS" 2003
4 2004 5.38125 25.121875 0 0 0 "CS" 2004
4 2005 30.4470588235294 25.8029411764706 0 0 0 "CS" 2005
4 2006 4.375 25.80625 0 0 0 "CS" 2006
4 2007 8.7 26.2117647058824 0 0 0 "CS" 2007
4 2008 12.28 26.11 0 0 0 "CS" 2008
4 2009 2.54 25.88 0 0 0 "CS" 2009
4 2010 4.59090909090909 27.15 0 0 0 "CS" 2010
4 2012 6.57222222222222 26.0138888888889 0 0 0 "CS" 2012
4 2013 5.65 26.1777777777778 0 0 0 "CS" 2013
4 2014 15.15 26.4675 0 0 0 "CS" 2014
4 2015 3.13333333333333 25.8833333333333 0 0 0 "CS" 2015
4 2017 1.95 26.6166666666667 0 0 0 "CS" 2017
4 2018 10.64 25.82 0 0 0 "CS" 2018
5 1978 48 25.675 0 0 0 "CS" 1978
5 1979 4.67096774193548 27.0854838709677 0 0 0 "CS" 1979
5 1980 4.29354838709677 27.0258064516129 0 0 0 "CS" 1980
5 1981 3.17741935483871 27.6790322580645 0 0 0 "CS" 1981
5 1982 3.60967741935484 27.7322580645161 0 0 0 "CS" 1982
5 1983 16.2741935483871 27.2193548387097 0 0 0 "CS" 1983
5 1984 16.6387096774194 26.2241935483871 0 0 0 "CS" 1984
5 1985 2.52258064516129 26.4112903225806 0 0 0 "CS" 1985
5 1986 6.50967741935484 26.3048387096774 0 0 0 "CS" 1986
5 1987 7.46451612903226 26.3064516129032 0 0 0 "CS" 1987
5 1988 12.3354838709677 26.6016129032258 0 0 0 "CS" 1988
5 1989 10.7225806451613 26.1258064516129 0 0 0 "CS" 1989
5 1990 24.1806451612903 26.3322580645161 0 0 0 "CS" 1990
5 1991 18.758064516129 26.5306451612903 0 0 0 "CS" 1991
5 1995 11.1125 27.05625 0 0 0 "CS" 1995
5 1996 2.15 26.5083333333333 0 0 0 "CS" 1996
5 1997 16.78 25.845 0 0 0 "CS" 1997
5 1998 12.8272727272727 26.7772727272727 0 0 0 "CS" 1998
5 1999 6.31538461538462 26.6615384615385 0 0 0 "CS" 1999
5 2000 13.0714285714286 26.3928571428571 0 0 0 "CS" 2000
5 2001 2.875 26.3833333333333 0 0 0 "CS" 2001
5 2002 39.7521739130435 25.6152173913043 0 0 0 "CS" 2002
5 2003 21.3941176470588 26.3911764705882 0 0 0 "CS" 2003
5 2004 6.96 25.42 0 0 0 "CS" 2004
5 2005 11.3090909090909 26.1022727272727 0 0 0 "CS" 2005
5 2006 6.19375 26.315625 0 0 0 "CS" 2006
5 2007 18.3294117647059 26.7794117647059 0 0 0 "CS" 2007
5 2008 3.59090909090909 26.4977272727273 0 0 0 "CS" 2008
5 2009 45.82 26.73 0 0 0 "CS" 2009
5 2010 8.07777777777778 27.1388888888889 0 0 0 "CS" 2010
5 2012 10.3857142857143 26.7928571428571 0 0 0 "CS" 2012
5 2013 13.3111111111111 26.6388888888889 0 0 0 "CS" 2013
5 2014 11.0181818181818 26.7863636363636 0 0 0 "CS" 2014
5 2015 9.72 26.6 0 0 0 "CS" 2015
5 2017 1.36666666666667 27.4 0 0 0 "CS" 2017
5 2018 0 27.3 0 0 0 "CS" 2018
6 1979 5.78333333333333 26.84 0 0 0 "CS" 1979
6 1980 16.77 26.8966666666667 0 0 0 "CS" 1980
6 1981 5.95666666666667 27.04 0 0 0 "CS" 1981
6 1982 5.40333333333333 27.0516666666667 0 0 0 "CS" 1982
6 1983 5.84666666666667 27.8583333333333 0 0 0 "CS" 1983
6 1984 9.77 26.3366666666667 0 0 0 "CS" 1984
6 1985 19.3333333333333 26.27 0 0 0 "CS" 1985
6 1986 10.1966666666667 26.3983333333333 0 0 0 "CS" 1986
6 1987 6.95 26.9 0 0 0 "CS" 1987
6 1988 3.71333333333333 26.5716666666667 0 0 0 "CS" 1988
6 1989 8.97333333333333 25.9183333333333 0 0 0 "CS" 1989
6 1990 19.08 26.3916666666667 0 0 0 "CS" 1990
6 1991 9.27 26.8716666666667 0 0 0 "CS" 1991
6 1992 2.94545454545455 26.9181818181818 0 0 0 "CS" 1992
6 1994 7.89285714285714 26.225 0 0 0 "CS" 1994
6 1995 5.68333333333333 26.675 0 0 0 "CS" 1995
6 1996 11.1789473684211 25.7447368421053 0 0 0 "CS" 1996
6 1997 25.4888888888889 26.0444444444444 0 0 0 "CS" 1997
6 1998 11 26.871875 0 0 0 "CS" 1998
6 1999 7.09375 26.19375 0 0 0 "CS" 1999
6 2000 16.4909090909091 26.1954545454545 0 0 0 "CS" 2000
6 2001 17.8764705882353 25.9264705882353 0 0 0 "CS" 2001
6 2002 19.0466666666667 26.5866666666667 0 0 0 "CS" 2002
6 2003 2.325 26.8875 0 0 0 "CS" 2003
6 2004 10.7625 25.946875 0 0 0 "CS" 2004
6 2005 8.17894736842105 26.3921052631579 0 0 0 "CS" 2005
6 2006 12.25 26.846875 0 0 0 "CS" 2006
6 2007 8.79411764705882 26.7176470588235 0 0 0 "CS" 2007
6 2008 11.2909090909091 26.9636363636364 0 0 0 "CS" 2008
6 2009 14.15 26.7375 0 0 0 "CS" 2009
6 2010 3.74444444444444 27.2722222222222 0 0 0 "CS" 2010
6 2012 14.4 26.55 0 0 0 "CS" 2012
6 2013 10.447619047619 26.7190476190476 0 0 0 "CS" 2013
6 2014 16.6333333333333 26.7375 0 0 0 "CS" 2014
6 2015 53.3 25.45 0 0 0 "CS" 2015
6 2016 0.5 26.475 0 0 0 "CS" 2016
6 2017 11.58 27.71 0 0 0 "CS" 2017
6 2018 15.7785714285714 26.2642857142857 0 0 0 "CS" 2018
7 1977 95.5 25 0 0 0 "CS" 1977
7 1979 8.07096774193548 26.3274193548387 0 0 0 "CS" 1979
7 1980 9.61290322580645 26.7387096774194 0 0 0 "CS" 1980
7 1981 4.85161290322581 26.5838709677419 0 0 0 "CS" 1981
7 1982 36.758064516129 26.1225806451613 0 0 0 "CS" 1982
7 1983 14.6032258064516 26.9322580645161 0 0 0 "CS" 1983
7 1984 4.02258064516129 25.8564516129032 0 0 0 "CS" 1984
7 1985 6.64838709677419 25.4177419354839 0 0 0 "CS" 1985
7 1986 11.8032258064516 25.5661290322581 0 0 0 "CS" 1986
7 1987 6.38709677419355 26.4645161290323 0 0 0 "CS" 1987
7 1988 7.28064516129032 25.9983870967742 0 0 0 "CS" 1988
7 1989 10.8354838709677 25.8112903225806 0 0 0 "CS" 1989
7 1990 9.01612903225806 26.0822580645161 0 0 0 "CS" 1990
7 1991 27.9483870967742 26.1854838709677 0 0 0 "CS" 1991
7 1992 20.3636363636364 25.5227272727273 0 0 0 "CS" 1992
7 1994 25.4774193548387 25.5903225806452 0 0 0 "CS" 1994
7 1995 8.25789473684211 26.8921052631579 0 0 0 "CS" 1995
7 1996 6.10833333333333 25.8041666666667 0 0 0 "CS" 1996
7 1997 23.7538461538462 26.4230769230769 0 0 0 "CS" 1997
7 1998 9.97857142857143 26.3321428571429 0 0 0 "CS" 1998
7 1999 10.5823529411765 25.9176470588235 0 0 0 "CS" 1999
7 2000 28.4882352941176 26.1264705882353 0 0 0 "CS" 2000
7 2001 19.7454545454545 25.9181818181818 0 0 0 "CS" 2001
7 2002 31.148275862069 25.7862068965517 0 0 0 "CS" 2002
7 2003 9.30909090909091 26.1272727272727 0 0 0 "CS" 2003
7 2004 3.36363636363636 25.5181818181818 0 0 0 "CS" 2004
7 2005 13.1047619047619 25.8047619047619 0 0 0 "CS" 2005
7 2006 12.7227272727273 26.3681818181818 0 0 0 "CS" 2006
7 2007 12.2857142857143 26.3428571428571 0 0 0 "CS" 2007
7 2008 7.1 26.9 0 0 0 "CS" 2008
7 2009 18.1375 26.63125 0 0 0 "CS" 2009
7 2010 2.31428571428571 27.4 0 0 0 "CS" 2010
7 2012 14.5761904761905 26.3119047619048 0 0 0 "CS" 2012
7 2013 6.06666666666667 26.7 0 0 0 "CS" 2013
7 2014 24.905 26.9025 0 0 0 "CS" 2014
7 2015 54.8666666666667 26.0666666666667 0 0 0 "CS" 2015
7 2016 3.3 25.65 0 0 0 "CS" 2016
7 2017 8.56153846153846 26.0884615384615 0 0 0 "CS" 2017
7 2018 42.2411764705882 26.2147058823529 0 0 0 "CS" 2018
8 1977 145.05 26.075 0 0 0 "CS" 1977
8 1979 17.6037037037037 26.2962962962963 0 0 0 "CS" 1979
8 1980 6.45806451612903 26.4612903225806 0 0 0 "CS" 1980
8 1981 6.0258064516129 26.6645161290323 0 0 0 "CS" 1981
8 1982 20.858064516129 26.7193548387097 0 0 0 "CS" 1982
8 1983 13.8516129032258 27.0403225806452 0 0 0 "CS" 1983
8 1984 14.0354838709677 26.0629032258065 0 0 0 "CS" 1984
8 1985 7.72903225806452 25.5870967741935 0 0 0 "CS" 1985
8 1986 15.8666666666667 26.115 0 0 0 "CS" 1986
8 1987 11.8935483870968 26.4516129032258 0 0 0 "CS" 1987
8 1988 2.95161290322581 26.5354838709677 0 0 0 "CS" 1988
8 1989 5.66129032258065 26.2951612903226 0 0 0 "CS" 1989
8 1990 22.2806451612903 26.2032258064516 0 0 0 "CS" 1990
8 1991 16.5032258064516 26.0129032258065 0 0 0 "CS" 1991
8 1992 28.325 24.55 0 0 0 "CS" 1992
8 1993 1.53333333333333 26.3666666666667 0 0 0 "CS" 1993
8 1994 13.51875 26.23125 0 0 0 "CS" 1994
8 1995 7.13846153846154 26.9538461538462 0 0 0 "CS" 1995
8 1996 6.16923076923077 25.5961538461538 0 0 0 "CS" 1996
8 1997 14.6875 26.690625 0 0 0 "CS" 1997
8 1998 9.4 26.3 0 0 0 "CS" 1998
8 1999 13.3727272727273 25.4772727272727 0 0 0 "CS" 1999
8 2000 10.45 26.253125 0 0 0 "CS" 2000
8 2001 3.55 26.265625 0 0 0 "CS" 2001
8 2002 20.104 26.102 0 0 0 "CS" 2002
8 2003 14.675 26.39375 0 0 0 "CS" 2003
8 2004 5.4 25.5611111111111 0 0 0 "CS" 2004
8 2005 8.26 25.7533333333333 0 0 0 "CS" 2005
8 2006 11.3 26.6225 0 0 0 "CS" 2006
8 2007 4.40833333333333 26.89375 0 0 0 "CS" 2007
8 2009 39.75 26.7125 0 0 0 "CS" 2009
8 2010 5.82222222222222 27.1277777777778 0 0 0 "CS" 2010
8 2012 12.8 26.4863636363636 0 0 0 "CS" 2012
8 2013 6.75333333333333 26.4066666666667 0 0 0 "CS" 2013
8 2014 10.1066666666667 26.6333333333333 0 0 0 "CS" 2014
8 2015 2.3 26.2 0 0 0 "CS" 2015
8 2016 1.15 27.475 0 0 0 "CS" 2016
8 2017 0 27.25 0 0 0 "CS" 2017
8 2018 9.525 26.3416666666667 0 0 0 "CS" 2018
9 1977 95.5 25.675 0 0 0 "CS" 1977
9 1979 5.90333333333333 26.6716666666667 0 0 0 "CS" 1979
9 1980 4.54333333333333 26.9416666666667 0 0 0 "CS" 1980
9 1981 3.93 26.7516666666667 0 0 0 "CS" 1981
9 1982 5.9 26.7666666666667 0 0 0 "CS" 1982
9 1983 3.19 26.9466666666667 0 0 0 "CS" 1983
9 1984 4.34 26.5416666666667 0 0 0 "CS" 1984
9 1985 9.30333333333333 26.0433333333333 0 0 0 "CS" 1985
9 1986 8.79333333333333 26.0566666666667 0 0 0 "CS" 1986
9 1987 3.36333333333333 26.8033333333333 0 0 0 "CS" 1987
9 1988 11.1433333333333 26.3416666666667 0 0 0 "CS" 1988
9 1989 2.04333333333333 26.2483333333333 0 0 0 "CS" 1989
9 1990 6.03666666666667 26.6683333333333 0 0 0 "CS" 1990
9 1991 11.4966666666667 26.4033333333333 0 0 0 "CS" 1991
9 1992 3.3 26.55 0 0 0 "CS" 1992
9 1994 10.9933333333333 26.2366666666667 0 0 0 "CS" 1994
9 1995 4.22727272727273 26.7272727272727 0 0 0 "CS" 1995
9 1996 4.05625 26.39375 0 0 0 "CS" 1996
9 1997 6.34545454545455 26.5363636363636 0 0 0 "CS" 1997
9 1998 2.81 27.23 0 0 0 "CS" 1998
9 1999 4.56666666666667 26.1333333333333 0 0 0 "CS" 1999
9 2000 2.14 26.485 0 0 0 "CS" 2000
9 2001 7.03076923076923 25.9038461538462 0 0 0 "CS" 2001
9 2002 5.6875 26.65 0 0 0 "CS" 2002
9 2003 3.6875 27.0875 0 0 0 "CS" 2003
9 2004 15.2181818181818 25.7090909090909 0 0 0 "CS" 2004
9 2005 7.45714285714286 25.8190476190476 0 0 0 "CS" 2005
9 2006 7.025 26.5 0 0 0 "CS" 2006
9 2007 6.07142857142857 26.5964285714286 0 0 0 "CS" 2007
9 2009 4.83333333333333 27.225 0 0 0 "CS" 2009
9 2010 5.18 26.65 0 0 0 "CS" 2010
9 2011 6.93333333333333 26.9166666666667 0 0 0 "CS" 2011
9 2012 5.71538461538462 26.3923076923077 0 0 0 "CS" 2012
9 2013 5.1 27.1125 0 0 0 "CS" 2013
9 2014 12.675 26.5541666666667 0 0 0 "CS" 2014
9 2015 43.6 26.0166666666667 0 0 0 "CS" 2015
9 2016 0.5 27.35 0 0 0 "CS" 2016
9 2017 1.3375 27.41875 0 0 0 "CS" 2017
9 2018 0 25.55 0 0 0 "CS" 2018
10 1977 97.55 26.45 0 0 0 "CS" 1977
10 1978 198 27.4 0 0 0 "CS" 1978
10 1979 2.36451612903226 26.5774193548387 0 0 0 "CS" 1979
10 1980 4.15806451612903 26.3145161290323 0 0 0 "CS" 1980
10 1981 3.21071428571429 26.5214285714286 0 0 0 "CS" 1981
10 1982 11.8290322580645 26.2193548387097 0 0 0 "CS" 1982
10 1983 10.5129032258065 26.2951612903226 0 0 0 "CS" 1983
10 1984 4.75161290322581 26.1677419354839 0 0 0 "CS" 1984
10 1985 3.76451612903226 25.8822580645161 0 0 0 "CS" 1985
10 1986 9.88064516129032 25.9322580645161 0 0 0 "CS" 1986
10 1987 21.6483870967742 26.3 0 0 0 "CS" 1987
10 1988 8.188 26.124 0 0 0 "CS" 1988
10 1989 10.57 26.17 0 0 0 "CS" 1989
10 1990 4.92903225806452 26.5161290322581 0 0 0 "CS" 1990
10 1991 3.26451612903226 26.0677419354839 0 0 0 "CS" 1991
10 1992 12.36 25.534 0 0 0 "CS" 1992
10 1994 9.88888888888889 26.2722222222222 0 0 0 "CS" 1994
10 1995 3.58 26.79 0 0 0 "CS" 1995
10 1996 6.17142857142857 26.4714285714286 0 0 0 "CS" 1996
10 1997 11.6894736842105 26.4578947368421 0 0 0 "CS" 1997
10 1998 2.75384615384615 26.5653846153846 0 0 0 "CS" 1998
10 1999 10.8214285714286 25.9321428571429 0 0 0 "CS" 1999
10 2000 7.9375 26.33125 0 0 0 "CS" 2000
10 2001 11.45 26.575 0 0 0 "CS" 2001
10 2002 4.89444444444444 26.0055555555556 0 0 0 "CS" 2002
10 2003 12.975 26.8625 0 0 0 "CS" 2003
10 2004 3.18571428571429 25.9571428571429 0 0 0 "CS" 2004
10 2005 9.44761904761905 25.6714285714286 0 0 0 "CS" 2005
10 2006 1.49411764705882 26.7 0 0 0 "CS" 2006
10 2007 5.51 26.56 0 0 0 "CS" 2007
10 2009 23.6090909090909 27.0090909090909 0 0 0 "CS" 2009
10 2010 10.475 26.1875 0 0 0 "CS" 2010
10 2011 8.56470588235294 26.0323529411765 0 0 0 "CS" 2011
10 2012 5.45384615384615 26.4538461538462 0 0 0 "CS" 2012
10 2013 2.57272727272727 26.8863636363636 0 0 0 "CS" 2013
10 2014 5.62380952380952 26.4785714285714 0 0 0 "CS" 2014
10 2017 0 27 0 0 0 "CS" 2017
10 2018 12.12 26.28 0 0 0 "CS" 2018
11 1977 95 24 0 0 0 "CS" 1977
11 1979 7.53 25.9566666666667 0 0 0 "CS" 1979
11 1980 9.06 25.8966666666667 0 0 0 "CS" 1980
11 1981 22.1066666666667 25.4083333333333 0 0 0 "CS" 1981
11 1982 8.35333333333333 26.18 0 0 0 "CS" 1982
11 1983 3.35666666666667 26.505 0 0 0 "CS" 1983
11 1984 9.35333333333333 25.975 0 0 0 "CS" 1984
11 1985 8.76333333333333 25.2566666666667 0 0 0 "CS" 1985
11 1986 13.6466666666667 25.6883333333333 0 0 0 "CS" 1986
11 1987 7.36 26.2883333333333 0 0 0 "CS" 1987
11 1988 6.65666666666667 25.71 0 0 0 "CS" 1988
11 1989 7.71428571428571 25.9321428571429 0 0 0 "CS" 1989
11 1990 8.45666666666667 26.2666666666667 0 0 0 "CS" 1990
11 1991 20.94 24.765 0 0 0 "CS" 1991
11 1992 4.6 26.0423076923077 0 0 0 "CS" 1992
11 1993 1.3 25.9 0 0 0 "CS" 1993
11 1994 14.9736842105263 25.9157894736842 0 0 0 "CS" 1994
11 1995 16.4176470588235 25.7205882352941 0 0 0 "CS" 1995
11 1996 7.52727272727273 25.8227272727273 0 0 0 "CS" 1996
11 1997 18.2 26.1545454545455 0 0 0 "CS" 1997
11 1998 6.5 26.0178571428571 0 0 0 "CS" 1998
11 1999 13.2058823529412 25.3147058823529 0 0 0 "CS" 1999
11 2000 13.08 25.675 0 0 0 "CS" 2000
11 2001 16.5894736842105 25.3078947368421 0 0 0 "CS" 2001
11 2002 17.3263157894737 24.8578947368421 0 0 0 "CS" 2002
11 2003 7.05384615384615 26.3807692307692 0 0 0 "CS" 2003
11 2004 19.6083333333333 24.9791666666667 0 0 0 "CS" 2004
11 2005 18.175 24.640625 0 0 0 "CS" 2005
11 2006 5.5625 25.93125 0 0 0 "CS" 2006
11 2007 29.0722222222222 25.7138888888889 0 0 0 "CS" 2007
11 2009 10.4 26.09 0 0 0 "CS" 2009
11 2010 8.9 23.8666666666667 0 0 0 "CS" 2010
11 2011 13.97 25.125 0 0 0 "CS" 2011
11 2012 15.895 25.6675 0 0 0 "CS" 2012
11 2013 9.3375 26.615625 0 0 0 "CS" 2013
11 2014 11.7210526315789 26.2526315789474 0 0 0 "CS" 2014
11 2015 25.6666666666667 26.2666666666667 0 0 0 "CS" 2015
11 2016 11.2 26.1571428571429 0 0 0 "CS" 2016
11 2017 14.1333333333333 25.4833333333333 0 0 0 "CS" 2017
11 2018 8.9625 25.7125 0 0 0 "CS" 2018
12 1977 95.5 25.125 0 0 0 "CS" 1977
12 1979 11.8290322580645 24.5806451612903 0 0 0 "CS" 1979
12 1980 27.7451612903226 24.4467741935484 0 0 0 "CS" 1980
12 1981 12.6225806451613 25.3822580645161 0 0 0 "CS" 1981
12 1982 7.74516129032258 25.9241935483871 0 0 0 "CS" 1982
12 1983 11.1193548387097 25.8145161290323 0 0 0 "CS" 1983
12 1984 14.7645161290323 25.7177419354839 0 0 0 "CS" 1984
12 1985 7.58333333333333 24.9016666666667 0 0 0 "CS" 1985
12 1986 5.21612903225806 25.4370967741935 0 0 0 "CS" 1986
12 1987 10.4225806451613 25.9709677419355 0 0 0 "CS" 1987
12 1988 9.60967741935484 24.7548387096774 0 0 0 "CS" 1988
12 1989 14.5129032258065 24.9145161290323 0 0 0 "CS" 1989
12 1990 13.0612903225806 24.9016129032258 0 0 0 "CS" 1990
12 1991 9.09677419354839 24.45 0 0 0 "CS" 1991
12 1992 10.1105263157895 25.0157894736842 0 0 0 "CS" 1992
12 1993 84.1 24 0 0 0 "CS" 1993
12 1994 9.56111111111111 24.9 0 0 0 "CS" 1994
12 1995 2.76666666666667 25.5 0 0 0 "CS" 1995
12 1996 9.71538461538462 24.4153846153846 0 0 0 "CS" 1996
12 1997 4.06 25.8 0 0 0 "CS" 1997
12 1998 17.3434782608696 24.8760869565217 0 0 0 "CS" 1998
12 1999 26.0076923076923 24.2576923076923 0 0 0 "CS" 1999
12 2000 10.6388888888889 25.2833333333333 0 0 0 "CS" 2000
12 2001 12.675 25.575 0 0 0 "CS" 2001
12 2002 30.0210526315789 24.8815789473684 0 0 0 "CS" 2002
12 2003 26.1133333333333 25.41 0 0 0 "CS" 2003
12 2004 18.4136363636364 24.4045454545455 0 0 0 "CS" 2004
12 2005 12 24.5107142857143 0 0 0 "CS" 2005
12 2006 12.935 25.86 0 0 0 "CS" 2006
12 2007 19.5631578947368 25.0473684210526 0 0 0 "CS" 2007
12 2009 5.6 26.3666666666667 0 0 0 "CS" 2009
12 2010 17.4666666666667 23.8944444444444 0 0 0 "CS" 2010
12 2011 13.3466666666667 23.56 0 0 0 "CS" 2011
12 2012 8.61052631578947 25.6947368421053 0 0 0 "CS" 2012
12 2013 12.5533333333333 25.8166666666667 0 0 0 "CS" 2013
12 2014 13.104 25.616 0 0 0 "CS" 2014
12 2015 10.9 26.05 0 0 0 "CS" 2015
12 2016 6.00526315789474 25.8868421052632 0 0 0 "CS" 2016
12 2017 13.0769230769231 25.2153846153846 0 0 0 "CS" 2017
12 2018 8.88 25.255 0 0 0 "CS" 2018
1 1985 0 26.05 0 0 0 "CS" 1985
1 1986 1.22380952380952 26.2642857142857 0 0 0 "CS" 1986
1 1987 1.17692307692308 26.9730769230769 0 0 0 "CS" 1987
1 1988 0.166666666666667 27.2333333333333 0 0 0 "CS" 1988
1 1989 0.02 27.1025 0 0 0 "CS" 1989
1 1990 1.27142857142857 27.15 0 0 0 "CS" 1990
1 1991 0.457142857142857 26.8928571428571 0 0 0 "CS" 1991
1 1992 0.3 27.6 0 0 0 "CS" 1992
2 1985 0 27.4833333333333 0 0 0 "CS" 1985
2 1987 1.89333333333333 28.4266666666667 0 0 0 "CS" 1987
2 1988 0.05 27.825 0 0 0 "CS" 1988
2 1989 0.0444444444444444 26.4166666666667 0 0 0 "CS" 1989
2 1990 0.0111111111111111 26.8888888888889 0 0 0 "CS" 1990
2 1991 0 28.5 0 0 0 "CS" 1991
2 1992 0.3 28.65 0 0 0 "CS" 1992
3 1986 0.03 27.84 0 0 0 "CS" 1986
3 1987 3.63333333333333 28.2791666666667 0 0 0 "CS" 1987
3 1988 0 28.1571428571429 0 0 0 "CS" 1988
3 1989 0 27.25 0 0 0 "CS" 1989
3 1990 5.9 27.7411764705882 0 0 0 "CS" 1990
3 1991 0 28.05 0 0 0 "CS" 1991
3 1992 85.2 28.825 0 0 0 "CS" 1992
4 1985 0 28.3 0 0 0 "CS" 1985
4 1986 3.23333333333333 27.4166666666667 0 0 0 "CS" 1986
4 1987 8.18333333333333 28.3291666666667 0 0 0 "CS" 1987
4 1988 14.475 27.85 0 0 0 "CS" 1988
4 1989 1.55 28.6833333333333 0 0 0 "CS" 1989
4 1990 11.0333333333333 28.4333333333333 0 0 0 "CS" 1990
4 1991 11.55 28.1625 0 0 0 "CS" 1991
4 1992 21.4 29.3 0 0 0 "CS" 1992
5 1986 1.7 27.02 0 0 0 "CS" 1986
5 1987 14.7266666666667 28.0266666666667 0 0 0 "CS" 1987
5 1988 12.525 27.9 0 0 0 "CS" 1988
5 1989 14.0090909090909 27.2409090909091 0 0 0 "CS" 1989
5 1990 24.525 27.41875 0 0 0 "CS" 1990
5 1991 14.3684210526316 27.4710526315789 0 0 0 "CS" 1991
5 1992 0.15 27.075 0 0 0 "CS" 1992
6 1985 2.96666666666667 26.65 0 0 0 "CS" 1985
6 1986 5.4375 26.65625 0 0 0 "CS" 1986
6 1987 9.69166666666667 28.45 0 0 0 "CS" 1987
6 1988 14.4625 26.18125 0 0 0 "CS" 1988
6 1989 11.9142857142857 26.8821428571429 0 0 0 "CS" 1989
6 1990 10.3222222222222 27.6388888888889 0 0 0 "CS" 1990
6 1991 9.07142857142857 28.0785714285714 0 0 0 "CS" 1991
6 1992 15.08 27.75 0 0 0 "CS" 1992
7 1985 7.92 26.09 0 0 0 "CS" 1985
7 1986 12.1 26.6 0 0 0 "CS" 1986
7 1987 16.5133333333333 27.3166666666667 0 0 0 "CS" 1987
7 1988 14.9565217391304 26.9586956521739 0 0 0 "CS" 1988
7 1989 14.0625 27.05625 0 0 0 "CS" 1989
7 1990 12.5 27.3166666666667 0 0 0 "CS" 1990
8 1985 21.925 26.7625 0 0 0 "CS" 1985
8 1987 3.8 27.4777777777778 0 0 0 "CS" 1987
8 1988 39.8923076923077 26.35 0 0 0 "CS" 1988
8 1989 13.2 26.5 0 0 0 "CS" 1989
8 1990 12.48 27.325 0 0 0 "CS" 1990
9 1985 29.2333333333333 26.65 0 0 0 "CS" 1985
9 1986 3.675 26.3375 0 0 0 "CS" 1986
9 1987 8.3 27.7333333333333 0 0 0 "CS" 1987
9 1988 24.4625 26.56875 0 0 0 "CS" 1988
9 1989 18.2941176470588 26.7205882352941 0 0 0 "CS" 1989
9 1990 14.6571428571429 27.25 0 0 0 "CS" 1990
10 1985 0 27.05 0 0 0 "CS" 1985
10 1986 25.8307692307692 26.0461538461538 0 0 0 "CS" 1986
10 1987 20.9 27.13 0 0 0 "CS" 1987
10 1988 17.2846153846154 26.65 0 0 0 "CS" 1988
10 1989 17.1 26.6233333333333 0 0 0 "CS" 1989
10 1990 40.6285714285714 26.6571428571429 0 0 0 "CS" 1990
10 1991 0.15 26.65 0 0 0 "CS" 1991
11 1984 10.6 26.35 0 0 0 "CS" 1984
11 1985 42.2 25.95 0 0 0 "CS" 1985
11 1986 66.0333333333333 26.1166666666667 0 0 0 "CS" 1986
11 1987 2.93333333333333 27.6 0 0 0 "CS" 1987
11 1988 20.916 26.816 0 0 0 "CS" 1988
11 1989 4.76666666666667 26.6111111111111 0 0 0 "CS" 1989
11 1990 3.45 26.7875 0 0 0 "CS" 1990
11 1991 6.67272727272727 26.9636363636364 0 0 0 "CS" 1991
12 1984 1.82 26.65 0 0 0 "CS" 1984
12 1985 1.77777777777778 26.4722222222222 0 0 0 "CS" 1985
12 1986 1.275 26.8 0 0 0 "CS" 1986
12 1987 29.3 26.8 0 0 0 "CS" 1987
12 1988 1.18235294117647 26.4705882352941 0 0 0 "CS" 1988
12 1989 4.875 26.525 0 0 0 "CS" 1989
12 1990 1.6952380952381 26.852380952381 0 0 0 "CS" 1990
12 1991 1.04166666666667 27.3583333333333 0 0 0 "CS" 1991
1 1977 0 29.5 0 0 0 "CS" 1977
1 1982 40.5 25.525 0 0 0 "CS" 1982
2 1977 45.45 29 0 0 0 "CS" 1977
2 1978 1 30 0 0 0 "CS" 1978
3 1979 48 27.75 0 0 0 "CS" 1979
3 1980 0 28 0 0 0 "CS" 1980
3 1983 0 28.9 0 0 0 "CS" 1983
3 1987 0.9 29.75 0 0 0 "CS" 1987
3 1992 0 27.7 0 0 0 "CS" 1992
3 2005 0.65 26.925 0 0 0 "CS" 2005
3 2007 0.5 26.65 0 0 0 "CS" 2007
4 1982 1.15 29.1 0 0 0 "CS" 1982
4 1983 9.5 30.1 0 0 0 "CS" 1983
4 1984 22.04 28.73 0 0 0 "CS" 1984
4 1987 1.15 29.075 0 0 0 "CS" 1987
4 1988 5.6 29.9 0 0 0 "CS" 1988
4 1989 163.3 30.4 0 0 0 "CS" 1989
4 1992 5.3 29 0 0 0 "CS" 1992
4 2005 6.7 27.45 0 0 0 "CS" 2005
4 2007 14.6 25.875 0 0 0 "CS" 2007
5 1977 491 29 0 0 0 "CS" 1977
5 1979 0 26 0 0 0 "CS" 1979
5 1982 18.05 27.340625 0 0 0 "CS" 1982
5 1984 11.7875 27.61875 0 0 0 "CS" 1984
5 1986 0.8 26.85 0 0 0 "CS" 1986
5 1987 9.1 29.2 0 0 0 "CS" 1987
5 1988 9.2 28.0875 0 0 0 "CS" 1988
5 1989 2.82 27.58 0 0 0 "CS" 1989
5 1991 53.275 26.5375 0 0 0 "CS" 1991
5 1995 11.05 28.225 0 0 0 "CS" 1995
5 1997 5.3 28.3 0 0 0 "CS" 1997
5 1999 9.8 27.25 0 0 0 "CS" 1999
5 2002 18.3666666666667 27.65 0 0 0 "CS" 2002
5 2005 15.2214285714286 27.2464285714286 0 0 0 "CS" 2005
5 2006 0.6 26.75 0 0 0 "CS" 2006
5 2007 4.83333333333333 25.6833333333333 0 0 0 "CS" 2007
6 1977 86.1 28.5 0 0 0 "CS" 1977
6 1979 0 27 0 0 0 "CS" 1979
6 1982 27.9333333333333 27.8166666666667 0 0 0 "CS" 1982
6 1983 1.1 28.8166666666667 0 0 0 "CS" 1983
6 1984 2.17333333333333 27.69 0 0 0 "CS" 1984
6 1985 0.4 28.025 0 0 0 "CS" 1985
6 1986 0.5 28.2 0 0 0 "CS" 1986
6 1987 14.9555555555556 29.6388888888889 0 0 0 "CS" 1987
6 1988 3.675 27.1125 0 0 0 "CS" 1988
6 1989 4.5 28.0125 0 0 0 "CS" 1989
6 1992 0.625 28.425 0 0 0 "CS" 1992
6 1996 2.725 26.775 0 0 0 "CS" 1996
6 1997 14.5 26.2 0 0 0 "CS" 1997
6 1998 0.5 28.05 0 0 0 "CS" 1998
6 1999 2.8 26.15 0 0 0 "CS" 1999
6 2000 10.875 27.275 0 0 0 "CS" 2000
6 2001 2.15 27.4 0 0 0 "CS" 2001
6 2002 2.46666666666667 27.9 0 0 0 "CS" 2002
6 2005 13.2142857142857 26.7857142857143 0 0 0 "CS" 2005
6 2007 9.9 24.9 0 0 0 "CS" 2007
7 1979 163.333333333333 27.6666666666667 0 0 0 "CS" 1979
7 1982 6.23333333333333 27.9833333333333 0 0 0 "CS" 1982
7 1983 18.8 28.3 0 0 0 "CS" 1983
7 1984 7.20625 27.090625 0 0 0 "CS" 1984
7 1985 1.68 26.69 0 0 0 "CS" 1985
7 1987 6.73333333333333 30.0333333333333 0 0 0 "CS" 1987
7 1988 2.2 26.2833333333333 0 0 0 "CS" 1988
7 1989 27.3666666666667 26.0166666666667 0 0 0 "CS" 1989
7 1990 3.55 26.775 0 0 0 "CS" 1990
7 1992 8.16666666666667 26.9583333333333 0 0 0 "CS" 1992
7 1994 1.25 26.975 0 0 0 "CS" 1994
7 1995 7.77142857142857 27.4928571428571 0 0 0 "CS" 1995
7 1996 7.98 26.57 0 0 0 "CS" 1996
7 1997 1.025 29.075 0 0 0 "CS" 1997
7 1998 1 27.5 0 0 0 "CS" 1998
7 1999 6.35714285714286 26.9 0 0 0 "CS" 1999
7 2000 2.65 26.575 0 0 0 "CS" 2000
7 2002 1.03333333333333 27.3666666666667 0 0 0 "CS" 2002
7 2007 4.06666666666667 26.05 0 0 0 "CS" 2007
8 1977 0 27 0 0 0 "CS" 1977
8 1980 196.1 25 0 0 0 "CS" 1980
8 1981 248.05 26.75 0 0 0 "CS" 1981
8 1982 1.9 27.9 0 0 0 "CS" 1982
8 1983 3.45 28.05 0 0 0 "CS" 1983
8 1984 5.91111111111111 27.5416666666667 0 0 0 "CS" 1984
8 1985 4.56 27.16 0 0 0 "CS" 1985
8 1987 10.6 29.2666666666667 0 0 0 "CS" 1987
8 1988 8.00909090909091 26.6636363636364 0 0 0 "CS" 1988
8 1989 5.85 26.775 0 0 0 "CS" 1989
8 1990 6.23 27.21 0 0 0 "CS" 1990
8 1992 1 27.3 0 0 0 "CS" 1992
8 1994 31.3111111111111 27.2666666666667 0 0 0 "CS" 1994
8 1995 21.925 27.2125 0 0 0 "CS" 1995
8 1996 64.5 27.3 0 0 0 "CS" 1996
8 1997 25.0666666666667 28.3166666666667 0 0 0 "CS" 1997
8 1998 9.83333333333333 26.9333333333333 0 0 0 "CS" 1998
8 1999 17.7285714285714 26.4642857142857 0 0 0 "CS" 1999
8 2000 6.13333333333333 27.1166666666667 0 0 0 "CS" 2000
8 2001 0 27.25 0 0 0 "CS" 2001
8 2002 5.43333333333333 26.9166666666667 0 0 0 "CS" 2002
8 2004 1 25.55 0 0 0 "CS" 2004
8 2005 10.2166666666667 26.0916666666667 0 0 0 "CS" 2005
8 2006 4.3 26.35 0 0 0 "CS" 2006
8 2007 6 25.55 0 0 0 "CS" 2007
9 1979 493.55 27 0 0 0 "CS" 1979
9 1981 93.6333333333333 28.1666666666667 0 0 0 "CS" 1981
9 1982 7.14736842105263 28.1684210526316 0 0 0 "CS" 1982
9 1983 10.6052631578947 28.3184210526316 0 0 0 "CS" 1983
9 1984 9.148 27.112 0 0 0 "CS" 1984
9 1985 7.16666666666667 27.6555555555556 0 0 0 "CS" 1985
9 1986 0.9 27.75 0 0 0 "CS" 1986
9 1987 12.86875 29.025 0 0 0 "CS" 1987
9 1988 9.81428571428571 26.8928571428571 0 0 0 "CS" 1988
9 1989 20.68 26.62 0 0 0 "CS" 1989
9 1990 34.46 26.2 0 0 0 "CS" 1990
9 1994 20.3571428571429 27.3214285714286 0 0 0 "CS" 1994
9 1995 13.68 27.27 0 0 0 "CS" 1995
9 1996 6.73636363636364 26.4636363636364 0 0 0 "CS" 1996
9 1997 14.25 27.1125 0 0 0 "CS" 1997
9 1998 24.04 27.36 0 0 0 "CS" 1998
9 1999 7.43333333333333 26.4833333333333 0 0 0 "CS" 1999
9 2000 1 25.75 0 0 0 "CS" 2000
9 2001 34.5 25.5 0 0 0 "CS" 2001
9 2002 1.65 26.625 0 0 0 "CS" 2002
9 2004 2.4 26.075 0 0 0 "CS" 2004
9 2005 29.7 26.8 0 0 0 "CS" 2005
9 2006 2.8 26.35 0 0 0 "CS" 2006
10 1979 44.95 27.5 0 0 0 "CS" 1979
10 1980 135 26 0 0 0 "CS" 1980
10 1981 48 27 0 0 0 "CS" 1981
10 1982 5.35 27.875 0 0 0 "CS" 1982
10 1983 16.6 28.2166666666667 0 0 0 "CS" 1983
10 1984 2.41538461538462 27.6846153846154 0 0 0 "CS" 1984
10 1987 19.73 28.625 0 0 0 "CS" 1987
10 1988 1.3 25.7 0 0 0 "CS" 1988
10 1989 2.73333333333333 26.7333333333333 0 0 0 "CS" 1989
10 1990 13.775 26.65625 0 0 0 "CS" 1990
10 1991 0.5 27.375 0 0 0 "CS" 1991
10 1992 6.2 26.45 0 0 0 "CS" 1992
10 1994 9.38 27.095 0 0 0 "CS" 1994
10 1995 73.3111111111111 25.9388888888889 0 0 0 "CS" 1995
10 1996 24.1 26.0416666666667 0 0 0 "CS" 1996
10 1997 7.55714285714286 27.75 0 0 0 "CS" 1997
10 1998 24.64 26.91 0 0 0 "CS" 1998
10 1999 18.3857142857143 26.0428571428571 0 0 0 "CS" 1999
10 2000 14.9 26.1166666666667 0 0 0 "CS" 2000
10 2001 13.2 27.65 0 0 0 "CS" 2001
10 2002 31.8 27.3 0 0 0 "CS" 2002
10 2003 11.2 25.6 0 0 0 "CS" 2003
10 2004 10.3111111111111 26.2 0 0 0 "CS" 2004
10 2005 22.3571428571429 24.7357142857143 0 0 0 "CS" 2005
11 1980 0 26.5 0 0 0 "CS" 1980
11 1982 0.65 26.675 0 0 0 "CS" 1982
11 1983 18.05 27.8083333333333 0 0 0 "CS" 1983
11 1984 5.2 26.8583333333333 0 0 0 "CS" 1984
11 1985 6.6 26.8 0 0 0 "CS" 1985
11 1986 59.9 28.3 0 0 0 "CS" 1986
11 1987 3.56666666666667 28.3666666666667 0 0 0 "CS" 1987
11 1988 7.3 26.2666666666667 0 0 0 "CS" 1988
11 1989 0.75 27.55 0 0 0 "CS" 1989
11 1990 15.05 27.6 0 0 0 "CS" 1990
11 1991 0.533333333333333 26.95 0 0 0 "CS" 1991
11 1992 4.42857142857143 26.65 0 0 0 "CS" 1992
11 1994 14.3 25.8833333333333 0 0 0 "CS" 1994
11 1995 4.06363636363636 26.3272727272727 0 0 0 "CS" 1995
11 1996 17.5 25.6 0 0 0 "CS" 1996
11 1997 1 27.25 0 0 0 "CS" 1997
11 1998 3.3 25.85 0 0 0 "CS" 1998
11 1999 0.4 27.4 0 0 0 "CS" 1999
11 2000 5.1 26.7 0 0 0 "CS" 2000
11 2001 1.55 26.325 0 0 0 "CS" 2001
11 2003 0.5 26.2666666666667 0 0 0 "CS" 2003
11 2004 2.96 26.7 0 0 0 "CS" 2004
11 2006 1 26 0 0 0 "CS" 2006
12 1977 195.95 27 0 0 0 "CS" 1977
12 1983 2.05 26.3875 0 0 0 "CS" 1983
12 1986 8.25 27.125 0 0 0 "CS" 1986
12 1987 1.275 28.2625 0 0 0 "CS" 1987
12 1989 1.5 26.9 0 0 0 "CS" 1989
12 1990 2.3 27.1625 0 0 0 "CS" 1990
12 1992 0.6 26.2333333333333 0 0 0 "CS" 1992
12 1995 3.95 26.25 0 0 0 "CS" 1995
12 1998 19.4 26.375 0 0 0 "CS" 1998
12 2006 0.5 25.9 0 0 0 "CS" 2006
1 1977 58.475 22.5 0 0 0 "CS" 1977
1 1979 243.45 23 0 0 0 "CS" 1979
1 1980 0.6375 22.5 0 0 0 "CS" 1980
1 1981 0 21.7857142857143 0 0 0 "CS" 1981
1 1982 73.6 22.56 0 0 0 "CS" 1982
1 1984 0.3 21.2 0 0 0 "CS" 1984
1 1985 0 21.225 0 0 0 "CS" 1985
1 1986 0 22.05 0 0 0 "CS" 1986
1 1987 0 22.5642857142857 0 0 0 "CS" 1987
1 1988 0 23.00625 0 0 0 "CS" 1988
1 1989 0.6625 22.9375 0 0 0 "CS" 1989
1 1990 0.0857142857142857 23.3214285714286 0 0 0 "CS" 1990
1 1991 0.925 22.75625 0 0 0 "CS" 1991
1 1992 0 23.1 0 0 0 "CS" 1992
1 1993 2.35454545454545 22.2772727272727 0 0 0 "CS" 1993
1 1994 0 22.1 0 0 0 "CS" 1994
1 1995 0 23 0 0 0 "CS" 1995
1 1996 0 23.4 0 0 0 "CS" 1996
1 1997 0.883333333333333 22.3 0 0 0 "CS" 1997
1 2000 3.8 23.25 0 0 0 "CS" 2000
1 2001 0 22.5 0 0 0 "CS" 2001
1 2003 0 24.56 0 0 0 "CS" 2003
1 2004 17.7666666666667 23.3833333333333 0 0 0 "CS" 2004
1 2005 0.684615384615385 22.7807692307692 0 0 0 "CS" 2005
1 2006 2.8 22.95 0 0 0 "CS" 2006
1 2008 0 23.475 0 0 0 "CS" 2008
1 2009 3.3 23.05 0 0 0 "CS" 2009
1 2010 0 23.35 0 0 0 "CS" 2010
1 2011 1.8 22.65 0 0 0 "CS" 2011
1 2014 0.8 24.45 0 0 0 "CS" 2014
1 2016 0 24.225 0 0 0 "CS" 2016
1 2017 0.266666666666667 24.0833333333333 0 0 0 "CS" 2017
1 2018 2.57142857142857 23.35 0 0 0 "CS" 2018
1 2019 1.275 23.5 0 0 0 "CS" 2019
2 1978 0.6 23.6 0 0 0 "CS" 1978
2 1980 0 23.25 0 0 0 "CS" 1980
2 1981 5.16 22.6 0 0 0 "CS" 1981
2 1982 16 22.82 0 0 0 "CS" 1982
2 1983 0 23.2 0 0 0 "CS" 1983
2 1984 1 23.45 0 0 0 "CS" 1984
2 1985 0 22.375 0 0 0 "CS" 1985
2 1986 6.31538461538462 22.3461538461538 0 0 0 "CS" 1986
2 1987 0 23.6833333333333 0 0 0 "CS" 1987
2 1988 0 23.8 0 0 0 "CS" 1988
2 1989 0 20.2 0 0 0 "CS" 1989
2 1990 0.425 22.9208333333333 0 0 0 "CS" 1990
2 1991 0 23.32 0 0 0 "CS" 1991
2 1992 23.35 23.775 0 0 0 "CS" 1992
2 1993 0 22.765 0 0 0 "CS" 1993
2 1994 0 23.7142857142857 0 0 0 "CS" 1994
2 1995 0 23.3727272727273 0 0 0 "CS" 1995
2 1996 0.766666666666667 24 0 0 0 "CS" 1996
2 1997 0 23.8666666666667 0 0 0 "CS" 1997
2 1999 15.6666666666667 23.4 0 0 0 "CS" 1999
2 2000 0.9 23.35 0 0 0 "CS" 2000
2 2003 2.725 24.875 0 0 0 "CS" 2003
2 2004 0.166666666666667 23.7166666666667 0 0 0 "CS" 2004
2 2005 0.507692307692308 23.6769230769231 0 0 0 "CS" 2005
2 2006 9.9 23.2 0 0 0 "CS" 2006
2 2008 5.43333333333333 23.4 0 0 0 "CS" 2008
2 2009 0 23.625 0 0 0 "CS" 2009
2 2010 3.56666666666667 24.8 0 0 0 "CS" 2010
2 2011 3.46 23.99 0 0 0 "CS" 2011
2 2013 2.24 23.92 0 0 0 "CS" 2013
2 2015 1.4 22.4 0 0 0 "CS" 2015
2 2018 1.275 23.5 0 0 0 "CS" 2018
3 1978 104 24.125 0 0 0 "CS" 1978
3 1979 0 23.9166666666667 0 0 0 "CS" 1979
3 1980 0 23.9 0 0 0 "CS" 1980
3 1981 0.8875 24.3125 0 0 0 "CS" 1981
3 1982 0 23.52 0 0 0 "CS" 1982
3 1983 2.91666666666667 24.525 0 0 0 "CS" 1983
3 1984 0 23.95 0 0 0 "CS" 1984
3 1985 0 23.525 0 0 0 "CS" 1985
3 1986 1.27142857142857 22.9642857142857 0 0 0 "CS" 1986
3 1987 1.8125 24.340625 0 0 0 "CS" 1987
3 1988 0.45 23.68125 0 0 0 "CS" 1988
3 1989 3.04 22.7 0 0 0 "CS" 1989
3 1990 0 22.9875 0 0 0 "CS" 1990
3 1991 1.53333333333333 23.8 0 0 0 "CS" 1991
3 1992 0 24.2166666666667 0 0 0 "CS" 1992
3 1993 4.43333333333333 23.3166666666667 0 0 0 "CS" 1993
3 1994 0 23.975 0 0 0 "CS" 1994
3 1995 0.507142857142857 23.8178571428571 0 0 0 "CS" 1995
3 1996 0 24.55 0 0 0 "CS" 1996
3 1997 0 24.35 0 0 0 "CS" 1997
3 1999 0 21.55 0 0 0 "CS" 1999
3 2000 0.3 23.2 0 0 0 "CS" 2000
3 2003 3.875 24.2375 0 0 0 "CS" 2003
3 2004 1 24.35 0 0 0 "CS" 2004
3 2005 1.53684210526316 24.4973684210526 0 0 0 "CS" 2005
3 2007 2.8 23.65 0 0 0 "CS" 2007
3 2008 0 24.75 0 0 0 "CS" 2008
3 2010 1.33333333333333 26.3666666666667 0 0 0 "CS" 2010
3 2011 1.18 23.08 0 0 0 "CS" 2011
3 2012 1.64 24.12 0 0 0 "CS" 2012
3 2013 0.46 23.72 0 0 0 "CS" 2013
3 2014 1.12857142857143 24 0 0 0 "CS" 2014
4 1978 86.6 23.5 0 0 0 "CS" 1978
4 1979 10.6555555555556 24 0 0 0 "CS" 1979
4 1980 37.41 23.8 0 0 0 "CS" 1980
4 1981 17.6125 23.9375 0 0 0 "CS" 1981
4 1982 30.225 23.775 0 0 0 "CS" 1982
4 1983 36.73 24.825 0 0 0 "CS" 1983
4 1984 31.2071428571429 23.7535714285714 0 0 0 "CS" 1984
4 1985 1 23.2166666666667 0 0 0 "CS" 1985
4 1986 0 23.9666666666667 0 0 0 "CS" 1986
4 1987 0.342857142857143 24.5107142857143 0 0 0 "CS" 1987
4 1988 1.7 24.0923076923077 0 0 0 "CS" 1988
4 1989 8.44 24.36 0 0 0 "CS" 1989
4 1990 5.24444444444444 24.3388888888889 0 0 0 "CS" 1990
4 1991 2.12857142857143 24 0 0 0 "CS" 1991
4 1992 0 24.9833333333333 0 0 0 "CS" 1992
4 1994 0 24.4 0 0 0 "CS" 1994
4 1995 11.05 23.4875 0 0 0 "CS" 1995
4 1996 0 23.25 0 0 0 "CS" 1996
4 1997 0 24.9 0 0 0 "CS" 1997
4 1999 41.4 22.725 0 0 0 "CS" 1999
4 2000 3.26 24.06 0 0 0 "CS" 2000
4 2001 0 24.1 0 0 0 "CS" 2001
4 2002 14.2 24.6 0 0 0 "CS" 2002
4 2003 0.311111111111111 24.8666666666667 0 0 0 "CS" 2003
4 2004 0.2 25.5875 0 0 0 "CS" 2004
4 2005 6.775 24.5125 0 0 0 "CS" 2005
4 2006 2.46666666666667 24.6916666666667 0 0 0 "CS" 2006
4 2007 4.1 24.4538461538462 0 0 0 "CS" 2007
4 2008 5.5 23.4333333333333 0 0 0 "CS" 2008
4 2009 1.65 24.3 0 0 0 "CS" 2009
4 2010 6.26666666666667 25.2208333333333 0 0 0 "CS" 2010
4 2011 4.81111111111111 24.1777777777778 0 0 0 "CS" 2011
4 2012 4.7 23.7571428571429 0 0 0 "CS" 2012
4 2013 6.45454545454545 24.7227272727273 0 0 0 "CS" 2013
4 2014 8.93333333333333 24.9916666666667 0 0 0 "CS" 2014
4 2015 0.3 26.55 0 0 0 "CS" 2015
4 2016 3.83636363636364 24.9681818181818 0 0 0 "CS" 2016
4 2017 7.73 24.56 0 0 0 "CS" 2017
4 2018 6.0375 24.0125 0 0 0 "CS" 2018
5 1977 116.45 23.25 0 0 0 "CS" 1977
5 1978 70 22.5 0 0 0 "CS" 1978
5 1979 85.4666666666667 22.8 0 0 0 "CS" 1979
5 1980 52.8285714285714 23.8928571428571 0 0 0 "CS" 1980
5 1981 29.82 22.8 0 0 0 "CS" 1981
5 1982 39.2666666666667 23.1766666666667 0 0 0 "CS" 1982
5 1983 20.7 25.075 0 0 0 "CS" 1983
5 1984 9.13125 22.521875 0 0 0 "CS" 1984
5 1985 6.43333333333333 22.7166666666667 0 0 0 "CS" 1985
5 1986 4.84 23.98 0 0 0 "CS" 1986
5 1987 9.5 23.5888888888889 0 0 0 "CS" 1987
5 1988 21.6789473684211 23.6315789473684 0 0 0 "CS" 1988
5 1989 4.8375 23.50625 0 0 0 "CS" 1989
5 1990 2.8 23.9178571428571 0 0 0 "CS" 1990
5 1991 5.6375 23.725 0 0 0 "CS" 1991
5 1992 0 22.95 0 0 0 "CS" 1992
5 1994 0.75 22.425 0 0 0 "CS" 1994
5 1995 11.7 22.7777777777778 0 0 0 "CS" 1995
5 1996 9.03333333333333 24.6055555555556 0 0 0 "CS" 1996
5 1997 2.55 24.325 0 0 0 "CS" 1997
5 1998 5.275 25.08125 0 0 0 "CS" 1998
5 1999 4.6375 22.84375 0 0 0 "CS" 1999
5 2000 8.14444444444444 23.3111111111111 0 0 0 "CS" 2000
5 2001 24.3461538461538 24.4307692307692 0 0 0 "CS" 2001
5 2002 1.84444444444444 24.1444444444444 0 0 0 "CS" 2002
5 2003 3.91538461538462 24.2423076923077 0 0 0 "CS" 2003
5 2004 21.7666666666667 24.3666666666667 0 0 0 "CS" 2004
5 2005 4.4 23.745 0 0 0 "CS" 2005
5 2006 12 23.8605263157895 0 0 0 "CS" 2006
5 2007 6.38823529411765 23.7352941176471 0 0 0 "CS" 2007
5 2008 10.125 22.7583333333333 0 0 0 "CS" 2008
5 2009 8.80625 24.053125 0 0 0 "CS" 2009
5 2010 14.01 24.1 0 0 0 "CS" 2010
5 2011 4.57 23.675 0 0 0 "CS" 2011
5 2012 7.13333333333333 23.7261904761905 0 0 0 "CS" 2012
5 2013 6.85238095238095 23.8261904761905 0 0 0 "CS" 2013
5 2014 7.295 24.1375 0 0 0 "CS" 2014
5 2015 3.18125 25.11875 0 0 0 "CS" 2015
5 2016 4.41176470588235 24.4323529411765 0 0 0 "CS" 2016
5 2017 12.8708333333333 23.89375 0 0 0 "CS" 2017
5 2018 10.9105263157895 23.35 0 0 0 "CS" 2018
6 1977 47.6 23.7 0 0 0 "CS" 1977
6 1979 14.6153846153846 22 0 0 0 "CS" 1979
6 1980 50.1625 23.3125 0 0 0 "CS" 1980
6 1981 12.8 23.1666666666667 0 0 0 "CS" 1981
6 1982 75.0533333333333 23.1033333333333 0 0 0 "CS" 1982
6 1983 5.76 23.845 0 0 0 "CS" 1983
6 1984 28.5866666666667 23.2266666666667 0 0 0 "CS" 1984
6 1985 8.53333333333333 23.0533333333333 0 0 0 "CS" 1985
6 1986 6.16428571428571 22.8964285714286 0 0 0 "CS" 1986
6 1987 9.42916666666667 23.81875 0 0 0 "CS" 1987
6 1988 8.41818181818182 22.4363636363636 0 0 0 "CS" 1988
6 1989 10.9294117647059 22.7764705882353 0 0 0 "CS" 1989
6 1990 23.1625 23.275 0 0 0 "CS" 1990
6 1991 8.11111111111111 23.6333333333333 0 0 0 "CS" 1991
6 1992 9.96153846153846 23.7807692307692 0 0 0 "CS" 1992
6 1994 15.9933333333333 23.2333333333333 0 0 0 "CS" 1994
6 1995 9.52 22.8666666666667 0 0 0 "CS" 1995
6 1996 10.085 22.9575 0 0 0 "CS" 1996
6 1997 4.66666666666667 23.0666666666667 0 0 0 "CS" 1997
6 1998 6.13333333333333 24.4 0 0 0 "CS" 1998
6 1999 10.3 22.7791666666667 0 0 0 "CS" 1999
6 2000 3.63 23.115 0 0 0 "CS" 2000
6 2001 8.28181818181818 23.8954545454545 0 0 0 "CS" 2001
6 2002 3.325 24.3791666666667 0 0 0 "CS" 2002
6 2003 6.9125 23.63125 0 0 0 "CS" 2003
6 2004 2.725 24.25625 0 0 0 "CS" 2004
6 2005 9.1 23.4795454545455 0 0 0 "CS" 2005
6 2006 7.80952380952381 23.8071428571429 0 0 0 "CS" 2006
6 2007 3.57692307692308 23.0038461538462 0 0 0 "CS" 2007
6 2008 7.97333333333333 22.8333333333333 0 0 0 "CS" 2008
6 2009 7.25 23.2925 0 0 0 "CS" 2009
6 2010 7.64285714285714 23.4785714285714 0 0 0 "CS" 2010
6 2011 16.05625 23.690625 0 0 0 "CS" 2011
6 2012 5.87272727272727 23.5659090909091 0 0 0 "CS" 2012
6 2013 21.4304347826087 23.5369565217391 0 0 0 "CS" 2013
6 2014 12.6166666666667 24.2138888888889 0 0 0 "CS" 2014
6 2015 7.2 24.18 0 0 0 "CS" 2015
6 2016 9.30454545454545 23.4704545454545 0 0 0 "CS" 2016
6 2017 14.9045454545455 23.7409090909091 0 0 0 "CS" 2017
6 2018 6.30833333333333 23.9833333333333 0 0 0 "CS" 2018
7 1977 115.95 24.25 0 0 0 "CS" 1977
7 1978 71 22.5 0 0 0 "CS" 1978
7 1979 13.4705882352941 22.4411764705882 0 0 0 "CS" 1979
7 1980 13.73 23.6 0 0 0 "CS" 1980
7 1982 39.85 23.625 0 0 0 "CS" 1982
7 1983 3.72857142857143 24.1571428571429 0 0 0 "CS" 1983
7 1984 44 22.1805555555556 0 0 0 "CS" 1984
7 1985 3.75555555555556 22.4444444444444 0 0 0 "CS" 1985
7 1986 4.05 22.875 0 0 0 "CS" 1986
7 1987 7.4952380952381 23.847619047619 0 0 0 "CS" 1987
7 1988 3.57777777777778 22.6805555555556 0 0 0 "CS" 1988
7 1989 5.27058823529412 23.0735294117647 0 0 0 "CS" 1989
7 1990 10.0916666666667 22.8958333333333 0 0 0 "CS" 1990
7 1991 1.43333333333333 23.7333333333333 0 0 0 "CS" 1991
7 1992 13.175 22.6125 0 0 0 "CS" 1992
7 1993 0 24.3 0 0 0 "CS" 1993
7 1994 4.07333333333333 23.8733333333333 0 0 0 "CS" 1994
7 1995 1.57857142857143 23.3321428571429 0 0 0 "CS" 1995
7 1996 4.56 23.3233333333333 0 0 0 "CS" 1996
7 1997 1.775 25.0875 0 0 0 "CS" 1997
7 1998 8.58 23.62 0 0 0 "CS" 1998
7 1999 3.73333333333333 23.15 0 0 0 "CS" 1999
7 2000 2.61666666666667 22.9916666666667 0 0 0 "CS" 2000
7 2001 3.31 23.77 0 0 0 "CS" 2001
7 2002 5.56875 24.334375 0 0 0 "CS" 2002
7 2003 4.96923076923077 23.7576923076923 0 0 0 "CS" 2003
7 2004 5.37222222222222 23.8333333333333 0 0 0 "CS" 2004
7 2005 1.94210526315789 23.7447368421053 0 0 0 "CS" 2005
7 2006 6.9 23.8727272727273 0 0 0 "CS" 2006
7 2007 4.4875 23.503125 0 0 0 "CS" 2007
7 2008 13.60625 22.69375 0 0 0 "CS" 2008
7 2009 2.43076923076923 23.9576923076923 0 0 0 "CS" 2009
7 2010 11.3916666666667 22.9458333333333 0 0 0 "CS" 2010
7 2011 10.4923076923077 22.7192307692308 0 0 0 "CS" 2011
7 2012 8.48333333333333 23.9111111111111 0 0 0 "CS" 2012
7 2013 3.70526315789474 23.8026315789474 0 0 0 "CS" 2013
7 2014 2.26363636363636 24.35 0 0 0 "CS" 2014
7 2015 7.46428571428571 24.1357142857143 0 0 0 "CS" 2015
7 2016 8.99333333333333 23.93 0 0 0 "CS" 2016
7 2017 6.58947368421053 23.6131578947368 0 0 0 "CS" 2017
7 2018 2.90952380952381 23.9833333333333 0 0 0 "CS" 2018
8 1977 186.75 23 0 0 0 "CS" 1977
8 1978 54.6333333333333 23.25 0 0 0 "CS" 1978
8 1979 52.6333333333333 22.8333333333333 0 0 0 "CS" 1979
8 1980 98.9 22 0 0 0 "CS" 1980
8 1981 101.08 21.9 0 0 0 "CS" 1981
8 1982 3.27142857142857 24.0785714285714 0 0 0 "CS" 1982
8 1983 1.2 24.1333333333333 0 0 0 "CS" 1983
8 1984 24.2333333333333 22.4444444444444 0 0 0 "CS" 1984
8 1985 8.25882352941176 22.3852941176471 0 0 0 "CS" 1985
8 1987 11.0117647058824 23.4088235294118 0 0 0 "CS" 1987
8 1988 17.1 22.1895833333333 0 0 0 "CS" 1988
8 1989 5.19090909090909 22.7772727272727 0 0 0 "CS" 1989
8 1990 4.88333333333333 23.4388888888889 0 0 0 "CS" 1990
8 1992 5.78571428571429 22.7785714285714 0 0 0 "CS" 1992
8 1993 28.3 23.225 0 0 0 "CS" 1993
8 1994 10.9842105263158 23.3473684210526 0 0 0 "CS" 1994
8 1995 23.7454545454545 22.3681818181818 0 0 0 "CS" 1995
8 1996 7.27272727272727 23.2318181818182 0 0 0 "CS" 1996
8 1997 0.22 24.52 0 0 0 "CS" 1997
8 1998 9.46363636363636 23.5727272727273 0 0 0 "CS" 1998
8 1999 16.7444444444444 22.8777777777778 0 0 0 "CS" 1999
8 2000 7.375 24.0875 0 0 0 "CS" 2000
8 2001 7.62222222222222 24.0833333333333 0 0 0 "CS" 2001
8 2002 4.13846153846154 24.6269230769231 0 0 0 "CS" 2002
8 2003 9.02857142857143 23.9714285714286 0 0 0 "CS" 2003
8 2004 11.8727272727273 23.7136363636364 0 0 0 "CS" 2004
8 2005 7.26875 23.01875 0 0 0 "CS" 2005
8 2006 4.76 23.635 0 0 0 "CS" 2006
8 2007 7.66842105263158 23.0421052631579 0 0 0 "CS" 2007
8 2008 21.7888888888889 22.6277777777778 0 0 0 "CS" 2008
8 2009 3.64 23.73 0 0 0 "CS" 2009
8 2010 5.03529411764706 22.8941176470588 0 0 0 "CS" 2010
8 2011 9.59411764705882 23.1794117647059 0 0 0 "CS" 2011
8 2012 11.6434782608696 23.0195652173913 0 0 0 "CS" 2012
8 2013 2.85789473684211 23.3736842105263 0 0 0 "CS" 2013
8 2014 6.085 23.495 0 0 0 "CS" 2014
8 2015 8.29166666666667 24.3583333333333 0 0 0 "CS" 2015
8 2016 9.71666666666667 23.8416666666667 0 0 0 "CS" 2016
8 2017 7.5125 23.553125 0 0 0 "CS" 2017
8 2018 9.87 23.3675 0 0 0 "CS" 2018
9 1976 94.5 22 0 0 0 "CS" 1976
9 1977 45.2 21.75 0 0 0 "CS" 1977
9 1979 43.0666666666667 22.4166666666667 0 0 0 "CS" 1979
9 1980 3.7 23 0 0 0 "CS" 1980
9 1981 13.8875 23.0625 0 0 0 "CS" 1981
9 1982 28.56 23.005 0 0 0 "CS" 1982
9 1983 12.9 23.4631578947368 0 0 0 "CS" 1983
9 1984 13.6130434782609 22.2217391304348 0 0 0 "CS" 1984
9 1985 8.8 22.1346153846154 0 0 0 "CS" 1985
9 1986 10.275 22.65 0 0 0 "CS" 1986
9 1987 11.5227272727273 23.725 0 0 0 "CS" 1987
9 1988 7.25555555555556 22.3055555555556 0 0 0 "CS" 1988
9 1989 10.26875 22.33125 0 0 0 "CS" 1989
9 1990 6.24285714285714 23.0642857142857 0 0 0 "CS" 1990
9 1992 9.96666666666667 22.85 0 0 0 "CS" 1992
9 1993 10.8833333333333 21.825 0 0 0 "CS" 1993
9 1994 7.12307692307692 23.3307692307692 0 0 0 "CS" 1994
9 1995 8.89230769230769 23.0230769230769 0 0 0 "CS" 1995
9 1996 13.0571428571429 22.8964285714286 0 0 0 "CS" 1996
9 1997 7.91666666666667 23.6958333333333 0 0 0 "CS" 1997
9 1998 5.9 22.7833333333333 0 0 0 "CS" 1998
9 1999 8.83636363636364 21.6181818181818 0 0 0 "CS" 1999
9 2000 6.88 22.525 0 0 0 "CS" 2000
9 2001 4.1 23.35 0 0 0 "CS" 2001
9 2002 5.67368421052632 23.7763157894737 0 0 0 "CS" 2002
9 2003 6.38 23.515 0 0 0 "CS" 2003
9 2004 12.025 22.7325 0 0 0 "CS" 2004
9 2005 15.4526315789474 23.0473684210526 0 0 0 "CS" 2005
9 2006 7.88571428571429 23.347619047619 0 0 0 "CS" 2006
9 2007 11.4823529411765 23.3735294117647 0 0 0 "CS" 2007
9 2008 10.512 22.674 0 0 0 "CS" 2008
9 2009 5.78666666666667 24.09 0 0 0 "CS" 2009
9 2010 25.0315789473684 22.6236842105263 0 0 0 "CS" 2010
9 2011 6.53571428571429 23.2357142857143 0 0 0 "CS" 2011
9 2012 10.162962962963 23.35 0 0 0 "CS" 2012
9 2013 13.0909090909091 23.2431818181818 0 0 0 "CS" 2013
9 2014 12.3285714285714 23.3714285714286 0 0 0 "CS" 2014
9 2015 10.1695652173913 24.1760869565217 0 0 0 "CS" 2015
9 2016 7.8875 23.74375 0 0 0 "CS" 2016
9 2017 10.624 22.952 0 0 0 "CS" 2017
9 2018 5.7 23.2136363636364 0 0 0 "CS" 2018
10 1977 0 22.5 0 0 0 "CS" 1977
10 1979 73.9181818181818 22.3181818181818 0 0 0 "CS" 1979
10 1980 50.8166666666667 22.3333333333333 0 0 0 "CS" 1980
10 1981 17.9230769230769 22.4615384615385 0 0 0 "CS" 1981
10 1982 3.2625 23.29375 0 0 0 "CS" 1982
10 1983 12.6166666666667 22.5208333333333 0 0 0 "CS" 1983
10 1984 9.87391304347826 22.6239130434783 0 0 0 "CS" 1984
10 1985 8.50625 22.390625 0 0 0 "CS" 1985
10 1986 8.90476190476191 22.6309523809524 0 0 0 "CS" 1986
10 1987 9.72 23.1725 0 0 0 "CS" 1987
10 1988 10.7904761904762 22.3333333333333 0 0 0 "CS" 1988
10 1989 9.43846153846154 22.6307692307692 0 0 0 "CS" 1989
10 1990 15.0545454545455 22.4318181818182 0 0 0 "CS" 1990
10 1991 6.06153846153846 23.2269230769231 0 0 0 "CS" 1991
10 1992 9.29473684210526 22.7868421052632 0 0 0 "CS" 1992
10 1993 2.3 22.4 0 0 0 "CS" 1993
10 1994 33.2111111111111 22.8277777777778 0 0 0 "CS" 1994
10 1995 9.50625 22.021875 0 0 0 "CS" 1995
10 1996 11.3722222222222 22.025 0 0 0 "CS" 1996
10 1997 5.59090909090909 24.3090909090909 0 0 0 "CS" 1997
10 1998 16.5272727272727 22.9954545454545 0 0 0 "CS" 1998
10 1999 4.56363636363636 22.2409090909091 0 0 0 "CS" 1999
10 2000 6.02352941176471 23.0205882352941 0 0 0 "CS" 2000
10 2001 14.5 25.025 0 0 0 "CS" 2001
10 2002 7.39166666666667 23.425 0 0 0 "CS" 2002
10 2003 9.95 23.4125 0 0 0 "CS" 2003
10 2004 7.78636363636364 22.8 0 0 0 "CS" 2004
10 2005 10.63 21.9025 0 0 0 "CS" 2005
10 2006 3.19333333333333 23.66 0 0 0 "CS" 2006
10 2007 12.3272727272727 22.1 0 0 0 "CS" 2007
10 2008 12.4176470588235 22.4264705882353 0 0 0 "CS" 2008
10 2009 7.11176470588235 23.2676470588235 0 0 0 "CS" 2009
10 2010 7.08888888888889 22.75 0 0 0 "CS" 2010
10 2011 10.6277777777778 22.0972222222222 0 0 0 "CS" 2011
10 2012 9.42173913043478 23.1239130434783 0 0 0 "CS" 2012
10 2013 13.0863636363636 23.3431818181818 0 0 0 "CS" 2013
10 2014 9.468 23.318 0 0 0 "CS" 2014
10 2015 8.14117647058823 24.1117647058824 0 0 0 "CS" 2015
10 2016 13.1190476190476 23.0666666666667 0 0 0 "CS" 2016
10 2017 14.604 22.992 0 0 0 "CS" 2017
10 2018 7.52083333333333 22.64375 0 0 0 "CS" 2018
11 1978 112.666666666667 22.8333333333333 0 0 0 "CS" 1978
11 1979 34.3066666666667 23 0 0 0 "CS" 1979
11 1980 83.7933333333333 21.6666666666667 0 0 0 "CS" 1980
11 1981 16.1818181818182 22.4545454545455 0 0 0 "CS" 1981
11 1982 2.21666666666667 22.6958333333333 0 0 0 "CS" 1982
11 1983 70.675 22.59375 0 0 0 "CS" 1983
11 1984 3.13333333333333 22.4111111111111 0 0 0 "CS" 1984
11 1985 8.9 22 0 0 0 "CS" 1985
11 1986 4.76 22.7666666666667 0 0 0 "CS" 1986
11 1987 2.3952380952381 23.4190476190476 0 0 0 "CS" 1987
11 1988 4.17619047619048 22.602380952381 0 0 0 "CS" 1988
11 1989 4.6 22.8916666666667 0 0 0 "CS" 1989
11 1990 5.25333333333333 23.0033333333333 0 0 0 "CS" 1990
11 1991 6.53 22.91 0 0 0 "CS" 1991
11 1992 1.425 22.99375 0 0 0 "CS" 1992
11 1993 0.3 23.2 0 0 0 "CS" 1993
11 1994 8.55333333333333 22.73 0 0 0 "CS" 1994
11 1995 7.32727272727273 23.0818181818182 0 0 0 "CS" 1995
11 1996 12.7833333333333 21.8875 0 0 0 "CS" 1996
11 1997 6.38888888888889 24.0888888888889 0 0 0 "CS" 1997
11 1998 6.46666666666667 22.8222222222222 0 0 0 "CS" 1998
11 1999 2.6375 22.6875 0 0 0 "CS" 1999
11 2000 3.4375 23.1 0 0 0 "CS" 2000
11 2001 1.725 24.1125 0 0 0 "CS" 2001
11 2002 3.68125 23.903125 0 0 0 "CS" 2002
11 2003 10.5615384615385 24.0692307692308 0 0 0 "CS" 2003
11 2004 4.87368421052632 22.9526315789474 0 0 0 "CS" 2004
11 2005 3.85263157894737 22.5447368421053 0 0 0 "CS" 2005
11 2006 7.84166666666667 22.7041666666667 0 0 0 "CS" 2006
11 2007 8.14615384615385 22.7461538461538 0 0 0 "CS" 2007
11 2008 8.52307692307692 22.6346153846154 0 0 0 "CS" 2008
11 2009 10.88 22.9033333333333 0 0 0 "CS" 2009
11 2010 20.7555555555556 22.1777777777778 0 0 0 "CS" 2010
11 2011 3.00714285714286 22.5357142857143 0 0 0 "CS" 2011
11 2012 4.10625 23.2875 0 0 0 "CS" 2012
11 2013 3.92352941176471 22.6911764705882 0 0 0 "CS" 2013
11 2014 4.72173913043478 23.1739130434783 0 0 0 "CS" 2014
11 2015 8.49375 23.575 0 0 0 "CS" 2015
11 2016 3.13571428571429 22.5535714285714 0 0 0 "CS" 2016
11 2017 13.83125 23.10625 0 0 0 "CS" 2017
11 2018 2.77647058823529 23.4529411764706 0 0 0 "CS" 2018
12 1978 169 22.5 0 0 0 "CS" 1978
12 1979 14.42 23.1 0 0 0 "CS" 1979
12 1981 76.1666666666667 22.6666666666667 0 0 0 "CS" 1981
12 1982 2.5 23.5 0 0 0 "CS" 1982
12 1983 10.9 21.7 0 0 0 "CS" 1983
12 1984 0.9 22.525 0 0 0 "CS" 1984
12 1985 0 22.0785714285714 0 0 0 "CS" 1985
12 1986 0.57 22.935 0 0 0 "CS" 1986
12 1987 0.328571428571429 22.6357142857143 0 0 0 "CS" 1987
12 1988 3 21.845 0 0 0 "CS" 1988
12 1989 6.7875 22.325 0 0 0 "CS" 1989
12 1990 4.78333333333333 22.5833333333333 0 0 0 "CS" 1990
12 1991 3.9 23.25625 0 0 0 "CS" 1991
12 1992 0 23.0875 0 0 0 "CS" 1992
12 1994 0 22.9 0 0 0 "CS" 1994
12 1995 3.21428571428571 22.9214285714286 0 0 0 "CS" 1995
12 1996 0 24.2 0 0 0 "CS" 1996
12 1998 1.32 22.57 0 0 0 "CS" 1998
12 1999 2.925 22.25 0 0 0 "CS" 1999
12 2000 4.33333333333333 22.9 0 0 0 "CS" 2000
12 2001 0.25 24.45 0 0 0 "CS" 2001
12 2002 2.14615384615385 23.5961538461538 0 0 0 "CS" 2002
12 2003 6.76666666666667 23.0111111111111 0 0 0 "CS" 2003
12 2004 0.4 23.3392857142857 0 0 0 "CS" 2004
12 2005 6.55 22.9625 0 0 0 "CS" 2005
12 2006 4.97777777777778 23.2833333333333 0 0 0 "CS" 2006
12 2007 0.12 22.65 0 0 0 "CS" 2007
12 2008 2.6 22.1125 0 0 0 "CS" 2008
12 2009 0.216666666666667 23.7 0 0 0 "CS" 2009
12 2010 6.225 22.55 0 0 0 "CS" 2010
12 2011 1.15 22.45 0 0 0 "CS" 2011
12 2012 1.5 23.2875 0 0 0 "CS" 2012
12 2013 0 23.25 0 0 0 "CS" 2013
12 2014 0.428571428571429 23.1357142857143 0 0 0 "CS" 2014
12 2015 3.8875 24.19375 0 0 0 "CS" 2015
12 2016 2.93 22.935 0 0 0 "CS" 2016
12 2017 8.31428571428571 23.4428571428571 0 0 0 "CS" 2017
