"MONTH" "YEAR" "ave_mo_t" "opium_t" "mj_t" "coca_t" "fips" "year"
1 1991 24.4647058823529 0 0 0 "CU" 1991
1 1992 22.7076923076923 0 0 0 "CU" 1992
1 1993 23.9264705882353 0 0 0 "CU" 1993
1 1994 23.5230769230769 0 0 0 "CU" 1994
1 2005 22.3153846153846 0 0 0 "CU" 2005
1 2006 25.9 0 0 0 "CU" 2006
1 2009 22.475 0 0 0 "CU" 2009
1 2010 20.878125 0 0 0 "CU" 2010
1 2011 22.7522727272727 0 0 0 "CU" 2011
1 2012 22.8 0 0 0 "CU" 2012
1 2013 23.6775 0 0 0 "CU" 2013
1 2014 23.1909090909091 0 0 0 "CU" 2014
1 2015 23.4235294117647 0 0 0 "CU" 2015
1 2016 23.1382352941176 0 0 0 "CU" 2016
2 1991 23.1444444444444 0 0 0 "CU" 1991
2 1992 24.7214285714286 0 0 0 "CU" 1992
2 1993 23.1210526315789 0 0 0 "CU" 1993
2 1994 24.3076923076923 0 0 0 "CU" 1994
2 2002 21.1 0 0 0 "CU" 2002
2 2005 22.3366666666667 0 0 0 "CU" 2005
2 2009 22.1 0 0 0 "CU" 2009
2 2010 21.9722222222222 0 0 0 "CU" 2010
2 2011 23.25 0 0 0 "CU" 2011
2 2012 23.7055555555556 0 0 0 "CU" 2012
2 2013 24.4 0 0 0 "CU" 2013
2 2014 24.5764705882353 0 0 0 "CU" 2014
2 2015 22.665 0 0 0 "CU" 2015
2 2016 24.0944444444444 0 0 0 "CU" 2016
3 1991 25.24 0 0 0 "CU" 1991
3 1992 23.7222222222222 0 0 0 "CU" 1992
3 1993 23.5192307692308 0 0 0 "CU" 1993
3 1994 24.1590909090909 0 0 0 "CU" 1994
3 1995 23.85 0 0 0 "CU" 1995
3 2002 22.1 0 0 0 "CU" 2002
3 2005 24.9153846153846 0 0 0 "CU" 2005
3 2009 23.4791666666667 0 0 0 "CU" 2009
3 2010 21.7269230769231 0 0 0 "CU" 2010
3 2011 24.2795454545455 0 0 0 "CU" 2011
3 2012 24.725 0 0 0 "CU" 2012
3 2013 22.625 0 0 0 "CU" 2013
3 2014 24.62 0 0 0 "CU" 2014
3 2015 25.1472222222222 0 0 0 "CU" 2015
3 2016 24.2583333333333 0 0 0 "CU" 2016
4 1991 27.3625 0 0 0 "CU" 1991
4 1992 24.4666666666667 0 0 0 "CU" 1992
4 1993 25.3 0 0 0 "CU" 1993
4 1994 25.1545454545455 0 0 0 "CU" 1994
4 1995 26.1888888888889 0 0 0 "CU" 1995
4 2005 24.6657894736842 0 0 0 "CU" 2005
4 2009 26.2722222222222 0 0 0 "CU" 2009
4 2010 25.065625 0 0 0 "CU" 2010
4 2011 26.5913043478261 0 0 0 "CU" 2011
4 2012 25.5520833333333 0 0 0 "CU" 2012
4 2013 26.2761904761905 0 0 0 "CU" 2013
4 2014 25.554347826087 0 0 0 "CU" 2014
4 2015 25.4428571428571 0 0 0 "CU" 2015
5 1991 27.1175 0 0 0 "CU" 1991
5 1992 25.0409090909091 0 0 0 "CU" 1992
5 1993 26.06 0 0 0 "CU" 1993
5 1994 26.9833333333333 0 0 0 "CU" 1994
5 1995 27.2791666666667 0 0 0 "CU" 1995
5 2002 26.95 0 0 0 "CU" 2002
5 2005 26.596 0 0 0 "CU" 2005
5 2009 26.5729166666667 0 0 0 "CU" 2009
5 2010 27.1366666666667 0 0 0 "CU" 2010
5 2011 27.4238095238095 0 0 0 "CU" 2011
5 2012 26.2642857142857 0 0 0 "CU" 2012
5 2013 26.8173913043478 0 0 0 "CU" 2013
5 2014 26.906 0 0 0 "CU" 2014
5 2015 26.8119047619048 0 0 0 "CU" 2015
5 2016 28 0 0 0 "CU" 2016
6 1991 27.3 0 0 0 "CU" 1991
6 1992 27.37 0 0 0 "CU" 1992
6 1993 27.76 0 0 0 "CU" 1993
6 1994 27.6642857142857 0 0 0 "CU" 1994
6 1995 27.655 0 0 0 "CU" 1995
6 2002 26.3916666666667 0 0 0 "CU" 2002
6 2005 27.1636363636364 0 0 0 "CU" 2005
6 2008 28.06875 0 0 0 "CU" 2008
6 2009 27.321875 0 0 0 "CU" 2009
6 2010 28.4444444444444 0 0 0 "CU" 2010
6 2011 27.9 0 0 0 "CU" 2011
6 2012 27.4 0 0 0 "CU" 2012
6 2013 27.1807692307692 0 0 0 "CU" 2013
6 2014 27.5804347826087 0 0 0 "CU" 2014
6 2015 27.05 0 0 0 "CU" 2015
6 2016 27.64 0 0 0 "CU" 2016
7 1991 27.7111111111111 0 0 0 "CU" 1991
7 1992 27.38125 0 0 0 "CU" 1992
7 1993 27.803125 0 0 0 "CU" 1993
7 1994 27.1166666666667 0 0 0 "CU" 1994
7 1995 27.6205882352941 0 0 0 "CU" 1995
7 2002 26.55 0 0 0 "CU" 2002
7 2005 27.9923076923077 0 0 0 "CU" 2005
7 2008 27.79 0 0 0 "CU" 2008
7 2009 28.28125 0 0 0 "CU" 2009
7 2010 28.425 0 0 0 "CU" 2010
7 2011 28.0086206896552 0 0 0 "CU" 2011
7 2012 27.675 0 0 0 "CU" 2012
7 2013 27.422 0 0 0 "CU" 2013
7 2014 28.125 0 0 0 "CU" 2014
7 2015 28.2913043478261 0 0 0 "CU" 2015
7 2016 27.8333333333333 0 0 0 "CU" 2016
8 1991 27.7166666666667 0 0 0 "CU" 1991
8 1992 27.2916666666667 0 0 0 "CU" 1992
8 1993 27.3666666666667 0 0 0 "CU" 1993
8 1994 27.6115384615385 0 0 0 "CU" 1994
8 1995 27.7475 0 0 0 "CU" 1995
8 2001 27.8928571428571 0 0 0 "CU" 2001
8 2002 27.35 0 0 0 "CU" 2002
8 2005 28.2055555555556 0 0 0 "CU" 2005
8 2008 27.7958333333333 0 0 0 "CU" 2008
8 2009 28.1480769230769 0 0 0 "CU" 2009
8 2010 28.6428571428571 0 0 0 "CU" 2010
8 2011 28.4173076923077 0 0 0 "CU" 2011
8 2012 27.8586206896552 0 0 0 "CU" 2012
8 2013 27.8148148148148 0 0 0 "CU" 2013
8 2014 28.0869565217391 0 0 0 "CU" 2014
8 2015 28.3738095238095 0 0 0 "CU" 2015
8 2016 28.7666666666667 0 0 0 "CU" 2016
9 1991 27.1138888888889 0 0 0 "CU" 1991
9 1992 27.26 0 0 0 "CU" 1992
9 1993 27.2333333333333 0 0 0 "CU" 1993
9 1994 27.6111111111111 0 0 0 "CU" 1994
9 1995 27.50625 0 0 0 "CU" 1995
9 2001 27.0681818181818 0 0 0 "CU" 2001
9 2005 28.05 0 0 0 "CU" 2005
9 2008 27.5888888888889 0 0 0 "CU" 2008
9 2009 28.25 0 0 0 "CU" 2009
9 2010 28.1659090909091 0 0 0 "CU" 2010
9 2011 28.08125 0 0 0 "CU" 2011
9 2012 27.5557692307692 0 0 0 "CU" 2012
9 2013 27.25 0 0 0 "CU" 2013
9 2014 27.752380952381 0 0 0 "CU" 2014
9 2015 27.8791666666667 0 0 0 "CU" 2015
9 2016 28.375 0 0 0 "CU" 2016
10 1990 27.5846153846154 0 0 0 "CU" 1990
10 1991 26.4525 0 0 0 "CU" 1991
10 1992 26.1642857142857 0 0 0 "CU" 1992
10 1993 26.81 0 0 0 "CU" 1993
10 1994 26.3166666666667 0 0 0 "CU" 1994
10 1995 27.0942307692308 0 0 0 "CU" 1995
10 2004 26.4555555555556 0 0 0 "CU" 2004
10 2005 27.1 0 0 0 "CU" 2005
10 2008 26.0452380952381 0 0 0 "CU" 2008
10 2009 27.8083333333333 0 0 0 "CU" 2009
10 2010 26.4431818181818 0 0 0 "CU" 2010
10 2011 26.304 0 0 0 "CU" 2011
10 2012 26.725 0 0 0 "CU" 2012
10 2013 27.076 0 0 0 "CU" 2013
10 2014 26.6208333333333 0 0 0 "CU" 2014
10 2015 27.2190476190476 0 0 0 "CU" 2015
10 2016 27.7 0 0 0 "CU" 2016
11 1990 25.6038461538462 0 0 0 "CU" 1990
11 1991 24.45 0 0 0 "CU" 1991
11 1992 25.725 0 0 0 "CU" 1992
11 1993 25.615625 0 0 0 "CU" 1993
11 1995 24.3785714285714 0 0 0 "CU" 1995
11 2004 25.2083333333333 0 0 0 "CU" 2004
11 2008 22.8 0 0 0 "CU" 2008
11 2009 25.0157894736842 0 0 0 "CU" 2009
11 2010 24.7846153846154 0 0 0 "CU" 2010
11 2011 24.7961538461538 0 0 0 "CU" 2011
11 2012 23.42 0 0 0 "CU" 2012
11 2013 26.104347826087 0 0 0 "CU" 2013
11 2014 24.504347826087 0 0 0 "CU" 2014
11 2015 26.2333333333333 0 0 0 "CU" 2015
12 1990 24.11 0 0 0 "CU" 1990
12 1991 23.6916666666667 0 0 0 "CU" 1991
12 1992 22.965 0 0 0 "CU" 1992
12 1993 23.4076923076923 0 0 0 "CU" 1993
12 2004 22.9375 0 0 0 "CU" 2004
12 2005 23.75 0 0 0 "CU" 2005
12 2008 23.2611111111111 0 0 0 "CU" 2008
12 2009 24.55 0 0 0 "CU" 2009
12 2010 21.452380952381 0 0 0 "CU" 2010
12 2011 23.68 0 0 0 "CU" 2011
12 2012 23.5083333333333 0 0 0 "CU" 2012
12 2013 25.165 0 0 0 "CU" 2013
12 2014 24.09 0 0 0 "CU" 2014
12 2015 26.0888888888889 0 0 0 "CU" 2015
1 1982 21.2 0 0 0 "CU" 1982
1 1983 22.5529411764706 0 0 0 "CU" 1983
1 1984 23.2791666666667 0 0 0 "CU" 1984
1 1985 21.61875 0 0 0 "CU" 1985
1 1987 22.50625 0 0 0 "CU" 1987
1 1988 22.1973684210526 0 0 0 "CU" 1988
1 1989 23.575 0 0 0 "CU" 1989
1 1990 24.5289473684211 0 0 0 "CU" 1990
1 1991 24.4125 0 0 0 "CU" 1991
1 1992 22.4970588235294 0 0 0 "CU" 1992
1 1993 23.6761904761905 0 0 0 "CU" 1993
1 1994 22.9941176470588 0 0 0 "CU" 1994
1 1999 22.7933333333333 0 0 0 "CU" 1999
1 2001 20.6 0 0 0 "CU" 2001
1 2002 22.2 0 0 0 "CU" 2002
1 2005 21.9136363636364 0 0 0 "CU" 2005
1 2009 22.5083333333333 0 0 0 "CU" 2009
1 2010 21.4131578947368 0 0 0 "CU" 2010
1 2011 21.65 0 0 0 "CU" 2011
1 2012 23.309375 0 0 0 "CU" 2012
1 2013 24.0625 0 0 0 "CU" 2013
1 2014 22.4558823529412 0 0 0 "CU" 2014
1 2015 23.3272727272727 0 0 0 "CU" 2015
1 2016 22.2613636363636 0 0 0 "CU" 2016
2 1982 21.7 0 0 0 "CU" 1982
2 1983 21.946875 0 0 0 "CU" 1983
2 1984 23.252380952381 0 0 0 "CU" 1984
2 1985 22.39 0 0 0 "CU" 1985
2 1987 23.55 0 0 0 "CU" 1987
2 1988 22.7631578947368 0 0 0 "CU" 1988
2 1989 23.5225 0 0 0 "CU" 1989
2 1990 24.4166666666667 0 0 0 "CU" 1990
2 1991 22.8055555555556 0 0 0 "CU" 1991
2 1992 23.5035714285714 0 0 0 "CU" 1992
2 1993 22.1923076923077 0 0 0 "CU" 1993
2 1994 24 0 0 0 "CU" 1994
2 1999 22.32 0 0 0 "CU" 1999
2 2001 24.775 0 0 0 "CU" 2001
2 2002 23.6590909090909 0 0 0 "CU" 2002
2 2005 22.14 0 0 0 "CU" 2005
2 2009 20.3071428571429 0 0 0 "CU" 2009
2 2010 20.5766666666667 0 0 0 "CU" 2010
2 2011 22.6973684210526 0 0 0 "CU" 2011
2 2012 23.7763157894737 0 0 0 "CU" 2012
2 2013 23.8977272727273 0 0 0 "CU" 2013
2 2014 24.8131578947368 0 0 0 "CU" 2014
2 2015 22.3352941176471 0 0 0 "CU" 2015
2 2016 22.1916666666667 0 0 0 "CU" 2016
3 1978 20.5 0 0 0 "CU" 1978
3 1982 26.25 0 0 0 "CU" 1982
3 1983 23.4458333333333 0 0 0 "CU" 1983
3 1984 23.25 0 0 0 "CU" 1984
3 1985 24.16 0 0 0 "CU" 1985
3 1986 23.50625 0 0 0 "CU" 1986
3 1987 23.5552631578947 0 0 0 "CU" 1987
3 1988 22.89 0 0 0 "CU" 1988
3 1989 23.8454545454545 0 0 0 "CU" 1989
3 1990 23.7722222222222 0 0 0 "CU" 1990
3 1991 25.41 0 0 0 "CU" 1991
3 1992 23.42 0 0 0 "CU" 1992
3 1993 22.6875 0 0 0 "CU" 1993
3 1994 24.6782608695652 0 0 0 "CU" 1994
3 1995 22.8964285714286 0 0 0 "CU" 1995
3 1999 22.35 0 0 0 "CU" 1999
3 2000 24.9583333333333 0 0 0 "CU" 2000
3 2001 23.76 0 0 0 "CU" 2001
3 2002 23.9285714285714 0 0 0 "CU" 2002
3 2005 24.4394736842105 0 0 0 "CU" 2005
3 2009 23.35 0 0 0 "CU" 2009
3 2010 22.1166666666667 0 0 0 "CU" 2010
3 2011 23.8142857142857 0 0 0 "CU" 2011
3 2012 24.428 0 0 0 "CU" 2012
3 2013 21.4409090909091 0 0 0 "CU" 2013
3 2014 24.3173076923077 0 0 0 "CU" 2014
3 2015 25.3108695652174 0 0 0 "CU" 2015
3 2016 23.15 0 0 0 "CU" 2016
4 1983 24.2428571428571 0 0 0 "CU" 1983
4 1984 25.0147058823529 0 0 0 "CU" 1984
4 1985 24.58125 0 0 0 "CU" 1985
4 1986 23.8076923076923 0 0 0 "CU" 1986
4 1987 23.24 0 0 0 "CU" 1987
4 1988 24.0791666666667 0 0 0 "CU" 1988
4 1989 25.3035714285714 0 0 0 "CU" 1989
4 1990 25.2090909090909 0 0 0 "CU" 1990
4 1992 23.2166666666667 0 0 0 "CU" 1992
4 1993 24.1190476190476 0 0 0 "CU" 1993
4 1994 25.6911764705882 0 0 0 "CU" 1994
4 1995 26.025 0 0 0 "CU" 1995
4 1999 26.3 0 0 0 "CU" 1999
4 2000 25.05 0 0 0 "CU" 2000
4 2001 25.5357142857143 0 0 0 "CU" 2001
4 2002 25.6571428571429 0 0 0 "CU" 2002
4 2005 24.6318181818182 0 0 0 "CU" 2005
4 2009 25.8394736842105 0 0 0 "CU" 2009
4 2010 24.446 0 0 0 "CU" 2010
4 2011 26.5020833333333 0 0 0 "CU" 2011
4 2012 25.204 0 0 0 "CU" 2012
4 2013 26.5478260869565 0 0 0 "CU" 2013
4 2014 25.8125 0 0 0 "CU" 2014
4 2015 24.3666666666667 0 0 0 "CU" 2015
4 2016 26.7 0 0 0 "CU" 2016
5 1982 25.805 0 0 0 "CU" 1982
5 1983 26.09 0 0 0 "CU" 1983
5 1984 26.1078947368421 0 0 0 "CU" 1984
5 1985 25.875 0 0 0 "CU" 1985
5 1986 25.9857142857143 0 0 0 "CU" 1986
5 1987 26.0973684210526 0 0 0 "CU" 1987
5 1988 25.7571428571429 0 0 0 "CU" 1988
5 1989 27.05625 0 0 0 "CU" 1989
5 1990 27.042 0 0 0 "CU" 1990
5 1992 24.4576923076923 0 0 0 "CU" 1992
5 1993 25.4047619047619 0 0 0 "CU" 1993
5 1994 26.8479166666667 0 0 0 "CU" 1994
5 1995 27.5678571428571 0 0 0 "CU" 1995
5 1999 26.35 0 0 0 "CU" 1999
5 2000 27.3125 0 0 0 "CU" 2000
5 2001 25.1138888888889 0 0 0 "CU" 2001
5 2002 26.13125 0 0 0 "CU" 2002
5 2005 26.5481481481481 0 0 0 "CU" 2005
5 2009 26.7033333333333 0 0 0 "CU" 2009
5 2010 26.842 0 0 0 "CU" 2010
5 2011 26.8447368421053 0 0 0 "CU" 2011
5 2012 26.746 0 0 0 "CU" 2012
5 2013 26.9534482758621 0 0 0 "CU" 2013
5 2014 26.4732142857143 0 0 0 "CU" 2014
5 2015 26.2933333333333 0 0 0 "CU" 2015
5 2016 28.625 0 0 0 "CU" 2016
6 1982 26.71875 0 0 0 "CU" 1982
6 1983 27.1575 0 0 0 "CU" 1983
6 1984 26.265 0 0 0 "CU" 1984
6 1985 27.9 0 0 0 "CU" 1985
6 1986 27.1571428571429 0 0 0 "CU" 1986
6 1987 28.1083333333333 0 0 0 "CU" 1987
6 1988 26.94 0 0 0 "CU" 1988
6 1989 27.4586956521739 0 0 0 "CU" 1989
6 1990 27.2760869565217 0 0 0 "CU" 1990
6 1992 27.2233333333333 0 0 0 "CU" 1992
6 1993 27.2805555555556 0 0 0 "CU" 1993
6 1994 27.7636363636364 0 0 0 "CU" 1994
6 1995 27.2321428571429 0 0 0 "CU" 1995
6 1999 27.0909090909091 0 0 0 "CU" 1999
6 2000 27.5269230769231 0 0 0 "CU" 2000
6 2001 27.7928571428571 0 0 0 "CU" 2001
6 2002 27.415 0 0 0 "CU" 2002
6 2005 27.30625 0 0 0 "CU" 2005
6 2008 28.45 0 0 0 "CU" 2008
6 2009 27.7225 0 0 0 "CU" 2009
6 2010 29.0111111111111 0 0 0 "CU" 2010
6 2011 28.168 0 0 0 "CU" 2011
6 2012 27.7 0 0 0 "CU" 2012
6 2013 27.4 0 0 0 "CU" 2013
6 2014 27.338 0 0 0 "CU" 2014
6 2015 27.4119047619048 0 0 0 "CU" 2015
6 2016 28.06 0 0 0 "CU" 2016
7 1982 27.6076923076923 0 0 0 "CU" 1982
7 1983 27.7461538461538 0 0 0 "CU" 1983
7 1984 27.3675 0 0 0 "CU" 1984
7 1986 28.145 0 0 0 "CU" 1986
7 1987 28.0952380952381 0 0 0 "CU" 1987
7 1988 27.8851851851852 0 0 0 "CU" 1988
7 1989 27.3204545454545 0 0 0 "CU" 1989
7 1990 27.8375 0 0 0 "CU" 1990
7 1991 28.0333333333333 0 0 0 "CU" 1991
7 1992 27.4375 0 0 0 "CU" 1992
7 1993 27.9026315789474 0 0 0 "CU" 1993
7 1994 27.6380952380952 0 0 0 "CU" 1994
7 1995 27.8134615384615 0 0 0 "CU" 1995
7 1999 27.78 0 0 0 "CU" 1999
7 2000 28.4416666666667 0 0 0 "CU" 2000
7 2001 27.2954545454545 0 0 0 "CU" 2001
7 2002 27.7785714285714 0 0 0 "CU" 2002
7 2005 28.0269230769231 0 0 0 "CU" 2005
7 2008 27.7704545454545 0 0 0 "CU" 2008
7 2009 29.1965517241379 0 0 0 "CU" 2009
7 2010 27.838 0 0 0 "CU" 2010
7 2011 28.1269230769231 0 0 0 "CU" 2011
7 2012 27.8847826086957 0 0 0 "CU" 2012
7 2013 27.102 0 0 0 "CU" 2013
7 2014 28.4 0 0 0 "CU" 2014
7 2015 28.5117647058824 0 0 0 "CU" 2015
7 2016 27.6 0 0 0 "CU" 2016
8 1981 27.5 0 0 0 "CU" 1981
8 1982 28.4727272727273 0 0 0 "CU" 1982
8 1983 28.1035714285714 0 0 0 "CU" 1983
8 1984 28.2166666666667 0 0 0 "CU" 1984
8 1985 27.7 0 0 0 "CU" 1985
8 1986 27.5545454545455 0 0 0 "CU" 1986
8 1987 28.5586956521739 0 0 0 "CU" 1987
8 1988 27.6769230769231 0 0 0 "CU" 1988
8 1989 27.7289473684211 0 0 0 "CU" 1989
8 1990 28.5884615384615 0 0 0 "CU" 1990
8 1991 27.9666666666667 0 0 0 "CU" 1991
8 1992 28.0821428571429 0 0 0 "CU" 1992
8 1993 28.4125 0 0 0 "CU" 1993
8 1994 27.5181818181818 0 0 0 "CU" 1994
8 1995 27.612 0 0 0 "CU" 1995
8 1999 28.1447368421053 0 0 0 "CU" 1999
8 2000 28.0230769230769 0 0 0 "CU" 2000
8 2001 28.246875 0 0 0 "CU" 2001
8 2002 27.725 0 0 0 "CU" 2002
8 2005 28.5590909090909 0 0 0 "CU" 2005
8 2008 28.2318181818182 0 0 0 "CU" 2008
8 2009 29.0883333333333 0 0 0 "CU" 2009
8 2010 28.552380952381 0 0 0 "CU" 2010
8 2011 28.408 0 0 0 "CU" 2011
8 2012 28.304 0 0 0 "CU" 2012
8 2013 27.9685185185185 0 0 0 "CU" 2013
8 2014 28.65 0 0 0 "CU" 2014
8 2015 29.125 0 0 0 "CU" 2015
8 2016 28.81 0 0 0 "CU" 2016
9 1979 26.75 0 0 0 "CU" 1979
9 1982 27.1576923076923 0 0 0 "CU" 1982
9 1983 27.4075 0 0 0 "CU" 1983
9 1984 27.1404761904762 0 0 0 "CU" 1984
9 1985 27.3357142857143 0 0 0 "CU" 1985
9 1986 27.7388888888889 0 0 0 "CU" 1986
9 1987 28.6275 0 0 0 "CU" 1987
9 1988 27.8357142857143 0 0 0 "CU" 1988
9 1989 27.9846153846154 0 0 0 "CU" 1989
9 1990 27.4666666666667 0 0 0 "CU" 1990
9 1991 27.3854166666667 0 0 0 "CU" 1991
9 1992 27.2636363636364 0 0 0 "CU" 1992
9 1993 28.102 0 0 0 "CU" 1993
9 1994 26.9676470588235 0 0 0 "CU" 1994
9 1995 28.2454545454545 0 0 0 "CU" 1995
9 2000 27.29375 0 0 0 "CU" 2000
9 2001 27.5272727272727 0 0 0 "CU" 2001
9 2005 27.9690476190476 0 0 0 "CU" 2005
9 2008 27.6203703703704 0 0 0 "CU" 2008
9 2009 29.1395833333333 0 0 0 "CU" 2009
9 2010 27.9553571428571 0 0 0 "CU" 2010
9 2011 28.3769230769231 0 0 0 "CU" 2011
9 2012 27.8189655172414 0 0 0 "CU" 2012
9 2013 28.1045454545455 0 0 0 "CU" 2013
9 2014 28.0568181818182 0 0 0 "CU" 2014
9 2015 29.1619047619048 0 0 0 "CU" 2015
9 2016 28.0333333333333 0 0 0 "CU" 2016
10 1981 26 0 0 0 "CU" 1981
10 1982 26.1766666666667 0 0 0 "CU" 1982
10 1983 26.978125 0 0 0 "CU" 1983
10 1984 25.6928571428571 0 0 0 "CU" 1984
10 1985 27.0921052631579 0 0 0 "CU" 1985
10 1986 26.4138888888889 0 0 0 "CU" 1986
10 1987 26.2130434782609 0 0 0 "CU" 1987
10 1988 26.1075 0 0 0 "CU" 1988
10 1989 26.5925 0 0 0 "CU" 1989
10 1990 26.859375 0 0 0 "CU" 1990
10 1991 26.7638888888889 0 0 0 "CU" 1991
10 1992 26.0166666666667 0 0 0 "CU" 1992
10 1993 26.8095238095238 0 0 0 "CU" 1993
10 1994 26.97 0 0 0 "CU" 1994
10 1995 27.3596153846154 0 0 0 "CU" 1995
10 2000 25.9833333333333 0 0 0 "CU" 2000
10 2001 27.01875 0 0 0 "CU" 2001
10 2004 26.9026315789474 0 0 0 "CU" 2004
10 2005 26.990625 0 0 0 "CU" 2005
10 2008 26.95625 0 0 0 "CU" 2008
10 2009 28.4267857142857 0 0 0 "CU" 2009
10 2010 26.4125 0 0 0 "CU" 2010
10 2011 26.2041666666667 0 0 0 "CU" 2011
10 2012 26.6625 0 0 0 "CU" 2012
10 2013 27.2057692307692 0 0 0 "CU" 2013
10 2014 26.5954545454545 0 0 0 "CU" 2014
10 2015 27.035 0 0 0 "CU" 2015
10 2016 28.325 0 0 0 "CU" 2016
11 1975 23.5 0 0 0 "CU" 1975
11 1980 26.5 0 0 0 "CU" 1980
11 1982 24.6 0 0 0 "CU" 1982
11 1983 25.3470588235294 0 0 0 "CU" 1983
11 1984 24.209375 0 0 0 "CU" 1984
11 1985 25.4027777777778 0 0 0 "CU" 1985
11 1986 26.7130434782609 0 0 0 "CU" 1986
11 1987 25.097619047619 0 0 0 "CU" 1987
11 1988 25.375 0 0 0 "CU" 1988
11 1989 25.8195652173913 0 0 0 "CU" 1989
11 1990 24.3175 0 0 0 "CU" 1990
11 1991 23.8214285714286 0 0 0 "CU" 1991
11 1992 25.8295454545455 0 0 0 "CU" 1992
11 1993 25.638 0 0 0 "CU" 1993
11 1995 23.9045454545455 0 0 0 "CU" 1995
11 2000 24.8357142857143 0 0 0 "CU" 2000
11 2001 24.475 0 0 0 "CU" 2001
11 2004 25.3958333333333 0 0 0 "CU" 2004
11 2008 23 0 0 0 "CU" 2008
11 2009 25.4403846153846 0 0 0 "CU" 2009
11 2010 23.8204545454545 0 0 0 "CU" 2010
11 2011 24.234 0 0 0 "CU" 2011
11 2012 23.172 0 0 0 "CU" 2012
11 2013 25.7795454545455 0 0 0 "CU" 2013
11 2014 24.5770833333333 0 0 0 "CU" 2014
11 2015 26.665625 0 0 0 "CU" 2015
12 1982 23.0818181818182 0 0 0 "CU" 1982
12 1983 23.85 0 0 0 "CU" 1983
12 1984 23.2714285714286 0 0 0 "CU" 1984
12 1985 23.3166666666667 0 0 0 "CU" 1985
12 1986 25.145652173913 0 0 0 "CU" 1986
12 1987 23.7647058823529 0 0 0 "CU" 1987
12 1988 23.365 0 0 0 "CU" 1988
12 1989 22.8861111111111 0 0 0 "CU" 1989
12 1990 23.4764705882353 0 0 0 "CU" 1990
12 1991 23.2541666666667 0 0 0 "CU" 1991
12 1992 23.3821428571429 0 0 0 "CU" 1992
12 1993 23.82 0 0 0 "CU" 1993
12 1998 23.6363636363636 0 0 0 "CU" 1998
12 2000 22.5029411764706 0 0 0 "CU" 2000
12 2001 23.9944444444444 0 0 0 "CU" 2001
12 2004 23.2305555555556 0 0 0 "CU" 2004
12 2005 24.175 0 0 0 "CU" 2005
12 2008 22.87 0 0 0 "CU" 2008
12 2009 23.7823529411765 0 0 0 "CU" 2009
12 2010 19.7978260869565 0 0 0 "CU" 2010
12 2011 23.2477272727273 0 0 0 "CU" 2011
12 2012 24.0409090909091 0 0 0 "CU" 2012
12 2013 25.1477272727273 0 0 0 "CU" 2013
12 2014 23.4071428571429 0 0 0 "CU" 2014
12 2015 25.6617647058824 0 0 0 "CU" 2015
1 1984 23.5071428571429 0 0 0 "CU" 1984
1 1985 21.2035714285714 0 0 0 "CU" 1985
1 1987 22.7166666666667 0 0 0 "CU" 1987
1 1988 23.5 0 0 0 "CU" 1988
1 1989 23.7095238095238 0 0 0 "CU" 1989
1 1990 24.6666666666667 0 0 0 "CU" 1990
1 1991 24.4777777777778 0 0 0 "CU" 1991
1 1992 23.07 0 0 0 "CU" 1992
1 1993 23.4294117647059 0 0 0 "CU" 1993
1 1994 23.395 0 0 0 "CU" 1994
1 2002 19.55 0 0 0 "CU" 2002
1 2005 22.8386363636364 0 0 0 "CU" 2005
1 2009 23 0 0 0 "CU" 2009
1 2010 22.9 0 0 0 "CU" 2010
1 2011 23.5421052631579 0 0 0 "CU" 2011
1 2012 22.802380952381 0 0 0 "CU" 2012
1 2013 24.084 0 0 0 "CU" 2013
1 2014 23.0666666666667 0 0 0 "CU" 2014
1 2015 23.5825 0 0 0 "CU" 2015
1 2016 23.0045454545455 0 0 0 "CU" 2016
2 1984 23.29 0 0 0 "CU" 1984
2 1985 23.290625 0 0 0 "CU" 1985
2 1987 23.4033333333333 0 0 0 "CU" 1987
2 1988 24.1775 0 0 0 "CU" 1988
2 1989 23.27 0 0 0 "CU" 1989
2 1990 24.1638888888889 0 0 0 "CU" 1990
2 1991 22.75 0 0 0 "CU" 1991
2 1992 23.49375 0 0 0 "CU" 1992
2 1993 22.0875 0 0 0 "CU" 1993
2 1994 24.8625 0 0 0 "CU" 1994
2 2005 21.275 0 0 0 "CU" 2005
2 2009 22 0 0 0 "CU" 2009
2 2010 22.4269230769231 0 0 0 "CU" 2010
2 2011 23.8309523809524 0 0 0 "CU" 2011
2 2012 23.7235294117647 0 0 0 "CU" 2012
2 2013 24.0794117647059 0 0 0 "CU" 2013
2 2014 24.6657894736842 0 0 0 "CU" 2014
2 2015 21.9882352941176 0 0 0 "CU" 2015
2 2016 23.0166666666667 0 0 0 "CU" 2016
3 1984 23.3 0 0 0 "CU" 1984
3 1985 24.2571428571429 0 0 0 "CU" 1985
3 1986 24.7368421052632 0 0 0 "CU" 1986
3 1987 24.1413043478261 0 0 0 "CU" 1987
3 1988 24.353125 0 0 0 "CU" 1988
3 1989 23.842 0 0 0 "CU" 1989
3 1990 24.5113636363636 0 0 0 "CU" 1990
3 1991 25.5333333333333 0 0 0 "CU" 1991
3 1992 24.3208333333333 0 0 0 "CU" 1992
3 1993 23.9264705882353 0 0 0 "CU" 1993
3 1994 25.0868421052632 0 0 0 "CU" 1994
3 1995 23.4833333333333 0 0 0 "CU" 1995
3 2005 24.7346153846154 0 0 0 "CU" 2005
3 2009 23.1055555555556 0 0 0 "CU" 2009
3 2010 23.88 0 0 0 "CU" 2010
3 2011 24.2891304347826 0 0 0 "CU" 2011
3 2012 24.4673913043478 0 0 0 "CU" 2012
3 2013 23.0833333333333 0 0 0 "CU" 2013
3 2014 25.1522727272727 0 0 0 "CU" 2014
3 2015 25.3394736842105 0 0 0 "CU" 2015
3 2016 24.6 0 0 0 "CU" 2016
4 1984 25.6361111111111 0 0 0 "CU" 1984
4 1985 24.690625 0 0 0 "CU" 1985
4 1986 24.1136363636364 0 0 0 "CU" 1986
4 1987 24.4441176470588 0 0 0 "CU" 1987
4 1988 24.975 0 0 0 "CU" 1988
4 1989 25.3285714285714 0 0 0 "CU" 1989
4 1990 25.23 0 0 0 "CU" 1990
4 1992 25.57 0 0 0 "CU" 1992
4 1993 24.5 0 0 0 "CU" 1993
4 1994 25.7066666666667 0 0 0 "CU" 1994
4 1995 26.525 0 0 0 "CU" 1995
4 2009 25.63 0 0 0 "CU" 2009
4 2010 25.0552631578947 0 0 0 "CU" 2010
4 2011 26.6347826086957 0 0 0 "CU" 2011
4 2012 24.856 0 0 0 "CU" 2012
4 2013 25.9666666666667 0 0 0 "CU" 2013
4 2014 26.05 0 0 0 "CU" 2014
4 2015 24.575 0 0 0 "CU" 2015
4 2016 24.9166666666667 0 0 0 "CU" 2016
5 1983 26.425 0 0 0 "CU" 1983
5 1984 26.0852941176471 0 0 0 "CU" 1984
5 1985 25.5 0 0 0 "CU" 1985
5 1986 25.5277777777778 0 0 0 "CU" 1986
5 1987 26.4404761904762 0 0 0 "CU" 1987
5 1988 26.31 0 0 0 "CU" 1988
5 1989 26.5190476190476 0 0 0 "CU" 1989
5 1990 26.6431034482759 0 0 0 "CU" 1990
5 1992 25.335 0 0 0 "CU" 1992
5 1993 26.0552631578947 0 0 0 "CU" 1993
5 1994 26.296 0 0 0 "CU" 1994
5 1995 26.35 0 0 0 "CU" 1995
5 2002 25.825 0 0 0 "CU" 2002
5 2009 25.7 0 0 0 "CU" 2009
5 2010 27.790625 0 0 0 "CU" 2010
5 2011 26.855 0 0 0 "CU" 2011
5 2012 25.774 0 0 0 "CU" 2012
5 2013 25.8 0 0 0 "CU" 2013
5 2014 25.8944444444444 0 0 0 "CU" 2014
5 2015 25.986 0 0 0 "CU" 2015
5 2016 27.425 0 0 0 "CU" 2016
6 1983 26.6277777777778 0 0 0 "CU" 1983
6 1984 25.8909090909091 0 0 0 "CU" 1984
6 1985 27.51 0 0 0 "CU" 1985
6 1986 26.6354166666667 0 0 0 "CU" 1986
6 1987 27.2527777777778 0 0 0 "CU" 1987
6 1988 26.8730769230769 0 0 0 "CU" 1988
6 1989 27.43 0 0 0 "CU" 1989
6 1990 27.136 0 0 0 "CU" 1990
6 1992 26.9846153846154 0 0 0 "CU" 1992
6 1993 27.1571428571429 0 0 0 "CU" 1993
6 1994 27.4380952380952 0 0 0 "CU" 1994
6 1995 27.0863636363636 0 0 0 "CU" 1995
6 2002 26.2166666666667 0 0 0 "CU" 2002
6 2005 27.085 0 0 0 "CU" 2005
6 2008 28.1333333333333 0 0 0 "CU" 2008
6 2009 26.5325 0 0 0 "CU" 2009
6 2010 28.4108695652174 0 0 0 "CU" 2010
6 2011 27.7041666666667 0 0 0 "CU" 2011
6 2012 27.132 0 0 0 "CU" 2012
6 2013 26.9714285714286 0 0 0 "CU" 2013
6 2014 26.26875 0 0 0 "CU" 2014
6 2015 27.1875 0 0 0 "CU" 2015
6 2016 27.6875 0 0 0 "CU" 2016
7 1983 27.3852941176471 0 0 0 "CU" 1983
7 1984 26.8363636363636 0 0 0 "CU" 1984
7 1986 27.4357142857143 0 0 0 "CU" 1986
7 1987 28.628125 0 0 0 "CU" 1987
7 1988 27.6211538461538 0 0 0 "CU" 1988
7 1989 27.2413043478261 0 0 0 "CU" 1989
7 1990 27.70625 0 0 0 "CU" 1990
7 1991 27.66875 0 0 0 "CU" 1991
7 1992 27.39375 0 0 0 "CU" 1992
7 1993 27.7323529411765 0 0 0 "CU" 1993
7 1994 27.3595238095238 0 0 0 "CU" 1994
7 1995 27.18125 0 0 0 "CU" 1995
7 2002 27.1125 0 0 0 "CU" 2002
7 2005 28.0833333333333 0 0 0 "CU" 2005
7 2008 27.8727272727273 0 0 0 "CU" 2008
7 2009 28.4555555555556 0 0 0 "CU" 2009
7 2010 27.9672413793103 0 0 0 "CU" 2010
7 2011 27.8305555555556 0 0 0 "CU" 2011
7 2012 26.945 0 0 0 "CU" 2012
7 2013 27.2 0 0 0 "CU" 2013
7 2014 27.8340909090909 0 0 0 "CU" 2014
7 2015 27.7657894736842 0 0 0 "CU" 2015
8 1983 27.5 0 0 0 "CU" 1983
8 1984 26.64 0 0 0 "CU" 1984
8 1985 27.175 0 0 0 "CU" 1985
8 1986 28.0444444444444 0 0 0 "CU" 1986
8 1987 28.5386363636364 0 0 0 "CU" 1987
8 1988 27.684375 0 0 0 "CU" 1988
8 1989 27.5142857142857 0 0 0 "CU" 1989
8 1990 28.1648148148148 0 0 0 "CU" 1990
8 1991 27.85 0 0 0 "CU" 1991
8 1992 27.9409090909091 0 0 0 "CU" 1992
8 1993 28.13 0 0 0 "CU" 1993
8 1994 27.65 0 0 0 "CU" 1994
8 1995 27.0894736842105 0 0 0 "CU" 1995
8 2001 28.00625 0 0 0 "CU" 2001
8 2002 27.25 0 0 0 "CU" 2002
8 2005 27.8416666666667 0 0 0 "CU" 2005
8 2008 27.952 0 0 0 "CU" 2008
8 2009 28.338 0 0 0 "CU" 2009
8 2010 28.2685185185185 0 0 0 "CU" 2010
8 2011 27.92 0 0 0 "CU" 2011
8 2012 27.2788461538462 0 0 0 "CU" 2012
8 2013 27.5928571428571 0 0 0 "CU" 2013
8 2014 27.752 0 0 0 "CU" 2014
8 2015 28.0833333333333 0 0 0 "CU" 2015
8 2016 27.7666666666667 0 0 0 "CU" 2016
9 1983 27.4769230769231 0 0 0 "CU" 1983
9 1984 26.276 0 0 0 "CU" 1984
9 1985 26.2357142857143 0 0 0 "CU" 1985
9 1986 27.3676470588235 0 0 0 "CU" 1986
9 1987 28.106 0 0 0 "CU" 1987
9 1988 27.0980769230769 0 0 0 "CU" 1988
9 1989 27.5375 0 0 0 "CU" 1989
9 1990 27.8 0 0 0 "CU" 1990
9 1991 27.1875 0 0 0 "CU" 1991
9 1992 26.8394736842105 0 0 0 "CU" 1992
9 1993 27.4 0 0 0 "CU" 1993
9 1994 27.7566666666667 0 0 0 "CU" 1994
9 1995 27.43125 0 0 0 "CU" 1995
9 2001 27.396875 0 0 0 "CU" 2001
9 2005 28.0190476190476 0 0 0 "CU" 2005
9 2008 27.33 0 0 0 "CU" 2008
9 2009 27.9767857142857 0 0 0 "CU" 2009
9 2010 27.5775862068966 0 0 0 "CU" 2010
9 2011 27.4428571428571 0 0 0 "CU" 2011
9 2012 27.5482142857143 0 0 0 "CU" 2012
9 2013 27.45 0 0 0 "CU" 2013
9 2014 27.1645833333333 0 0 0 "CU" 2014
9 2015 27.8395833333333 0 0 0 "CU" 2015
9 2016 28.3666666666667 0 0 0 "CU" 2016
10 1983 26.890625 0 0 0 "CU" 1983
10 1984 25.5738095238095 0 0 0 "CU" 1984
10 1985 26.0083333333333 0 0 0 "CU" 1985
10 1986 26.9477272727273 0 0 0 "CU" 1986
10 1987 26.6961538461538 0 0 0 "CU" 1987
10 1988 26.2142857142857 0 0 0 "CU" 1988
10 1989 26.6823529411765 0 0 0 "CU" 1989
10 1990 27.2975 0 0 0 "CU" 1990
10 1991 26.3761904761905 0 0 0 "CU" 1991
10 1992 26.109375 0 0 0 "CU" 1992
10 1993 27.285 0 0 0 "CU" 1993
10 1994 27.05 0 0 0 "CU" 1994
10 1995 26.7409090909091 0 0 0 "CU" 1995
10 2004 26.15625 0 0 0 "CU" 2004
10 2005 26.4966666666667 0 0 0 "CU" 2005
10 2008 25.9277777777778 0 0 0 "CU" 2008
10 2009 27.0452380952381 0 0 0 "CU" 2009
10 2010 26.5537037037037 0 0 0 "CU" 2010
10 2011 26.4703703703704 0 0 0 "CU" 2011
10 2012 25.9275862068966 0 0 0 "CU" 2012
10 2013 27.1208333333333 0 0 0 "CU" 2013
10 2014 26.378 0 0 0 "CU" 2014
10 2015 26.9642857142857 0 0 0 "CU" 2015
10 2016 28.15 0 0 0 "CU" 2016
11 1983 25.021875 0 0 0 "CU" 1983
11 1984 23.36 0 0 0 "CU" 1984
11 1985 25.0333333333333 0 0 0 "CU" 1985
11 1986 26.3761904761905 0 0 0 "CU" 1986
11 1987 25.57 0 0 0 "CU" 1987
11 1988 25.3357142857143 0 0 0 "CU" 1988
11 1989 26.0190476190476 0 0 0 "CU" 1989
11 1990 24.9625 0 0 0 "CU" 1990
11 1991 24.8818181818182 0 0 0 "CU" 1991
11 1992 25.6272727272727 0 0 0 "CU" 1992
11 1993 25.3846153846154 0 0 0 "CU" 1993
11 1995 23.9333333333333 0 0 0 "CU" 1995
11 2001 22.6 0 0 0 "CU" 2001
11 2004 24.1107142857143 0 0 0 "CU" 2004
11 2008 24.13 0 0 0 "CU" 2008
11 2009 25.2147058823529 0 0 0 "CU" 2009
11 2010 23.6029411764706 0 0 0 "CU" 2010
11 2011 24.5074074074074 0 0 0 "CU" 2011
11 2012 22.9230769230769 0 0 0 "CU" 2012
11 2013 25.6166666666667 0 0 0 "CU" 2013
11 2014 24.4725 0 0 0 "CU" 2014
11 2015 25.555 0 0 0 "CU" 2015
12 1983 23.815 0 0 0 "CU" 1983
12 1984 23.2357142857143 0 0 0 "CU" 1984
12 1985 23.6884615384615 0 0 0 "CU" 1985
12 1986 25.2630434782609 0 0 0 "CU" 1986
12 1987 23.7138888888889 0 0 0 "CU" 1987
12 1988 23.3891304347826 0 0 0 "CU" 1988
12 1989 23.62 0 0 0 "CU" 1989
12 1990 23.375 0 0 0 "CU" 1990
12 1991 23.7821428571429 0 0 0 "CU" 1991
12 1992 23.5409090909091 0 0 0 "CU" 1992
12 1993 23.75 0 0 0 "CU" 1993
12 2004 23.6923076923077 0 0 0 "CU" 2004
12 2005 23.15 0 0 0 "CU" 2005
12 2008 23.0404761904762 0 0 0 "CU" 2008
12 2009 24.6153846153846 0 0 0 "CU" 2009
12 2010 20.9222222222222 0 0 0 "CU" 2010
12 2011 23.2954545454545 0 0 0 "CU" 2011
12 2012 23.8565217391304 0 0 0 "CU" 2012
12 2013 24.6586956521739 0 0 0 "CU" 2013
12 2014 23.1452380952381 0 0 0 "CU" 2014
12 2015 25.328125 0 0 0 "CU" 2015
1 1982 24.15 0 0 0 "CU" 1982
1 1983 24.895 0 0 0 "CU" 1983
1 1984 24.5055555555556 0 0 0 "CU" 1984
1 1987 24.6029411764706 0 0 0 "CU" 1987
1 1988 26 0 0 0 "CU" 1988
1 1990 26.0326086956522 0 0 0 "CU" 1990
1 1991 25.2307692307692 0 0 0 "CU" 1991
1 1992 25.45625 0 0 0 "CU" 1992
1 1993 25.2695652173913 0 0 0 "CU" 1993
1 1994 25.2125 0 0 0 "CU" 1994
1 2005 24.0134615384615 0 0 0 "CU" 2005
1 2006 25.95 0 0 0 "CU" 2006
1 2009 24.8083333333333 0 0 0 "CU" 2009
1 2010 24.253125 0 0 0 "CU" 2010
1 2011 24.35625 0 0 0 "CU" 2011
1 2012 25.31 0 0 0 "CU" 2012
1 2013 25.9615384615385 0 0 0 "CU" 2013
1 2014 26.15 0 0 0 "CU" 2014
1 2015 25.8285714285714 0 0 0 "CU" 2015
1 2016 25.2416666666667 0 0 0 "CU" 2016
2 1982 25.0875 0 0 0 "CU" 1982
2 1983 24.8842105263158 0 0 0 "CU" 1983
2 1984 24.8263157894737 0 0 0 "CU" 1984
2 1985 24.775 0 0 0 "CU" 1985
2 1987 24.8714285714286 0 0 0 "CU" 1987
2 1988 25.4555555555556 0 0 0 "CU" 1988
2 1989 24.55 0 0 0 "CU" 1989
2 1990 25.5868421052632 0 0 0 "CU" 1990
2 1991 25.003125 0 0 0 "CU" 1991
2 1992 24.9125 0 0 0 "CU" 1992
2 1993 24.35 0 0 0 "CU" 1993
2 1994 26.51 0 0 0 "CU" 1994
2 2005 23.1766666666667 0 0 0 "CU" 2005
2 2009 24.5230769230769 0 0 0 "CU" 2009
2 2010 25.1454545454545 0 0 0 "CU" 2010
2 2011 25.1088235294118 0 0 0 "CU" 2011
2 2012 25.4236842105263 0 0 0 "CU" 2012
2 2013 25.0666666666667 0 0 0 "CU" 2013
2 2014 26.45 0 0 0 "CU" 2014
2 2015 24.6642857142857 0 0 0 "CU" 2015
2 2016 25.0277777777778 0 0 0 "CU" 2016
3 1982 25.925 0 0 0 "CU" 1982
3 1983 25.4666666666667 0 0 0 "CU" 1983
3 1984 25.40625 0 0 0 "CU" 1984
3 1985 24.575 0 0 0 "CU" 1985
3 1986 25.27 0 0 0 "CU" 1986
3 1988 25.535 0 0 0 "CU" 1988
3 1989 24.595 0 0 0 "CU" 1989
3 1990 25.2789473684211 0 0 0 "CU" 1990
3 1991 25.79375 0 0 0 "CU" 1991
3 1992 25.3357142857143 0 0 0 "CU" 1992
3 1993 25.115625 0 0 0 "CU" 1993
3 1994 25.6916666666667 0 0 0 "CU" 1994
3 1995 24.775 0 0 0 "CU" 1995
3 2005 25.5710526315789 0 0 0 "CU" 2005
3 2009 25.01875 0 0 0 "CU" 2009
3 2010 24.5178571428571 0 0 0 "CU" 2010
3 2011 24.6210526315789 0 0 0 "CU" 2011
3 2012 25.8363636363636 0 0 0 "CU" 2012
3 2013 25.1678571428571 0 0 0 "CU" 2013
3 2014 26.0472222222222 0 0 0 "CU" 2014
3 2015 25.9833333333333 0 0 0 "CU" 2015
3 2016 26.25 0 0 0 "CU" 2016
4 1983 25.5 0 0 0 "CU" 1983
4 1984 26.8909090909091 0 0 0 "CU" 1984
4 1985 25.1791666666667 0 0 0 "CU" 1985
4 1986 24.8433333333333 0 0 0 "CU" 1986
4 1987 25.0558823529412 0 0 0 "CU" 1987
4 1988 25.7785714285714 0 0 0 "CU" 1988
4 1990 26.0083333333333 0 0 0 "CU" 1990
4 1991 27.325 0 0 0 "CU" 1991
4 1992 26.7166666666667 0 0 0 "CU" 1992
4 1993 25.384375 0 0 0 "CU" 1993
4 1994 25.875 0 0 0 "CU" 1994
4 1995 27.275 0 0 0 "CU" 1995
4 2005 26.5136363636364 0 0 0 "CU" 2005
4 2009 25.8423076923077 0 0 0 "CU" 2009
4 2010 26.025 0 0 0 "CU" 2010
4 2011 26.89375 0 0 0 "CU" 2011
4 2012 25.6038461538462 0 0 0 "CU" 2012
4 2013 26.9869565217391 0 0 0 "CU" 2013
4 2014 27.3 0 0 0 "CU" 2014
4 2015 25.81 0 0 0 "CU" 2015
4 2016 26.96 0 0 0 "CU" 2016
5 1982 25.753125 0 0 0 "CU" 1982
5 1983 26.9 0 0 0 "CU" 1983
5 1984 27.29375 0 0 0 "CU" 1984
5 1985 25.1 0 0 0 "CU" 1985
5 1986 25.8675 0 0 0 "CU" 1986
5 1987 26.6229166666667 0 0 0 "CU" 1987
5 1988 28.3428571428571 0 0 0 "CU" 1988
5 1989 26.5363636363636 0 0 0 "CU" 1989
5 1990 27.7142857142857 0 0 0 "CU" 1990
5 1991 27.5041666666667 0 0 0 "CU" 1991
5 1992 25.6944444444444 0 0 0 "CU" 1992
5 1993 26.3738095238095 0 0 0 "CU" 1993
5 1994 25.9 0 0 0 "CU" 1994
5 1995 26.7125 0 0 0 "CU" 1995
5 2002 26.45 0 0 0 "CU" 2002
5 2005 27.2703703703704 0 0 0 "CU" 2005
5 2009 26.4975 0 0 0 "CU" 2009
5 2010 27.9083333333333 0 0 0 "CU" 2010
5 2012 26.936 0 0 0 "CU" 2012
5 2013 27.4431034482759 0 0 0 "CU" 2013
5 2014 27.4659090909091 0 0 0 "CU" 2014
5 2015 28.2375 0 0 0 "CU" 2015
5 2016 27.1 0 0 0 "CU" 2016
6 1982 29.15 0 0 0 "CU" 1982
6 1983 26.7833333333333 0 0 0 "CU" 1983
6 1984 27.0777777777778 0 0 0 "CU" 1984
6 1985 27.9375 0 0 0 "CU" 1985
6 1986 26.9346153846154 0 0 0 "CU" 1986
6 1987 27.7727272727273 0 0 0 "CU" 1987
6 1988 28.7423076923077 0 0 0 "CU" 1988
6 1989 28.4 0 0 0 "CU" 1989
6 1990 28.2411764705882 0 0 0 "CU" 1990
6 1991 28.6 0 0 0 "CU" 1991
6 1992 26.5 0 0 0 "CU" 1992
6 1993 27.5264705882353 0 0 0 "CU" 1993
6 1995 28.1 0 0 0 "CU" 1995
6 2002 26.375 0 0 0 "CU" 2002
6 2005 27.4684210526316 0 0 0 "CU" 2005
6 2008 28.9875 0 0 0 "CU" 2008
6 2009 26.9625 0 0 0 "CU" 2009
6 2010 29.1409090909091 0 0 0 "CU" 2010
6 2012 28.4173913043478 0 0 0 "CU" 2012
6 2013 28.4285714285714 0 0 0 "CU" 2013
6 2014 28.2294117647059 0 0 0 "CU" 2014
6 2015 29.115 0 0 0 "CU" 2015
6 2016 28.65 0 0 0 "CU" 2016
7 1982 29.075 0 0 0 "CU" 1982
7 1983 28.4833333333333 0 0 0 "CU" 1983
7 1984 27.8821428571429 0 0 0 "CU" 1984
7 1986 28.6166666666667 0 0 0 "CU" 1986
7 1987 29.0333333333333 0 0 0 "CU" 1987
7 1988 28.875 0 0 0 "CU" 1988
7 1989 28.275 0 0 0 "CU" 1989
7 1990 28.6175 0 0 0 "CU" 1990
7 1991 29.65 0 0 0 "CU" 1991
7 1993 28.7083333333333 0 0 0 "CU" 1993
7 1995 28.95 0 0 0 "CU" 1995
7 2005 28.55 0 0 0 "CU" 2005
7 2008 29.0428571428571 0 0 0 "CU" 2008
7 2009 29.11 0 0 0 "CU" 2009
7 2010 28.95 0 0 0 "CU" 2010
7 2011 28.9916666666667 0 0 0 "CU" 2011
7 2012 29.1347826086957 0 0 0 "CU" 2012
7 2013 29.2666666666667 0 0 0 "CU" 2013
7 2014 29.39 0 0 0 "CU" 2014
7 2015 29.1653846153846 0 0 0 "CU" 2015
7 2016 29.05 0 0 0 "CU" 2016
8 1982 29 0 0 0 "CU" 1982
8 1983 28.09 0 0 0 "CU" 1983
8 1988 29.3 0 0 0 "CU" 1988
8 1989 28.7416666666667 0 0 0 "CU" 1989
8 1990 29.2111111111111 0 0 0 "CU" 1990
8 1991 27.7 0 0 0 "CU" 1991
8 1993 28.25625 0 0 0 "CU" 1993
8 1995 28.68 0 0 0 "CU" 1995
8 2001 28.825 0 0 0 "CU" 2001
8 2005 28.4136363636364 0 0 0 "CU" 2005
8 2008 29.2444444444444 0 0 0 "CU" 2008
8 2009 29.4736842105263 0 0 0 "CU" 2009
8 2010 29.4730769230769 0 0 0 "CU" 2010
8 2011 28.3090909090909 0 0 0 "CU" 2011
8 2012 28.7444444444444 0 0 0 "CU" 2012
8 2013 29.39375 0 0 0 "CU" 2013
8 2014 28.85 0 0 0 "CU" 2014
8 2015 29.5541666666667 0 0 0 "CU" 2015
8 2016 29.8166666666667 0 0 0 "CU" 2016
9 1982 28.4555555555556 0 0 0 "CU" 1982
9 1983 27.7 0 0 0 "CU" 1983
9 1984 27.4416666666667 0 0 0 "CU" 1984
9 1985 26.25 0 0 0 "CU" 1985
9 1986 29.8 0 0 0 "CU" 1986
9 1987 28.89 0 0 0 "CU" 1987
9 1988 28.0125 0 0 0 "CU" 1988
9 1989 28.5318181818182 0 0 0 "CU" 1989
9 1990 29.0611111111111 0 0 0 "CU" 1990
9 1991 29.0333333333333 0 0 0 "CU" 1991
9 1992 27.3583333333333 0 0 0 "CU" 1992
9 1993 28.6277777777778 0 0 0 "CU" 1993
9 1995 28.56 0 0 0 "CU" 1995
9 2001 30.15 0 0 0 "CU" 2001
9 2005 29.2478260869565 0 0 0 "CU" 2005
9 2008 28.505 0 0 0 "CU" 2008
9 2009 28.7194444444444 0 0 0 "CU" 2009
9 2010 28.425 0 0 0 "CU" 2010
9 2011 28.3104166666667 0 0 0 "CU" 2011
9 2012 28.4195652173913 0 0 0 "CU" 2012
9 2013 28.9166666666667 0 0 0 "CU" 2013
9 2014 28.7176470588235 0 0 0 "CU" 2014
9 2015 29.2428571428571 0 0 0 "CU" 2015
9 2016 29.3 0 0 0 "CU" 2016
10 1982 27.13 0 0 0 "CU" 1982
10 1983 26.4833333333333 0 0 0 "CU" 1983
10 1984 26.5886363636364 0 0 0 "CU" 1984
10 1985 27.35 0 0 0 "CU" 1985
10 1986 27.4833333333333 0 0 0 "CU" 1986
10 1987 27.7653846153846 0 0 0 "CU" 1987
10 1988 27.2375 0 0 0 "CU" 1988
10 1989 28.0588235294118 0 0 0 "CU" 1989
10 1990 28.3157894736842 0 0 0 "CU" 1990
10 1991 27.9142857142857 0 0 0 "CU" 1991
10 1992 27.4346153846154 0 0 0 "CU" 1992
10 1993 28.785 0 0 0 "CU" 1993
10 1994 28.525 0 0 0 "CU" 1994
10 1995 27.4681818181818 0 0 0 "CU" 1995
10 2004 27.275 0 0 0 "CU" 2004
10 2005 27.0366666666667 0 0 0 "CU" 2005
10 2008 28.4175 0 0 0 "CU" 2008
10 2009 28.035 0 0 0 "CU" 2009
10 2010 27.5526315789474 0 0 0 "CU" 2010
10 2011 27.3217391304348 0 0 0 "CU" 2011
10 2012 27.5535714285714 0 0 0 "CU" 2012
10 2013 28.4347826086957 0 0 0 "CU" 2013
10 2014 28.0595238095238 0 0 0 "CU" 2014
10 2015 27.7966666666667 0 0 0 "CU" 2015
11 1982 26.57 0 0 0 "CU" 1982
11 1983 26.4357142857143 0 0 0 "CU" 1983
11 1984 25.3875 0 0 0 "CU" 1984
11 1985 26.025 0 0 0 "CU" 1985
11 1986 27.421875 0 0 0 "CU" 1986
11 1987 26.9217391304348 0 0 0 "CU" 1987
11 1988 27.075 0 0 0 "CU" 1988
11 1989 27.2363636363636 0 0 0 "CU" 1989
11 1990 26.6 0 0 0 "CU" 1990
11 1991 26.9076923076923 0 0 0 "CU" 1991
11 1992 27.55 0 0 0 "CU" 1992
11 1993 27.6111111111111 0 0 0 "CU" 1993
11 1995 26.7181818181818 0 0 0 "CU" 1995
11 2004 26.475 0 0 0 "CU" 2004
11 2008 26.5473684210526 0 0 0 "CU" 2008
11 2009 26.6586956521739 0 0 0 "CU" 2009
11 2010 26.2975 0 0 0 "CU" 2010
11 2011 26.5521739130435 0 0 0 "CU" 2011
11 2012 25.2045454545455 0 0 0 "CU" 2012
11 2013 28.1260869565217 0 0 0 "CU" 2013
11 2014 26.7425 0 0 0 "CU" 2014
11 2015 27.56 0 0 0 "CU" 2015
12 1980 25.5 0 0 0 "CU" 1980
12 1982 25.2425 0 0 0 "CU" 1982
12 1983 26.9958333333333 0 0 0 "CU" 1983
12 1984 24.7227272727273 0 0 0 "CU" 1984
12 1986 25.85 0 0 0 "CU" 1986
12 1987 25.85 0 0 0 "CU" 1987
12 1988 25.1928571428571 0 0 0 "CU" 1988
12 1989 25.7565217391304 0 0 0 "CU" 1989
12 1990 25.2738095238095 0 0 0 "CU" 1990
12 1991 25.7035714285714 0 0 0 "CU" 1991
12 1992 25.8636363636364 0 0 0 "CU" 1992
12 1993 26.7625 0 0 0 "CU" 1993
12 2004 25.6291666666667 0 0 0 "CU" 2004
12 2008 25.9795454545455 0 0 0 "CU" 2008
12 2009 25.9375 0 0 0 "CU" 2009
12 2010 23.2805555555556 0 0 0 "CU" 2010
12 2011 25.7875 0 0 0 "CU" 2011
12 2012 25.5645833333333 0 0 0 "CU" 2012
12 2013 27.0708333333333 0 0 0 "CU" 2013
12 2014 25.5795454545455 0 0 0 "CU" 2014
12 2015 26.95 0 0 0 "CU" 2015
1 1946 24.5161290322581 0 0 0 "CU" 1946
1 1947 24.5838709677419 0 0 0 "CU" 1947
1 1948 25.0338709677419 0 0 0 "CU" 1948
1 1949 23.6790322580645 0 0 0 "CU" 1949
1 1950 23.5064516129032 0 0 0 "CU" 1950
1 1951 22.9209677419355 0 0 0 "CU" 1951
1 1952 23.6483870967742 0 0 0 "CU" 1952
1 1953 23.8451612903226 0 0 0 "CU" 1953
1 1954 25.96 0 0 0 "CU" 1954
1 1955 24.0741935483871 0 0 0 "CU" 1955
1 1956 22.3310344827586 0 0 0 "CU" 1956
1 1957 25.5645161290323 0 0 0 "CU" 1957
1 1958 24.2290322580645 0 0 0 "CU" 1958
1 1959 25.4548387096774 0 0 0 "CU" 1959
1 1960 25.4096774193548 0 0 0 "CU" 1960
1 1961 25.3709677419355 0 0 0 "CU" 1961
1 1962 25.4935483870968 0 0 0 "CU" 1962
1 1963 24.4967741935484 0 0 0 "CU" 1963
1 1964 25.3161290322581 0 0 0 "CU" 1964
1 1965 23.6838709677419 0 0 0 "CU" 1965
1 1966 24.8870967741935 0 0 0 "CU" 1966
1 1967 25.2693548387097 0 0 0 "CU" 1967
1 1968 23.758064516129 0 0 0 "CU" 1968
1 1969 24.1161290322581 0 0 0 "CU" 1969
1 1970 23.5661290322581 0 0 0 "CU" 1970
1 1971 24.3193548387097 0 0 0 "CU" 1971
1 1972 24.9483870967742 0 0 0 "CU" 1972
1 1973 24.8451612903226 0 0 0 "CU" 1973
1 1974 24.0758064516129 0 0 0 "CU" 1974
1 1975 24.7548387096774 0 0 0 "CU" 1975
1 1976 23.2693548387097 0 0 0 "CU" 1976
1 1977 24.3032258064516 0 0 0 "CU" 1977
1 1978 24.2435483870968 0 0 0 "CU" 1978
1 1979 24.5612903225806 0 0 0 "CU" 1979
1 1980 24.7338709677419 0 0 0 "CU" 1980
1 1981 23.6854838709677 0 0 0 "CU" 1981
1 1982 25.5774193548387 0 0 0 "CU" 1982
1 1983 26.2209677419355 0 0 0 "CU" 1983
1 1984 25.6467741935484 0 0 0 "CU" 1984
1 1985 25.0887096774194 0 0 0 "CU" 1985
1 1986 25.5774193548387 0 0 0 "CU" 1986
1 1987 25.1209677419355 0 0 0 "CU" 1987
1 1988 26.4306451612903 0 0 0 "CU" 1988
1 1989 26.3741935483871 0 0 0 "CU" 1989
1 1990 26.7032258064516 0 0 0 "CU" 1990
1 1991 26.5403225806452 0 0 0 "CU" 1991
1 1992 26.241935483871 0 0 0 "CU" 1992
1 1993 25.9532258064516 0 0 0 "CU" 1993
1 1994 26.2451612903226 0 0 0 "CU" 1994
1 1995 25.6145161290323 0 0 0 "CU" 1995
1 1996 24.258064516129 0 0 0 "CU" 1996
1 1997 24.8433333333333 0 0 0 "CU" 1997
1 1998 25.2854838709677 0 0 0 "CU" 1998
1 1999 26.0166666666667 0 0 0 "CU" 1999
1 2001 23.8112903225806 0 0 0 "CU" 2001
1 2002 24.7870967741935 0 0 0 "CU" 2002
1 2003 25.1548387096774 0 0 0 "CU" 2003
1 2004 24.0928571428571 0 0 0 "CU" 2004
1 2005 23.8758064516129 0 0 0 "CU" 2005
1 2006 24.7615384615385 0 0 0 "CU" 2006
1 2007 25.815 0 0 0 "CU" 2007
1 2008 24.075 0 0 0 "CU" 2008
1 2009 26.1 0 0 0 "CU" 2009
1 2011 25.0166666666667 0 0 0 "CU" 2011
1 2014 25.5625 0 0 0 "CU" 2014
1 2015 26.19 0 0 0 "CU" 2015
1 2016 25.25 0 0 0 "CU" 2016
1 2017 24.875 0 0 0 "CU" 2017
2 1946 24.2982142857143 0 0 0 "CU" 1946
2 1947 23.7446428571429 0 0 0 "CU" 1947
2 1948 25.2678571428571 0 0 0 "CU" 1948
2 1949 23.6214285714286 0 0 0 "CU" 1949
2 1950 23.1053571428571 0 0 0 "CU" 1950
2 1951 22.5535714285714 0 0 0 "CU" 1951
2 1952 23.9775862068966 0 0 0 "CU" 1952
2 1953 24.2892857142857 0 0 0 "CU" 1953
2 1954 25.0285714285714 0 0 0 "CU" 1954
2 1955 24.7142857142857 0 0 0 "CU" 1955
2 1956 24.5 0 0 0 "CU" 1956
2 1957 25.5535714285714 0 0 0 "CU" 1957
2 1958 22.9240740740741 0 0 0 "CU" 1958
2 1959 26.2410714285714 0 0 0 "CU" 1959
2 1960 25.8758620689655 0 0 0 "CU" 1960
2 1961 25.9910714285714 0 0 0 "CU" 1961
2 1962 25.0285714285714 0 0 0 "CU" 1962
2 1963 25.6178571428571 0 0 0 "CU" 1963
2 1964 25.7775862068966 0 0 0 "CU" 1964
2 1965 24.7357142857143 0 0 0 "CU" 1965
2 1966 25.1839285714286 0 0 0 "CU" 1966
2 1967 25.1857142857143 0 0 0 "CU" 1967
2 1968 22.9758620689655 0 0 0 "CU" 1968
2 1969 23.4946428571429 0 0 0 "CU" 1969
2 1970 23.6964285714286 0 0 0 "CU" 1970
2 1971 24.6946428571429 0 0 0 "CU" 1971
2 1972 24.6051724137931 0 0 0 "CU" 1972
2 1973 23.7392857142857 0 0 0 "CU" 1973
2 1974 23.825 0 0 0 "CU" 1974
2 1975 24.9839285714286 0 0 0 "CU" 1975
2 1976 23.8965517241379 0 0 0 "CU" 1976
2 1977 25.0232142857143 0 0 0 "CU" 1977
2 1978 23.0053571428571 0 0 0 "CU" 1978
2 1979 24.2107142857143 0 0 0 "CU" 1979
2 1980 24.151724137931 0 0 0 "CU" 1980
2 1981 25.3625 0 0 0 "CU" 1981
2 1982 25.2053571428571 0 0 0 "CU" 1982
2 1983 25.8482142857143 0 0 0 "CU" 1983
2 1984 26.2172413793103 0 0 0 "CU" 1984
2 1985 25.6696428571429 0 0 0 "CU" 1985
2 1986 25.1740740740741 0 0 0 "CU" 1986
2 1987 25.8285714285714 0 0 0 "CU" 1987
2 1988 26.3931034482759 0 0 0 "CU" 1988
2 1989 25.8142857142857 0 0 0 "CU" 1989
2 1990 26.4678571428571 0 0 0 "CU" 1990
2 1991 26.4107142857143 0 0 0 "CU" 1991
2 1992 26.3224137931035 0 0 0 "CU" 1992
2 1993 25.5428571428571 0 0 0 "CU" 1993
2 1994 26.1714285714286 0 0 0 "CU" 1994
2 1995 25.9553571428571 0 0 0 "CU" 1995
2 1996 24.0206896551724 0 0 0 "CU" 1996
2 1997 25.3053571428571 0 0 0 "CU" 1997
2 1998 23.9660714285714 0 0 0 "CU" 1998
2 1999 23.8785714285714 0 0 0 "CU" 1999
2 2000 23.3 0 0 0 "CU" 2000
2 2001 25.1375 0 0 0 "CU" 2001
2 2002 24.6125 0 0 0 "CU" 2002
2 2004 24.4666666666667 0 0 0 "CU" 2004
2 2005 22.7285714285714 0 0 0 "CU" 2005
2 2006 24.6636363636364 0 0 0 "CU" 2006
2 2007 25.2071428571429 0 0 0 "CU" 2007
2 2008 24.74375 0 0 0 "CU" 2008
2 2009 24.78 0 0 0 "CU" 2009
2 2010 24.575 0 0 0 "CU" 2010
2 2015 25 0 0 0 "CU" 2015
2 2016 27.5166666666667 0 0 0 "CU" 2016
3 1946 24.6354838709677 0 0 0 "CU" 1946
3 1947 24.8612903225806 0 0 0 "CU" 1947
3 1948 25.7854838709677 0 0 0 "CU" 1948
3 1949 23.9854838709677 0 0 0 "CU" 1949
3 1950 24.0096774193548 0 0 0 "CU" 1950
3 1951 22.9741935483871 0 0 0 "CU" 1951
3 1952 24.9903225806452 0 0 0 "CU" 1952
3 1953 24.6596774193548 0 0 0 "CU" 1953
3 1954 26.341935483871 0 0 0 "CU" 1954
3 1955 25.1741935483871 0 0 0 "CU" 1955
3 1956 25.5451612903226 0 0 0 "CU" 1956
3 1957 25.9596774193548 0 0 0 "CU" 1957
3 1958 26.0258064516129 0 0 0 "CU" 1958
3 1959 26.591935483871 0 0 0 "CU" 1959
3 1960 26.008064516129 0 0 0 "CU" 1960
3 1961 26.2564516129032 0 0 0 "CU" 1961
3 1962 25.2 0 0 0 "CU" 1962
3 1963 26.5693548387097 0 0 0 "CU" 1963
3 1964 26.7354838709677 0 0 0 "CU" 1964
3 1965 25.8306451612903 0 0 0 "CU" 1965
3 1966 26.0435483870968 0 0 0 "CU" 1966
3 1967 24.1387096774194 0 0 0 "CU" 1967
3 1968 23.6338709677419 0 0 0 "CU" 1968
3 1969 25.2306451612903 0 0 0 "CU" 1969
3 1970 24.5806451612903 0 0 0 "CU" 1970
3 1971 24.8758064516129 0 0 0 "CU" 1971
3 1972 24.3677419354839 0 0 0 "CU" 1972
3 1973 25.5661290322581 0 0 0 "CU" 1973
3 1974 25.2354838709677 0 0 0 "CU" 1974
3 1975 26.1596774193548 0 0 0 "CU" 1975
3 1976 24.5741935483871 0 0 0 "CU" 1976
3 1977 25.4387096774194 0 0 0 "CU" 1977
3 1978 24.7290322580645 0 0 0 "CU" 1978
3 1979 24.2661290322581 0 0 0 "CU" 1979
3 1980 24.9774193548387 0 0 0 "CU" 1980
3 1981 25.3274193548387 0 0 0 "CU" 1981
3 1982 25.8016129032258 0 0 0 "CU" 1982
3 1983 26.2145161290323 0 0 0 "CU" 1983
3 1984 26.7290322580645 0 0 0 "CU" 1984
3 1985 26.0774193548387 0 0 0 "CU" 1985
3 1986 26.2016129032258 0 0 0 "CU" 1986
3 1987 26.1870967741935 0 0 0 "CU" 1987
3 1988 26.958064516129 0 0 0 "CU" 1988
3 1989 25.5596774193548 0 0 0 "CU" 1989
3 1990 26.4354838709677 0 0 0 "CU" 1990
3 1991 26.6532258064516 0 0 0 "CU" 1991
3 1992 26.9306451612903 0 0 0 "CU" 1992
3 1993 25.4451612903226 0 0 0 "CU" 1993
3 1994 26.2758064516129 0 0 0 "CU" 1994
3 1995 25.85 0 0 0 "CU" 1995
3 1996 24.9596774193548 0 0 0 "CU" 1996
3 1997 25.7225806451613 0 0 0 "CU" 1997
3 1998 24.95 0 0 0 "CU" 1998
3 1999 25.725 0 0 0 "CU" 1999
3 2000 23.4 0 0 0 "CU" 2000
3 2001 25.1145161290323 0 0 0 "CU" 2001
3 2002 25.4290322580645 0 0 0 "CU" 2002
3 2004 25.4916666666667 0 0 0 "CU" 2004
3 2005 25.840625 0 0 0 "CU" 2005
3 2006 24.5944444444444 0 0 0 "CU" 2006
3 2007 25.7088235294118 0 0 0 "CU" 2007
3 2008 24.8615384615385 0 0 0 "CU" 2008
3 2009 23.975 0 0 0 "CU" 2009
3 2013 23.9 0 0 0 "CU" 2013
3 2014 25.675 0 0 0 "CU" 2014
3 2015 27.3625 0 0 0 "CU" 2015
3 2016 27.6571428571429 0 0 0 "CU" 2016
3 2017 25.775 0 0 0 "CU" 2017
3 2018 26.4 0 0 0 "CU" 2018
4 1945 25.1137931034483 0 0 0 "CU" 1945
4 1946 24.78 0 0 0 "CU" 1946
4 1947 25.835 0 0 0 "CU" 1947
4 1948 26.1783333333333 0 0 0 "CU" 1948
4 1949 25.4533333333333 0 0 0 "CU" 1949
4 1950 24.3316666666667 0 0 0 "CU" 1950
4 1951 25.31 0 0 0 "CU" 1951
4 1952 25.57 0 0 0 "CU" 1952
4 1953 26.1016666666667 0 0 0 "CU" 1953
4 1954 26.94 0 0 0 "CU" 1954
4 1955 25.79 0 0 0 "CU" 1955
4 1956 26.8283333333333 0 0 0 "CU" 1956
4 1957 27.1366666666667 0 0 0 "CU" 1957
4 1958 27.4866666666667 0 0 0 "CU" 1958
4 1959 27.6396551724138 0 0 0 "CU" 1959
4 1960 27.5 0 0 0 "CU" 1960
4 1961 27.5416666666667 0 0 0 "CU" 1961
4 1962 27.1483333333333 0 0 0 "CU" 1962
4 1963 26.5283333333333 0 0 0 "CU" 1963
4 1964 27.125 0 0 0 "CU" 1964
4 1965 25.9566666666667 0 0 0 "CU" 1965
4 1966 27.3716666666667 0 0 0 "CU" 1966
4 1967 24.2 0 0 0 "CU" 1967
4 1968 23.91 0 0 0 "CU" 1968
4 1969 26.67 0 0 0 "CU" 1969
4 1970 26.075 0 0 0 "CU" 1970
4 1971 24.8733333333333 0 0 0 "CU" 1971
4 1972 25.4383333333333 0 0 0 "CU" 1972
4 1973 26.0916666666667 0 0 0 "CU" 1973
4 1974 25.25 0 0 0 "CU" 1974
4 1975 26.9 0 0 0 "CU" 1975
4 1976 24.7666666666667 0 0 0 "CU" 1976
4 1977 25.6416666666667 0 0 0 "CU" 1977
4 1978 25.1916666666667 0 0 0 "CU" 1978
4 1979 25.4733333333333 0 0 0 "CU" 1979
4 1980 26.1066666666667 0 0 0 "CU" 1980
4 1981 26.4466666666667 0 0 0 "CU" 1981
4 1982 26.6066666666667 0 0 0 "CU" 1982
4 1983 26.6666666666667 0 0 0 "CU" 1983
4 1984 27.74 0 0 0 "CU" 1984
4 1985 26.4133333333333 0 0 0 "CU" 1985
4 1986 26.8 0 0 0 "CU" 1986
4 1987 27.2933333333333 0 0 0 "CU" 1987
4 1988 27.5083333333333 0 0 0 "CU" 1988
4 1989 27.2116666666667 0 0 0 "CU" 1989
4 1990 27.09 0 0 0 "CU" 1990
4 1991 27.6916666666667 0 0 0 "CU" 1991
4 1992 27.6666666666667 0 0 0 "CU" 1992
4 1993 26.2816666666667 0 0 0 "CU" 1993
4 1994 27.105 0 0 0 "CU" 1994
4 1995 27.4216666666667 0 0 0 "CU" 1995
4 1996 26.1283333333333 0 0 0 "CU" 1996
4 1997 25.855 0 0 0 "CU" 1997
4 1998 25.5216666666667 0 0 0 "CU" 1998
4 1999 25.9125 0 0 0 "CU" 1999
4 2001 26.0483333333333 0 0 0 "CU" 2001
4 2002 25.9616666666667 0 0 0 "CU" 2002
4 2004 25.4454545454545 0 0 0 "CU" 2004
4 2005 26.6833333333333 0 0 0 "CU" 2005
4 2006 25.4666666666667 0 0 0 "CU" 2006
4 2007 25.4923076923077 0 0 0 "CU" 2007
4 2008 25.6115384615385 0 0 0 "CU" 2008
4 2009 26.25 0 0 0 "CU" 2009
4 2010 25.5666666666667 0 0 0 "CU" 2010
4 2011 25.55 0 0 0 "CU" 2011
4 2012 26.525 0 0 0 "CU" 2012
4 2014 26.7125 0 0 0 "CU" 2014
4 2017 26.63125 0 0 0 "CU" 2017
4 2018 25.45 0 0 0 "CU" 2018
5 1945 26.5193548387097 0 0 0 "CU" 1945
5 1946 26.4322580645161 0 0 0 "CU" 1946
5 1947 26.591935483871 0 0 0 "CU" 1947
5 1948 27.8258064516129 0 0 0 "CU" 1948
5 1949 25.9709677419355 0 0 0 "CU" 1949
5 1950 25.7048387096774 0 0 0 "CU" 1950
5 1951 26.2774193548387 0 0 0 "CU" 1951
5 1952 27.2370967741935 0 0 0 "CU" 1952
5 1953 26.7048387096774 0 0 0 "CU" 1953
5 1954 27.7822580645161 0 0 0 "CU" 1954
5 1955 27.2677419354839 0 0 0 "CU" 1955
5 1956 27.6693548387097 0 0 0 "CU" 1956
5 1957 27.9709677419355 0 0 0 "CU" 1957
5 1958 28.6693548387097 0 0 0 "CU" 1958
5 1959 28.1048387096774 0 0 0 "CU" 1959
5 1960 28.7483870967742 0 0 0 "CU" 1960
5 1961 28.0370967741935 0 0 0 "CU" 1961
5 1962 27.4387096774194 0 0 0 "CU" 1962
5 1963 27.0322580645161 0 0 0 "CU" 1963
5 1964 27.691935483871 0 0 0 "CU" 1964
5 1965 26.8854838709677 0 0 0 "CU" 1965
5 1966 27.4612903225806 0 0 0 "CU" 1966
5 1967 25.941935483871 0 0 0 "CU" 1967
5 1968 26.6548387096774 0 0 0 "CU" 1968
5 1969 27.291935483871 0 0 0 "CU" 1969
5 1970 26.2516129032258 0 0 0 "CU" 1970
5 1971 26.2741935483871 0 0 0 "CU" 1971
5 1972 26.4435483870968 0 0 0 "CU" 1972
5 1973 27.3677419354839 0 0 0 "CU" 1973
5 1974 26.0596774193548 0 0 0 "CU" 1974
5 1975 27.0129032258065 0 0 0 "CU" 1975
5 1976 26.4387096774194 0 0 0 "CU" 1976
5 1977 25.6951612903226 0 0 0 "CU" 1977
5 1978 27.1032258064516 0 0 0 "CU" 1978
5 1979 27.0967741935484 0 0 0 "CU" 1979
5 1980 27.2241935483871 0 0 0 "CU" 1980
5 1981 27.6983870967742 0 0 0 "CU" 1981
5 1982 26.4225806451613 0 0 0 "CU" 1982
5 1983 28.3677419354839 0 0 0 "CU" 1983
5 1984 28.0225806451613 0 0 0 "CU" 1984
5 1985 28.0096774193548 0 0 0 "CU" 1985
5 1986 27.2564516129032 0 0 0 "CU" 1986
5 1987 28.2741935483871 0 0 0 "CU" 1987
5 1988 28.508064516129 0 0 0 "CU" 1988
5 1989 27.6096774193548 0 0 0 "CU" 1989
5 1990 28.5903225806452 0 0 0 "CU" 1990
5 1991 28.3209677419355 0 0 0 "CU" 1991
5 1992 27.1370967741935 0 0 0 "CU" 1992
5 1993 27.2387096774194 0 0 0 "CU" 1993
5 1994 28.3532258064516 0 0 0 "CU" 1994
5 1995 28.3967741935484 0 0 0 "CU" 1995
5 1996 28.2370967741935 0 0 0 "CU" 1996
5 1997 27.5766666666667 0 0 0 "CU" 1997
5 1998 27.0790322580645 0 0 0 "CU" 1998
5 1999 26.275 0 0 0 "CU" 1999
5 2001 26.3564516129032 0 0 0 "CU" 2001
5 2002 27.0661290322581 0 0 0 "CU" 2002
5 2003 27.2096774193548 0 0 0 "CU" 2003
5 2004 27.08125 0 0 0 "CU" 2004
5 2005 28.2833333333333 0 0 0 "CU" 2005
5 2006 25.5 0 0 0 "CU" 2006
5 2007 26.6730769230769 0 0 0 "CU" 2007
5 2008 26.0909090909091 0 0 0 "CU" 2008
5 2009 26.1416666666667 0 0 0 "CU" 2009
5 2010 26.22 0 0 0 "CU" 2010
5 2011 26.3875 0 0 0 "CU" 2011
5 2012 27.225 0 0 0 "CU" 2012
5 2013 25.17 0 0 0 "CU" 2013
5 2014 26.5583333333333 0 0 0 "CU" 2014
5 2015 28.725 0 0 0 "CU" 2015
5 2016 27.5642857142857 0 0 0 "CU" 2016
5 2017 26.8727272727273 0 0 0 "CU" 2017
5 2018 27.540625 0 0 0 "CU" 2018
6 1945 27.4810344827586 0 0 0 "CU" 1945
6 1946 26.975 0 0 0 "CU" 1946
6 1947 27.3642857142857 0 0 0 "CU" 1947
6 1948 28.4 0 0 0 "CU" 1948
6 1949 26.8166666666667 0 0 0 "CU" 1949
6 1950 27.1216666666667 0 0 0 "CU" 1950
6 1951 27.4383333333333 0 0 0 "CU" 1951
6 1952 27.8133333333333 0 0 0 "CU" 1952
6 1953 27.6083333333333 0 0 0 "CU" 1953
6 1954 28.755 0 0 0 "CU" 1954
6 1955 28.0866666666667 0 0 0 "CU" 1955
6 1956 28.43 0 0 0 "CU" 1956
6 1957 28.3983333333333 0 0 0 "CU" 1957
6 1958 29.0916666666667 0 0 0 "CU" 1958
6 1959 28.9466666666667 0 0 0 "CU" 1959
6 1960 28.365 0 0 0 "CU" 1960
6 1961 28.91 0 0 0 "CU" 1961
6 1962 28.9783333333333 0 0 0 "CU" 1962
6 1963 27.9616666666667 0 0 0 "CU" 1963
6 1964 28.8783333333333 0 0 0 "CU" 1964
6 1965 28.07 0 0 0 "CU" 1965
6 1966 28.695 0 0 0 "CU" 1966
6 1967 26.9116666666667 0 0 0 "CU" 1967
6 1968 27.5316666666667 0 0 0 "CU" 1968
6 1969 27.615 0 0 0 "CU" 1969
6 1970 27.4766666666667 0 0 0 "CU" 1970
6 1971 27.7433333333333 0 0 0 "CU" 1971
6 1972 27.57 0 0 0 "CU" 1972
6 1973 27.62 0 0 0 "CU" 1973
6 1974 27.225 0 0 0 "CU" 1974
6 1975 27.195 0 0 0 "CU" 1975
6 1976 26.6833333333333 0 0 0 "CU" 1976
6 1977 27.89 0 0 0 "CU" 1977
6 1978 27.6216666666667 0 0 0 "CU" 1978
6 1979 28.21 0 0 0 "CU" 1979
6 1980 28.7333333333333 0 0 0 "CU" 1980
6 1981 28.4083333333333 0 0 0 "CU" 1981
6 1982 28.4433333333333 0 0 0 "CU" 1982
6 1983 29.0983333333333 0 0 0 "CU" 1983
6 1984 28.4066666666667 0 0 0 "CU" 1984
6 1985 28.7583333333333 0 0 0 "CU" 1985
6 1986 28.1183333333333 0 0 0 "CU" 1986
6 1987 29.485 0 0 0 "CU" 1987
6 1988 29.53 0 0 0 "CU" 1988
6 1989 28.5566666666667 0 0 0 "CU" 1989
6 1990 29.2383333333333 0 0 0 "CU" 1990
6 1991 29.465 0 0 0 "CU" 1991
6 1992 29.3833333333333 0 0 0 "CU" 1992
6 1993 28.7383333333333 0 0 0 "CU" 1993
6 1994 29.6066666666667 0 0 0 "CU" 1994
6 1995 29.105 0 0 0 "CU" 1995
6 1996 29.0783333333333 0 0 0 "CU" 1996
6 1997 28.3983333333333 0 0 0 "CU" 1997
6 1998 28.7566666666667 0 0 0 "CU" 1998
6 2001 27.9366666666667 0 0 0 "CU" 2001
6 2002 27.5366666666667 0 0 0 "CU" 2002
6 2004 28.0125 0 0 0 "CU" 2004
6 2005 27.3857142857143 0 0 0 "CU" 2005
6 2006 27.065 0 0 0 "CU" 2006
6 2007 28.1961538461538 0 0 0 "CU" 2007
6 2008 27.6833333333333 0 0 0 "CU" 2008
6 2009 26.5 0 0 0 "CU" 2009
6 2010 28.5833333333333 0 0 0 "CU" 2010
6 2011 27 0 0 0 "CU" 2011
6 2012 27.4875 0 0 0 "CU" 2012
6 2013 26.0333333333333 0 0 0 "CU" 2013
6 2014 27.1125 0 0 0 "CU" 2014
6 2015 29.0071428571429 0 0 0 "CU" 2015
6 2016 28.4 0 0 0 "CU" 2016
6 2017 28.1785714285714 0 0 0 "CU" 2017
6 2018 27.73 0 0 0 "CU" 2018
7 1945 27.5677419354839 0 0 0 "CU" 1945
7 1946 27.9741935483871 0 0 0 "CU" 1946
7 1947 28.3216666666667 0 0 0 "CU" 1947
7 1948 29.1725806451613 0 0 0 "CU" 1948
7 1949 27.5741935483871 0 0 0 "CU" 1949
7 1950 27.2241935483871 0 0 0 "CU" 1950
7 1951 27.7451612903226 0 0 0 "CU" 1951
7 1952 28.1822580645161 0 0 0 "CU" 1952
7 1953 28.0048387096774 0 0 0 "CU" 1953
7 1954 29.4370967741935 0 0 0 "CU" 1954
7 1955 28.8112903225806 0 0 0 "CU" 1955
7 1956 29.1451612903226 0 0 0 "CU" 1956
7 1957 29.1967741935484 0 0 0 "CU" 1957
7 1958 29.6387096774194 0 0 0 "CU" 1958
7 1959 29.3290322580645 0 0 0 "CU" 1959
7 1960 29.6466666666667 0 0 0 "CU" 1960
7 1961 29.4370967741935 0 0 0 "CU" 1961
7 1962 29.7645161290323 0 0 0 "CU" 1962
7 1963 29.2096774193548 0 0 0 "CU" 1963
7 1964 29.1774193548387 0 0 0 "CU" 1964
7 1965 28.7145161290323 0 0 0 "CU" 1965
7 1966 28.7790322580645 0 0 0 "CU" 1966
7 1967 27.7822580645161 0 0 0 "CU" 1967
7 1968 27.7806451612903 0 0 0 "CU" 1968
7 1969 27.8790322580645 0 0 0 "CU" 1969
7 1970 27.8451612903226 0 0 0 "CU" 1970
7 1971 28.1 0 0 0 "CU" 1971
7 1972 27.7758064516129 0 0 0 "CU" 1972
7 1973 28.3967741935484 0 0 0 "CU" 1973
7 1974 27.7209677419355 0 0 0 "CU" 1974
7 1975 28.641935483871 0 0 0 "CU" 1975
7 1976 27.2274193548387 0 0 0 "CU" 1976
7 1977 28.208064516129 0 0 0 "CU" 1977
7 1978 27.9677419354839 0 0 0 "CU" 1978
7 1979 28.9322580645161 0 0 0 "CU" 1979
7 1980 29.0290322580645 0 0 0 "CU" 1980
7 1981 28.4725806451613 0 0 0 "CU" 1981
7 1982 28.4451612903226 0 0 0 "CU" 1982
7 1983 29.9112903225806 0 0 0 "CU" 1983
7 1984 28.6564516129032 0 0 0 "CU" 1984
7 1985 29.3596774193548 0 0 0 "CU" 1985
7 1986 29.2532258064516 0 0 0 "CU" 1986
7 1987 30.4258064516129 0 0 0 "CU" 1987
7 1988 29.8129032258065 0 0 0 "CU" 1988
7 1989 29.3435483870968 0 0 0 "CU" 1989
7 1990 29.6532258064516 0 0 0 "CU" 1990
7 1991 30.0177419354839 0 0 0 "CU" 1991
7 1992 29.0483870967742 0 0 0 "CU" 1992
7 1993 28.6774193548387 0 0 0 "CU" 1993
7 1994 29.6177419354839 0 0 0 "CU" 1994
7 1995 29.5467741935484 0 0 0 "CU" 1995
7 1996 29.1887096774194 0 0 0 "CU" 1996
7 1997 28.991935483871 0 0 0 "CU" 1997
7 1998 29.35 0 0 0 "CU" 1998
7 2000 28.7 0 0 0 "CU" 2000
7 2001 28.4596774193548 0 0 0 "CU" 2001
7 2002 28.3887096774194 0 0 0 "CU" 2002
7 2003 28.5677419354839 0 0 0 "CU" 2003
7 2004 28.1403225806452 0 0 0 "CU" 2004
7 2005 28.6833333333333 0 0 0 "CU" 2005
7 2006 28.3928571428571 0 0 0 "CU" 2006
7 2007 28.35 0 0 0 "CU" 2007
7 2008 28.2576923076923 0 0 0 "CU" 2008
7 2009 28.91 0 0 0 "CU" 2009
7 2010 29.13 0 0 0 "CU" 2010
7 2011 27.7444444444444 0 0 0 "CU" 2011
7 2012 28.725 0 0 0 "CU" 2012
7 2014 28.61 0 0 0 "CU" 2014
7 2015 29.0875 0 0 0 "CU" 2015
7 2016 29.2833333333333 0 0 0 "CU" 2016
7 2018 29.45 0 0 0 "CU" 2018
8 1945 27.6354838709677 0 0 0 "CU" 1945
8 1946 27.7370967741935 0 0 0 "CU" 1946
8 1947 29.1327586206897 0 0 0 "CU" 1947
8 1948 29.6064516129032 0 0 0 "CU" 1948
8 1949 27.7693548387097 0 0 0 "CU" 1949
8 1950 27.5467741935484 0 0 0 "CU" 1950
8 1951 28.3338709677419 0 0 0 "CU" 1951
8 1952 28.3548387096774 0 0 0 "CU" 1952
8 1953 28.0435483870968 0 0 0 "CU" 1953
8 1954 29.5338709677419 0 0 0 "CU" 1954
8 1955 29.0548387096774 0 0 0 "CU" 1955
8 1956 29.2209677419355 0 0 0 "CU" 1956
8 1957 29.7145161290323 0 0 0 "CU" 1957
8 1958 29.5516666666667 0 0 0 "CU" 1958
8 1959 29.0774193548387 0 0 0 "CU" 1959
8 1960 29.7612903225806 0 0 0 "CU" 1960
8 1961 29.5032258064516 0 0 0 "CU" 1961
8 1962 29.2274193548387 0 0 0 "CU" 1962
8 1963 29.0564516129032 0 0 0 "CU" 1963
8 1964 29.3225806451613 0 0 0 "CU" 1964
8 1965 28.8983870967742 0 0 0 "CU" 1965
8 1966 29.1483870967742 0 0 0 "CU" 1966
8 1967 27.4290322580645 0 0 0 "CU" 1967
8 1968 28.0516129032258 0 0 0 "CU" 1968
8 1969 27.8112903225806 0 0 0 "CU" 1969
8 1970 27.8967741935484 0 0 0 "CU" 1970
8 1971 28.0854838709677 0 0 0 "CU" 1971
8 1972 27.4612903225806 0 0 0 "CU" 1972
8 1973 27.7596774193548 0 0 0 "CU" 1973
8 1974 27.1532258064516 0 0 0 "CU" 1974
8 1975 29.2951612903226 0 0 0 "CU" 1975
8 1976 27.7112903225806 0 0 0 "CU" 1976
8 1977 28.2612903225806 0 0 0 "CU" 1977
8 1978 28.1096774193548 0 0 0 "CU" 1978
8 1979 28.6112903225806 0 0 0 "CU" 1979
8 1980 28.7951612903226 0 0 0 "CU" 1980
8 1981 28.408064516129 0 0 0 "CU" 1981
8 1982 28.6483870967742 0 0 0 "CU" 1982
8 1983 29.2903225806452 0 0 0 "CU" 1983
8 1984 28.8532258064516 0 0 0 "CU" 1984
8 1985 29.7241935483871 0 0 0 "CU" 1985
8 1986 29.4225806451613 0 0 0 "CU" 1986
8 1987 30.7467741935484 0 0 0 "CU" 1987
8 1988 29.4838709677419 0 0 0 "CU" 1988
8 1989 29.6451612903226 0 0 0 "CU" 1989
8 1990 29.7161290322581 0 0 0 "CU" 1990
8 1991 29.8322580645161 0 0 0 "CU" 1991
8 1992 29.5741935483871 0 0 0 "CU" 1992
8 1993 28.958064516129 0 0 0 "CU" 1993
8 1994 29.508064516129 0 0 0 "CU" 1994
8 1995 28.5983870967742 0 0 0 "CU" 1995
8 1996 28.1322580645161 0 0 0 "CU" 1996
8 1997 28.9354838709677 0 0 0 "CU" 1997
8 1998 29.25 0 0 0 "CU" 1998
8 1999 28.05 0 0 0 "CU" 1999
8 2000 28.325 0 0 0 "CU" 2000
8 2001 28.8887096774194 0 0 0 "CU" 2001
8 2002 28.4838709677419 0 0 0 "CU" 2002
8 2003 28.4403225806452 0 0 0 "CU" 2003
8 2004 28.5583333333333 0 0 0 "CU" 2004
8 2005 28.4758064516129 0 0 0 "CU" 2005
8 2006 28.175 0 0 0 "CU" 2006
8 2007 28.428125 0 0 0 "CU" 2007
8 2008 27.7433333333333 0 0 0 "CU" 2008
8 2009 29.025 0 0 0 "CU" 2009
8 2010 28.625 0 0 0 "CU" 2010
8 2011 28.0863636363636 0 0 0 "CU" 2011
8 2012 28.12 0 0 0 "CU" 2012
8 2013 27.5 0 0 0 "CU" 2013
8 2014 28.6 0 0 0 "CU" 2014
8 2015 31.06 0 0 0 "CU" 2015
8 2016 29.0333333333333 0 0 0 "CU" 2016
8 2017 29.3642857142857 0 0 0 "CU" 2017
8 2018 29.5 0 0 0 "CU" 2018
9 1945 27.9283333333333 0 0 0 "CU" 1945
9 1946 27.6366666666667 0 0 0 "CU" 1946
9 1947 28.5416666666667 0 0 0 "CU" 1947
9 1948 28.1583333333333 0 0 0 "CU" 1948
9 1949 27.5733333333333 0 0 0 "CU" 1949
9 1950 27.0783333333333 0 0 0 "CU" 1950
9 1951 28.5566666666667 0 0 0 "CU" 1951
9 1952 28.1816666666667 0 0 0 "CU" 1952
9 1953 27.7633333333333 0 0 0 "CU" 1953
9 1954 28.61 0 0 0 "CU" 1954
9 1955 28.6266666666667 0 0 0 "CU" 1955
9 1956 28.98 0 0 0 "CU" 1956
9 1957 29.3810344827586 0 0 0 "CU" 1957
9 1958 29.1066666666667 0 0 0 "CU" 1958
9 1959 29.26 0 0 0 "CU" 1959
9 1960 28.9833333333333 0 0 0 "CU" 1960
9 1961 28.7133333333333 0 0 0 "CU" 1961
9 1962 29.1283333333333 0 0 0 "CU" 1962
9 1963 29.1016666666667 0 0 0 "CU" 1963
9 1964 28.7483333333333 0 0 0 "CU" 1964
9 1965 28.8366666666667 0 0 0 "CU" 1965
9 1966 29.125 0 0 0 "CU" 1966
9 1967 27.8016666666667 0 0 0 "CU" 1967
9 1968 27.68 0 0 0 "CU" 1968
9 1969 27.8616666666667 0 0 0 "CU" 1969
9 1970 27.2083333333333 0 0 0 "CU" 1970
9 1971 27.785 0 0 0 "CU" 1971
9 1972 27.6016666666667 0 0 0 "CU" 1972
9 1973 27.3966666666667 0 0 0 "CU" 1973
9 1974 27.1516666666667 0 0 0 "CU" 1974
9 1975 28.05 0 0 0 "CU" 1975
9 1976 28.0316666666667 0 0 0 "CU" 1976
9 1977 27.9416666666667 0 0 0 "CU" 1977
9 1978 27.5183333333333 0 0 0 "CU" 1978
9 1979 27.89 0 0 0 "CU" 1979
9 1980 28.6183333333333 0 0 0 "CU" 1980
9 1981 28.2383333333333 0 0 0 "CU" 1981
9 1982 28.37 0 0 0 "CU" 1982
9 1983 29.4133333333333 0 0 0 "CU" 1983
9 1984 28.5633333333333 0 0 0 "CU" 1984
9 1985 29.035 0 0 0 "CU" 1985
9 1986 29.0733333333333 0 0 0 "CU" 1986
9 1987 30.1933333333333 0 0 0 "CU" 1987
9 1988 29.1083333333333 0 0 0 "CU" 1988
9 1989 29.155 0 0 0 "CU" 1989
9 1990 29.935 0 0 0 "CU" 1990
9 1991 28.5666666666667 0 0 0 "CU" 1991
9 1992 28.8183333333333 0 0 0 "CU" 1992
9 1993 28.7766666666667 0 0 0 "CU" 1993
9 1994 29.4583333333333 0 0 0 "CU" 1994
9 1995 28.5916666666667 0 0 0 "CU" 1995
9 1996 27.67 0 0 0 "CU" 1996
9 1997 28.4216666666667 0 0 0 "CU" 1997
9 1998 28.2816666666667 0 0 0 "CU" 1998
9 1999 27.925 0 0 0 "CU" 1999
9 2001 28.165 0 0 0 "CU" 2001
9 2002 27.995 0 0 0 "CU" 2002
9 2003 27.985 0 0 0 "CU" 2003
9 2004 28.1 0 0 0 "CU" 2004
9 2005 28.3383333333333 0 0 0 "CU" 2005
9 2006 28.0833333333333 0 0 0 "CU" 2006
9 2007 27.7714285714286 0 0 0 "CU" 2007
9 2008 27.9428571428571 0 0 0 "CU" 2008
9 2009 28.4625 0 0 0 "CU" 2009
9 2010 28.22 0 0 0 "CU" 2010
9 2011 27.6125 0 0 0 "CU" 2011
9 2012 27.55 0 0 0 "CU" 2012
9 2013 26.15 0 0 0 "CU" 2013
9 2014 28.1464285714286 0 0 0 "CU" 2014
9 2015 30.4875 0 0 0 "CU" 2015
9 2017 28.8 0 0 0 "CU" 2017
9 2018 28.05 0 0 0 "CU" 2018
10 1945 26.6290322580645 0 0 0 "CU" 1945
10 1946 27.3354838709677 0 0 0 "CU" 1946
10 1947 28.2870967741935 0 0 0 "CU" 1947
10 1948 27.6967741935484 0 0 0 "CU" 1948
10 1949 26.6466666666667 0 0 0 "CU" 1949
10 1950 26.741935483871 0 0 0 "CU" 1950
10 1951 27.9064516129032 0 0 0 "CU" 1951
10 1952 28.2290322580645 0 0 0 "CU" 1952
10 1953 27.191935483871 0 0 0 "CU" 1953
10 1954 27.3964285714286 0 0 0 "CU" 1954
10 1955 27.6935483870968 0 0 0 "CU" 1955
10 1956 27.7548387096774 0 0 0 "CU" 1956
10 1957 27.9338709677419 0 0 0 "CU" 1957
10 1958 28.0983870967742 0 0 0 "CU" 1958
10 1959 28.8177419354839 0 0 0 "CU" 1959
10 1960 28.2661290322581 0 0 0 "CU" 1960
10 1961 27.2629032258065 0 0 0 "CU" 1961
10 1962 28.5741935483871 0 0 0 "CU" 1962
10 1963 27.2870967741935 0 0 0 "CU" 1963
10 1964 27.8774193548387 0 0 0 "CU" 1964
10 1965 28.1306451612903 0 0 0 "CU" 1965
10 1966 27.8790322580645 0 0 0 "CU" 1966
10 1967 27.2435483870968 0 0 0 "CU" 1967
10 1968 27.3306451612903 0 0 0 "CU" 1968
10 1969 27.2338709677419 0 0 0 "CU" 1969
10 1970 27.1096774193548 0 0 0 "CU" 1970
10 1971 27.2322580645161 0 0 0 "CU" 1971
10 1972 27.3112903225806 0 0 0 "CU" 1972
10 1973 26.9387096774194 0 0 0 "CU" 1973
10 1974 27.4532258064516 0 0 0 "CU" 1974
10 1975 26.8532258064516 0 0 0 "CU" 1975
10 1976 27.1774193548387 0 0 0 "CU" 1976
10 1977 27.491935483871 0 0 0 "CU" 1977
10 1978 27.2967741935484 0 0 0 "CU" 1978
10 1979 27.8258064516129 0 0 0 "CU" 1979
10 1980 28.2112903225806 0 0 0 "CU" 1980
10 1981 27.8032258064516 0 0 0 "CU" 1981
10 1982 27.5935483870968 0 0 0 "CU" 1982
10 1983 28.5483870967742 0 0 0 "CU" 1983
10 1984 28.0451612903226 0 0 0 "CU" 1984
10 1985 28.4403225806452 0 0 0 "CU" 1985
10 1986 28.7112903225806 0 0 0 "CU" 1986
10 1987 29.3145161290323 0 0 0 "CU" 1987
10 1988 28.7241935483871 0 0 0 "CU" 1988
10 1989 28.8709677419355 0 0 0 "CU" 1989
10 1990 28.4903225806452 0 0 0 "CU" 1990
10 1991 28.8241935483871 0 0 0 "CU" 1991
10 1992 28.0322580645161 0 0 0 "CU" 1992
10 1993 28.7822580645161 0 0 0 "CU" 1993
10 1994 28.7596774193548 0 0 0 "CU" 1994
10 1995 27.9516129032258 0 0 0 "CU" 1995
10 1996 27.0338709677419 0 0 0 "CU" 1996
10 1997 27.5612903225806 0 0 0 "CU" 1997
10 1998 28.441935483871 0 0 0 "CU" 1998
10 2000 28.35 0 0 0 "CU" 2000
10 2001 27.9016129032258 0 0 0 "CU" 2001
10 2002 27.6370967741935 0 0 0 "CU" 2002
10 2003 27.6387096774194 0 0 0 "CU" 2003
10 2004 27.3854838709677 0 0 0 "CU" 2004
10 2005 26.9112903225806 0 0 0 "CU" 2005
10 2006 29.1 0 0 0 "CU" 2006
10 2007 27.0846153846154 0 0 0 "CU" 2007
10 2008 27.6833333333333 0 0 0 "CU" 2008
10 2009 27.2214285714286 0 0 0 "CU" 2009
10 2010 27.4090909090909 0 0 0 "CU" 2010
10 2011 26.83 0 0 0 "CU" 2011
10 2012 27.45625 0 0 0 "CU" 2012
10 2013 26.9454545454545 0 0 0 "CU" 2013
10 2014 27.4416666666667 0 0 0 "CU" 2014
10 2015 28.8125 0 0 0 "CU" 2015
10 2016 28.91 0 0 0 "CU" 2016
10 2017 27.35 0 0 0 "CU" 2017
10 2018 26.925 0 0 0 "CU" 2018
11 1945 25.4266666666667 0 0 0 "CU" 1945
11 1946 25.545 0 0 0 "CU" 1946
11 1947 27.2933333333333 0 0 0 "CU" 1947
11 1948 27.5327586206897 0 0 0 "CU" 1948
11 1949 25.8283333333333 0 0 0 "CU" 1949
11 1950 25.24 0 0 0 "CU" 1950
11 1951 26.8833333333333 0 0 0 "CU" 1951
11 1952 26.3183333333333 0 0 0 "CU" 1952
11 1953 27.27 0 0 0 "CU" 1953
11 1954 26.94 0 0 0 "CU" 1954
11 1955 26.8516666666667 0 0 0 "CU" 1955
11 1956 26.54 0 0 0 "CU" 1956
11 1957 27.2466666666667 0 0 0 "CU" 1957
11 1958 27.55 0 0 0 "CU" 1958
11 1959 27.3 0 0 0 "CU" 1959
11 1960 27.08 0 0 0 "CU" 1960
11 1961 26.06 0 0 0 "CU" 1961
11 1962 26.4266666666667 0 0 0 "CU" 1962
11 1963 26.705 0 0 0 "CU" 1963
11 1964 26.79 0 0 0 "CU" 1964
11 1965 26.9366666666667 0 0 0 "CU" 1965
11 1966 25.2316666666667 0 0 0 "CU" 1966
11 1967 26.065 0 0 0 "CU" 1967
11 1968 26.5033333333333 0 0 0 "CU" 1968
11 1969 25.485 0 0 0 "CU" 1969
11 1970 26.0583333333333 0 0 0 "CU" 1970
11 1971 26.6216666666667 0 0 0 "CU" 1971
11 1972 27.0266666666667 0 0 0 "CU" 1972
11 1973 26.8616666666667 0 0 0 "CU" 1973
11 1974 26.3283333333333 0 0 0 "CU" 1974
11 1975 25.7483333333333 0 0 0 "CU" 1975
11 1976 26.8383333333333 0 0 0 "CU" 1976
11 1977 26.6433333333333 0 0 0 "CU" 1977
11 1978 26.0116666666667 0 0 0 "CU" 1978
11 1979 27.265 0 0 0 "CU" 1979
11 1980 27.2916666666667 0 0 0 "CU" 1980
11 1981 26.905 0 0 0 "CU" 1981
11 1982 27.0866666666667 0 0 0 "CU" 1982
11 1983 27.6316666666667 0 0 0 "CU" 1983
11 1984 26.9883333333333 0 0 0 "CU" 1984
11 1985 27.7433333333333 0 0 0 "CU" 1985
11 1986 28.1533333333333 0 0 0 "CU" 1986
11 1987 28.7083333333333 0 0 0 "CU" 1987
11 1988 28.06 0 0 0 "CU" 1988
11 1989 28.305 0 0 0 "CU" 1989
11 1990 28.36 0 0 0 "CU" 1990
11 1991 28.1 0 0 0 "CU" 1991
11 1992 27.7933333333333 0 0 0 "CU" 1992
11 1993 28.1033333333333 0 0 0 "CU" 1993
11 1994 28.5416666666667 0 0 0 "CU" 1994
11 1995 27.1316666666667 0 0 0 "CU" 1995
11 1996 26.83 0 0 0 "CU" 1996
11 1997 26.5666666666667 0 0 0 "CU" 1997
11 1998 27.2678571428571 0 0 0 "CU" 1998
11 2001 25.6216666666667 0 0 0 "CU" 2001
11 2002 27.1183333333333 0 0 0 "CU" 2002
11 2003 26.6 0 0 0 "CU" 2003
11 2004 25.3183333333333 0 0 0 "CU" 2004
11 2005 26.6206896551724 0 0 0 "CU" 2005
11 2006 27.6035714285714 0 0 0 "CU" 2006
11 2007 25.9666666666667 0 0 0 "CU" 2007
11 2008 25.8555555555556 0 0 0 "CU" 2008
11 2009 26.4916666666667 0 0 0 "CU" 2009
11 2010 28.35 0 0 0 "CU" 2010
11 2013 26.2833333333333 0 0 0 "CU" 2013
11 2014 27.2375 0 0 0 "CU" 2014
11 2015 28.93 0 0 0 "CU" 2015
11 2017 26.7833333333333 0 0 0 "CU" 2017
12 1945 24.0193548387097 0 0 0 "CU" 1945
12 1946 24.5870967741935 0 0 0 "CU" 1946
12 1947 25.7533333333333 0 0 0 "CU" 1947
12 1948 25.5854838709677 0 0 0 "CU" 1948
12 1949 24.525 0 0 0 "CU" 1949
12 1950 24 0 0 0 "CU" 1950
12 1951 25.3290322580645 0 0 0 "CU" 1951
12 1952 23.7903225806452 0 0 0 "CU" 1952
12 1953 26.3366666666667 0 0 0 "CU" 1953
12 1954 25.1112903225806 0 0 0 "CU" 1954
12 1955 25.4532258064516 0 0 0 "CU" 1955
12 1956 25.958064516129 0 0 0 "CU" 1956
12 1957 25.6129032258065 0 0 0 "CU" 1957
12 1958 26.3967741935484 0 0 0 "CU" 1958
12 1959 25.6129032258065 0 0 0 "CU" 1959
12 1960 24.7322580645161 0 0 0 "CU" 1960
12 1961 25.2758064516129 0 0 0 "CU" 1961
12 1962 25.4451612903226 0 0 0 "CU" 1962
12 1963 26.058064516129 0 0 0 "CU" 1963
12 1964 25.1967741935484 0 0 0 "CU" 1964
12 1965 25.3 0 0 0 "CU" 1965
12 1966 24.8403225806452 0 0 0 "CU" 1966
12 1967 24.5064516129032 0 0 0 "CU" 1967
12 1968 24.6032258064516 0 0 0 "CU" 1968
12 1969 23.9806451612903 0 0 0 "CU" 1969
12 1970 25.3548387096774 0 0 0 "CU" 1970
12 1971 25.9354838709677 0 0 0 "CU" 1971
12 1972 26.0032258064516 0 0 0 "CU" 1972
12 1973 24.1370967741935 0 0 0 "CU" 1973
12 1974 24.9354838709677 0 0 0 "CU" 1974
12 1975 22.9822580645161 0 0 0 "CU" 1975
12 1976 25.3612903225806 0 0 0 "CU" 1976
12 1977 25.3258064516129 0 0 0 "CU" 1977
12 1978 25.2645161290323 0 0 0 "CU" 1978
12 1979 25.9709677419355 0 0 0 "CU" 1979
12 1980 25.1354838709677 0 0 0 "CU" 1980
12 1981 25.7274193548387 0 0 0 "CU" 1981
12 1982 25.9532258064516 0 0 0 "CU" 1982
12 1983 26.9693548387097 0 0 0 "CU" 1983
12 1984 25.9612903225806 0 0 0 "CU" 1984
12 1985 26.508064516129 0 0 0 "CU" 1985
12 1986 26.6467741935484 0 0 0 "CU" 1986
12 1987 27.2322580645161 0 0 0 "CU" 1987
12 1988 26.7274193548387 0 0 0 "CU" 1988
12 1989 26.558064516129 0 0 0 "CU" 1989
12 1990 27.1838709677419 0 0 0 "CU" 1990
12 1991 26.7741935483871 0 0 0 "CU" 1991
12 1992 26.6870967741935 0 0 0 "CU" 1992
12 1993 26.4274193548387 0 0 0 "CU" 1993
12 1994 26.8951612903226 0 0 0 "CU" 1994
12 1995 25.458064516129 0 0 0 "CU" 1995
12 1996 24.775 0 0 0 "CU" 1996
12 1997 25.3983333333333 0 0 0 "CU" 1997
12 1998 26.2862068965517 0 0 0 "CU" 1998
12 2001 25.9790322580645 0 0 0 "CU" 2001
12 2002 26.041935483871 0 0 0 "CU" 2002
12 2003 25.1435483870968 0 0 0 "CU" 2003
12 2004 25.23 0 0 0 "CU" 2004
12 2005 25.185 0 0 0 "CU" 2005
12 2006 25.9821428571429 0 0 0 "CU" 2006
12 2007 25.025 0 0 0 "CU" 2007
12 2008 25.55 0 0 0 "CU" 2008
12 2009 25.55 0 0 0 "CU" 2009
12 2010 23.75 0 0 0 "CU" 2010
12 2012 25.5583333333333 0 0 0 "CU" 2012
12 2013 24.9 0 0 0 "CU" 2013
12 2014 26.4 0 0 0 "CU" 2014
12 2017 25.65 0 0 0 "CU" 2017
12 2018 25.9833333333333 0 0 0 "CU" 2018
4 1945 26.605 0 0 0 "CU" 1945
5 1945 27.1681818181818 0 0 0 "CU" 1945
6 1945 28.001724137931 0 0 0 "CU" 1945
7 1945 27.8838709677419 0 0 0 "CU" 1945
8 1945 27.458064516129 0 0 0 "CU" 1945
9 1945 27.01 0 0 0 "CU" 1945
