"MONTH" "YEAR" "ave_precip_mo" "ave_mo_t" "opium_t" "mj_t" "coca_t" "fips" "year"
1 1977 1.65161290322581 10.4225806451613 0 0 0 "CY" 1977
1 1978 3.20645161290323 12.6790322580645 0 0 0 "CY" 1978
1 1979 0.825806451612903 12.4451612903226 0 0 0 "CY" 1979
1 1980 0.912903225806452 10.8790322580645 0 0 0 "CY" 1980
1 1981 4.83548387096774 12.0629032258065 0 0 0 "CY" 1981
1 1982 1.43870967741935 12.2451612903226 0 0 0 "CY" 1982
1 1983 2.00967741935484 9.70322580645161 0 0 0 "CY" 1983
1 1984 1.04516129032258 12.5403225806452 0 0 0 "CY" 1984
1 1985 1.29354838709677 13.1951612903226 0 0 0 "CY" 1985
1 1986 0.809677419354839 12.3774193548387 0 0 0 "CY" 1986
1 1987 0.864516129032258 12.8951612903226 0 0 0 "CY" 1987
1 1988 2.85806451612903 12.0822580645161 0 0 0 "CY" 1988
1 1989 2.81935483870968 9.88064516129032 0 0 0 "CY" 1989
1 1990 1.08064516129032 10.358064516129 0 0 0 "CY" 1990
1 1991 2.13548387096774 12.1225806451613 0 0 0 "CY" 1991
1 1992 0.458064516129032 10.1258064516129 0 0 0 "CY" 1992
1 1993 2.32258064516129 10.85 0 0 0 "CY" 1993
1 1994 3.91290322580645 13.741935483871 0 0 0 "CY" 1994
1 1995 1.23870967741935 12.8306451612903 0 0 0 "CY" 1995
1 1996 2.9741935483871 11.7564516129032 0 0 0 "CY" 1996
1 1997 0.232258064516129 12.9612903225806 0 0 0 "CY" 1997
1 1998 1.62903225806452 11.8467741935484 0 0 0 "CY" 1998
1 1999 1.98064516129032 13.3467741935484 0 0 0 "CY" 1999
1 2000 1.78709677419355 10.441935483871 0 0 0 "CY" 2000
1 2001 5.17142857142857 12.4357142857143 0 0 0 "CY" 2001
1 2002 2.1 10.8048387096774 0 0 0 "CY" 2002
1 2003 1.65483870967742 14.4483870967742 0 0 0 "CY" 2003
1 2004 6.58064516129032 12.2112903225806 0 0 0 "CY" 2004
1 2005 4.7258064516129 12.9951612903226 0 0 0 "CY" 2005
1 2006 2.98387096774194 12.1016129032258 0 0 0 "CY" 2006
1 2007 0.961290322580645 11.9467741935484 0 0 0 "CY" 2007
1 2008 0.935483870967742 10.8903225806452 0 0 0 "CY" 2008
1 2009 4.54516129032258 13.6161290322581 0 0 0 "CY" 2009
1 2010 4.23548387096774 14.2403225806452 0 0 0 "CY" 2010
1 2011 3.34516129032258 13.4951612903226 0 0 0 "CY" 2011
1 2012 6.15161290322581 11.8 0 0 0 "CY" 2012
1 2013 1.47096774193548 12.5322580645161 0 0 0 "CY" 2013
1 2014 1.28666666666667 14.1566666666667 0 0 0 "CY" 2014
1 2015 0.216666666666667 12.5708333333333 0 0 0 "CY" 2015
1 2016 1.13571428571429 10.9178571428571 0 0 0 "CY" 2016
1 2017 0.121428571428571 11.3892857142857 0 0 0 "CY" 2017
1 2018 2.36842105263158 13.2842105263158 0 0 0 "CY" 2018
1 2019 6.41111111111111 13.4944444444444 0 0 0 "CY" 2019
2 1977 0.982142857142857 13.6928571428571 0 0 0 "CY" 1977
2 1978 1.42857142857143 13.1821428571429 0 0 0 "CY" 1978
2 1979 0.721428571428571 13.6660714285714 0 0 0 "CY" 1979
2 1980 3.44137931034483 11.4034482758621 0 0 0 "CY" 1980
2 1981 2.775 11.9446428571429 0 0 0 "CY" 1981
2 1982 1.78214285714286 10.2553571428571 0 0 0 "CY" 1982
2 1983 0.753571428571429 10.2 0 0 0 "CY" 1983
2 1984 1.92068965517241 12.8931034482759 0 0 0 "CY" 1984
2 1985 0.721428571428571 10.0053571428571 0 0 0 "CY" 1985
2 1986 1.25 13.0053571428571 0 0 0 "CY" 1986
2 1987 0.721428571428571 13.5071428571429 0 0 0 "CY" 1987
2 1988 2.48275862068966 12.2086206896552 0 0 0 "CY" 1988
2 1989 0.764285714285714 11.1696428571429 0 0 0 "CY" 1989
2 1990 4.14642857142857 11.7303571428571 0 0 0 "CY" 1990
2 1991 1.41785714285714 11.625 0 0 0 "CY" 1991
2 1992 2.00344827586207 8.93448275862069 0 0 0 "CY" 1992
2 1993 1 9.94285714285714 0 0 0 "CY" 1993
2 1994 1.31428571428571 12.4285714285714 0 0 0 "CY" 1994
2 1995 0.7 13.0660714285714 0 0 0 "CY" 1995
2 1996 1.20689655172414 13.0379310344828 0 0 0 "CY" 1996
2 1997 2.50714285714286 10.6339285714286 0 0 0 "CY" 1997
2 1998 0.271428571428571 12.5696428571429 0 0 0 "CY" 1998
2 1999 1.43571428571429 12.8857142857143 0 0 0 "CY" 1999
2 2000 0.879310344827586 11.6844827586207 0 0 0 "CY" 2000
2 2001 4.91666666666667 13.2416666666667 0 0 0 "CY" 2001
2 2002 0.95 13.6339285714286 0 0 0 "CY" 2002
2 2003 2.68571428571429 11.1125 0 0 0 "CY" 2003
2 2004 3.55172413793103 12.0724137931034 0 0 0 "CY" 2004
2 2005 0.610714285714286 11.9392857142857 0 0 0 "CY" 2005
2 2006 0.614285714285714 12.6892857142857 0 0 0 "CY" 2006
2 2007 5.7 13.1428571428571 0 0 0 "CY" 2007
2 2008 0.272413793103448 12.1689655172414 0 0 0 "CY" 2008
2 2009 1.88214285714286 13.3375 0 0 0 "CY" 2009
2 2010 4.26428571428571 14.0178571428571 0 0 0 "CY" 2010
2 2011 1.00357142857143 13.1803571428571 0 0 0 "CY" 2011
2 2012 1.36206896551724 11.4344827586207 0 0 0 "CY" 2012
2 2013 1.34642857142857 13.8660714285714 0 0 0 "CY" 2013
2 2014 1.57647058823529 13.1823529411765 0 0 0 "CY" 2014
2 2015 1.52142857142857 12.5607142857143 0 0 0 "CY" 2015
2 2016 0.166666666666667 15.0916666666667 0 0 0 "CY" 2016
2 2017 0 11.64 0 0 0 "CY" 2017
2 2018 1.5625 14.5 0 0 0 "CY" 2018
3 1977 0.329032258064516 13.4354838709677 0 0 0 "CY" 1977
3 1978 1.31935483870968 13.8129032258065 0 0 0 "CY" 1978
3 1979 1.27741935483871 14.6903225806452 0 0 0 "CY" 1979
3 1980 0.635483870967742 13.0854838709677 0 0 0 "CY" 1980
3 1981 0.632258064516129 14.8516129032258 0 0 0 "CY" 1981
3 1982 1.26774193548387 12.1564516129032 0 0 0 "CY" 1982
3 1983 1.22903225806452 12.358064516129 0 0 0 "CY" 1983
3 1984 1.75806451612903 13.5096774193548 0 0 0 "CY" 1984
3 1985 0.783870967741936 13.2483870967742 0 0 0 "CY" 1985
3 1986 0.216129032258065 14.6322580645161 0 0 0 "CY" 1986
3 1987 4.20967741935484 11.2161290322581 0 0 0 "CY" 1987
3 1988 2.75806451612903 12.8967741935484 0 0 0 "CY" 1988
3 1989 0.92258064516129 14.0758064516129 0 0 0 "CY" 1989
3 1990 0.451612903225806 14.0258064516129 0 0 0 "CY" 1990
3 1991 1.53548387096774 15.1516129032258 0 0 0 "CY" 1991
3 1992 0.470967741935484 12.2645161290323 0 0 0 "CY" 1992
3 1993 1.85806451612903 12.6693548387097 0 0 0 "CY" 1993
3 1994 2.06774193548387 13.8806451612903 0 0 0 "CY" 1994
3 1995 0.290322580645161 14.3048387096774 0 0 0 "CY" 1995
3 1996 0.941935483870968 13.5435483870968 0 0 0 "CY" 1996
3 1997 1 12.6467741935484 0 0 0 "CY" 1997
3 1998 0.796774193548387 13.391935483871 0 0 0 "CY" 1998
3 1999 1.24516129032258 14.7467741935484 0 0 0 "CY" 1999
3 2000 0.580645161290323 12.9435483870968 0 0 0 "CY" 2000
3 2001 0.8 17.35 0 0 0 "CY" 2001
3 2002 1.34838709677419 15.1322580645161 0 0 0 "CY" 2002
3 2003 2.7 12.6612903225806 0 0 0 "CY" 2003
3 2004 0.00967741935483871 14.8951612903226 0 0 0 "CY" 2004
3 2005 0.732258064516129 14.6145161290323 0 0 0 "CY" 2005
3 2006 0.87741935483871 14.041935483871 0 0 0 "CY" 2006
3 2007 1 14.191935483871 0 0 0 "CY" 2007
3 2008 0.235483870967742 16.7564516129032 0 0 0 "CY" 2008
3 2009 1.25161290322581 13.8612903225806 0 0 0 "CY" 2009
3 2010 0.032258064516129 15.6806451612903 0 0 0 "CY" 2010
3 2011 1.2258064516129 14.5532258064516 0 0 0 "CY" 2011
3 2012 1.1 12.9451612903226 0 0 0 "CY" 2012
3 2013 0.2 15.0032258064516 0 0 0 "CY" 2013
3 2014 0.0454545454545455 15.8363636363636 0 0 0 "CY" 2014
3 2015 1.02666666666667 14.66 0 0 0 "CY" 2015
3 2016 0.183333333333333 15.0944444444444 0 0 0 "CY" 2016
3 2017 1.29166666666667 14.3958333333333 0 0 0 "CY" 2017
3 2018 0.0642857142857143 16.3428571428571 0 0 0 "CY" 2018
4 1976 0.6 16.5057692307692 0 0 0 "CY" 1976
4 1977 0.796666666666667 16.55 0 0 0 "CY" 1977
4 1978 0.0466666666666667 16.2016666666667 0 0 0 "CY" 1978
4 1979 0.320689655172414 16.7586206896552 0 0 0 "CY" 1979
4 1980 0.493333333333333 16.2533333333333 0 0 0 "CY" 1980
4 1981 0.173333333333333 16.965 0 0 0 "CY" 1981
4 1982 0.34 16.8716666666667 0 0 0 "CY" 1982
4 1983 0.186666666666667 16.2766666666667 0 0 0 "CY" 1983
4 1984 0.62 15.6683333333333 0 0 0 "CY" 1984
4 1985 0.00666666666666667 17.1033333333333 0 0 0 "CY" 1985
4 1986 0.13 19.15 0 0 0 "CY" 1986
4 1987 0.403333333333333 15.5766666666667 0 0 0 "CY" 1987
4 1988 1.06333333333333 17.7116666666667 0 0 0 "CY" 1988
4 1989 0 19.2 0 0 0 "CY" 1989
4 1990 0.14 16.9783333333333 0 0 0 "CY" 1990
4 1991 0.86 17.525 0 0 0 "CY" 1991
4 1992 0.233333333333333 16.3 0 0 0 "CY" 1992
4 1993 0.336666666666667 16.2333333333333 0 0 0 "CY" 1993
4 1994 0.0333333333333333 18.43 0 0 0 "CY" 1994
4 1995 0.466666666666667 16.1283333333333 0 0 0 "CY" 1995
4 1996 1.18666666666667 15.7233333333333 0 0 0 "CY" 1996
4 1997 0.636666666666667 15.1733333333333 0 0 0 "CY" 1997
4 1998 0.0433333333333333 18.5716666666667 0 0 0 "CY" 1998
4 1999 0.426666666666667 17.44 0 0 0 "CY" 1999
4 2000 1.41666666666667 18.0383333333333 0 0 0 "CY" 2000
4 2001 2.1 21.4333333333333 0 0 0 "CY" 2001
4 2002 1.54666666666667 16.5283333333333 0 0 0 "CY" 2002
4 2003 0.363333333333333 16.745 0 0 0 "CY" 2003
4 2004 0.0566666666666667 17.5266666666667 0 0 0 "CY" 2004
4 2005 0.413333333333333 17.9183333333333 0 0 0 "CY" 2005
4 2006 0.786666666666667 17.7166666666667 0 0 0 "CY" 2006
4 2007 0.423333333333333 16.5183333333333 0 0 0 "CY" 2007
4 2008 0.00666666666666667 18.83 0 0 0 "CY" 2008
4 2009 0.276666666666667 17.7333333333333 0 0 0 "CY" 2009
4 2010 0.0666666666666667 18.2933333333333 0 0 0 "CY" 2010
4 2011 0.686666666666667 17.145 0 0 0 "CY" 2011
4 2012 0.323333333333333 17.39 0 0 0 "CY" 2012
4 2013 0.366666666666667 18.6316666666667 0 0 0 "CY" 2013
4 2014 0.228571428571429 18.1071428571429 0 0 0 "CY" 2014
4 2015 0.1 15.1333333333333 0 0 0 "CY" 2015
4 2016 0.15 19.15 0 0 0 "CY" 2016
4 2017 0.607142857142857 17.25 0 0 0 "CY" 2017
4 2018 0.05625 19.875 0 0 0 "CY" 2018
5 1976 0.535483870967742 20.0451612903226 0 0 0 "CY" 1976
5 1977 0 20.7548387096774 0 0 0 "CY" 1977
5 1978 0.0193548387096774 21.3516129032258 0 0 0 "CY" 1978
5 1979 0.687096774193548 20.2645161290323 0 0 0 "CY" 1979
5 1980 0.251612903225806 19.5322580645161 0 0 0 "CY" 1980
5 1981 0.390322580645161 19.2483870967742 0 0 0 "CY" 1981
5 1982 0.0806451612903226 20.3887096774194 0 0 0 "CY" 1982
5 1983 0 20.3725806451613 0 0 0 "CY" 1983
5 1984 0.0870967741935484 20.7887096774194 0 0 0 "CY" 1984
5 1985 0.00645161290322581 21.0016129032258 0 0 0 "CY" 1985
5 1986 1.49677419354839 19.5354838709677 0 0 0 "CY" 1986
5 1987 0 19.5161290322581 0 0 0 "CY" 1987
5 1988 0.258064516129032 21.0064516129032 0 0 0 "CY" 1988
5 1989 0.558064516129032 21.7145161290323 0 0 0 "CY" 1989
5 1990 0.0290322580645161 20.3967741935484 0 0 0 "CY" 1990
5 1991 0.00645161290322581 20.2887096774194 0 0 0 "CY" 1991
5 1992 1.50967741935484 19.9258064516129 0 0 0 "CY" 1992
5 1993 0.141935483870968 19.3935483870968 0 0 0 "CY" 1993
5 1994 0.0387096774193548 21.5951612903226 0 0 0 "CY" 1994
5 1995 0.729032258064516 21.0741935483871 0 0 0 "CY" 1995
5 1996 0 22.2225806451613 0 0 0 "CY" 1996
5 1997 0.067741935483871 21.2306451612903 0 0 0 "CY" 1997
5 1998 0.503225806451613 21.4387096774194 0 0 0 "CY" 1998
5 1999 0 22.5629032258065 0 0 0 "CY" 1999
5 2000 0.00645161290322581 21.5725806451613 0 0 0 "CY" 2000
5 2001 0.833333333333333 19.5 0 0 0 "CY" 2001
5 2002 0.129032258064516 20.1306451612903 0 0 0 "CY" 2002
5 2003 0.167741935483871 23.8774193548387 0 0 0 "CY" 2003
5 2004 0.0032258064516129 20.6161290322581 0 0 0 "CY" 2004
5 2005 0.509677419354839 21.3145161290323 0 0 0 "CY" 2005
5 2006 0.0580645161290323 21.3758064516129 0 0 0 "CY" 2006
5 2007 1.39032258064516 22.2274193548387 0 0 0 "CY" 2007
5 2008 0.9 21.1741935483871 0 0 0 "CY" 2008
5 2009 0.103225806451613 21.3403225806452 0 0 0 "CY" 2009
5 2010 0.0290322580645161 21.7854838709677 0 0 0 "CY" 2010
5 2011 0.158064516129032 21.008064516129 0 0 0 "CY" 2011
5 2012 0.887096774193548 21.4322580645161 0 0 0 "CY" 2012
5 2013 0.0806451612903226 22.9177419354839 0 0 0 "CY" 2013
5 2014 0.045 21.2425 0 0 0 "CY" 2014
5 2015 0.0166666666666667 21.4527777777778 0 0 0 "CY" 2015
5 2016 0 21.6633333333333 0 0 0 "CY" 2016
5 2017 1.66875 21.440625 0 0 0 "CY" 2017
5 2018 1.77857142857143 23.5285714285714 0 0 0 "CY" 2018
6 1976 0 23.4616666666667 0 0 0 "CY" 1976
6 1977 0 23.8266666666667 0 0 0 "CY" 1977
6 1978 0 24.5 0 0 0 "CY" 1978
6 1979 0.0166666666666667 25.1283333333333 0 0 0 "CY" 1979
6 1980 0 23.72 0 0 0 "CY" 1980
6 1981 0.676666666666667 24.4616666666667 0 0 0 "CY" 1981
6 1982 0.0833333333333333 23.8616666666667 0 0 0 "CY" 1982
6 1983 0 23.63 0 0 0 "CY" 1983
6 1984 0 24.055 0 0 0 "CY" 1984
6 1985 0 23.365 0 0 0 "CY" 1985
6 1986 0.0133333333333333 24.7733333333333 0 0 0 "CY" 1986
6 1987 0 23.6333333333333 0 0 0 "CY" 1987
6 1988 0.0666666666666667 24.4416666666667 0 0 0 "CY" 1988
6 1989 0 23.515 0 0 0 "CY" 1989
6 1990 0 24.265 0 0 0 "CY" 1990
6 1991 0 24.2383333333333 0 0 0 "CY" 1991
6 1992 0.816666666666667 23.6616666666667 0 0 0 "CY" 1992
6 1993 0.5 24.4 0 0 0 "CY" 1993
6 1994 0 24.895 0 0 0 "CY" 1994
6 1995 0 25.5716666666667 0 0 0 "CY" 1995
6 1996 0 25.285 0 0 0 "CY" 1996
6 1997 0 24.7666666666667 0 0 0 "CY" 1997
6 1998 0 25.2816666666667 0 0 0 "CY" 1998
6 1999 0 25.18 0 0 0 "CY" 1999
6 2000 0 26.62 0 0 0 "CY" 2000
6 2002 0 25.1183333333333 0 0 0 "CY" 2002
6 2003 0.233333333333333 25.465 0 0 0 "CY" 2003
6 2004 0.0333333333333333 24.895 0 0 0 "CY" 2004
6 2005 0.00666666666666667 24.7366666666667 0 0 0 "CY" 2005
6 2006 0.0333333333333333 25.2183333333333 0 0 0 "CY" 2006
6 2007 0.0166666666666667 25.8983333333333 0 0 0 "CY" 2007
6 2008 0.0133333333333333 26.195 0 0 0 "CY" 2008
6 2009 0.00333333333333333 26.7333333333333 0 0 0 "CY" 2009
6 2010 0.193333333333333 25.0433333333333 0 0 0 "CY" 2010
6 2011 0.00666666666666667 25.12 0 0 0 "CY" 2011
6 2012 0.01 25.64 0 0 0 "CY" 2012
6 2013 0 25.7083333333333 0 0 0 "CY" 2013
6 2014 0.142857142857143 24.1035714285714 0 0 0 "CY" 2014
6 2015 0.0529411764705882 23.8058823529412 0 0 0 "CY" 2015
6 2016 0.0176470588235294 26.1588235294118 0 0 0 "CY" 2016
6 2017 0.11875 25.2125 0 0 0 "CY" 2017
6 2018 0.02 25.67 0 0 0 "CY" 2018
7 1976 0 25.6854838709677 0 0 0 "CY" 1976
7 1977 0 27.4032258064516 0 0 0 "CY" 1977
7 1978 0 27.45 0 0 0 "CY" 1978
7 1979 0 26.8806451612903 0 0 0 "CY" 1979
7 1980 0 26.308064516129 0 0 0 "CY" 1980
7 1981 0 26.7290322580645 0 0 0 "CY" 1981
7 1982 0 25.5532258064516 0 0 0 "CY" 1982
7 1983 0 26.6177419354839 0 0 0 "CY" 1983
7 1984 0 25.9241935483871 0 0 0 "CY" 1984
7 1985 0 26.2338709677419 0 0 0 "CY" 1985
7 1986 0 25.9451612903226 0 0 0 "CY" 1986
7 1987 0 26.9064516129032 0 0 0 "CY" 1987
7 1988 0 28.7241935483871 0 0 0 "CY" 1988
7 1989 0 26.8451612903226 0 0 0 "CY" 1989
7 1990 0 26.5516129032258 0 0 0 "CY" 1990
7 1991 0 26.1870967741935 0 0 0 "CY" 1991
7 1992 0.0709677419354839 26.0032258064516 0 0 0 "CY" 1992
7 1993 0 27.1435483870968 0 0 0 "CY" 1993
7 1994 0 26.4774193548387 0 0 0 "CY" 1994
7 1995 0 27.1145161290323 0 0 0 "CY" 1995
7 1996 0 27.55 0 0 0 "CY" 1996
7 1997 0 27.5870967741935 0 0 0 "CY" 1997
7 1998 0 27.6145161290323 0 0 0 "CY" 1998
7 1999 0 27.958064516129 0 0 0 "CY" 1999
7 2000 0 28.9016129032258 0 0 0 "CY" 2000
7 2002 0 28.3096774193548 0 0 0 "CY" 2002
7 2003 0.0225806451612903 28.1645161290323 0 0 0 "CY" 2003
7 2004 0.0387096774193548 27.7145161290323 0 0 0 "CY" 2004
7 2005 0.0258064516129032 27.2709677419355 0 0 0 "CY" 2005
7 2006 0.0709677419354839 27.308064516129 0 0 0 "CY" 2006
7 2007 0.0290322580645161 28.4741935483871 0 0 0 "CY" 2007
7 2008 0.067741935483871 27.8596774193548 0 0 0 "CY" 2008
7 2009 0.0129032258064516 28.6338709677419 0 0 0 "CY" 2009
7 2010 0 27.5161290322581 0 0 0 "CY" 2010
7 2011 0.00645161290322581 27.7145161290323 0 0 0 "CY" 2011
7 2012 0 29.3370967741935 0 0 0 "CY" 2012
7 2013 0.0129032258064516 27.6645161290323 0 0 0 "CY" 2013
7 2014 0 27.1875 0 0 0 "CY" 2014
7 2015 0.03 27.075 0 0 0 "CY" 2015
7 2016 0.0176470588235294 28.3705882352941 0 0 0 "CY" 2016
7 2017 0 28.5166666666667 0 0 0 "CY" 2017
7 2018 0.0214285714285714 28.0071428571429 0 0 0 "CY" 2018
8 1976 0 25.2 0 0 0 "CY" 1976
8 1977 0 27.2967741935484 0 0 0 "CY" 1977
8 1978 0 25.9967741935484 0 0 0 "CY" 1978
8 1979 0 25.5112903225806 0 0 0 "CY" 1979
8 1980 0 26.8129032258065 0 0 0 "CY" 1980
8 1981 0 27.0096774193548 0 0 0 "CY" 1981
8 1982 0 26.6241935483871 0 0 0 "CY" 1982
8 1983 0 26.1564516129032 0 0 0 "CY" 1983
8 1984 0 25.9032258064516 0 0 0 "CY" 1984
8 1985 0 27.6451612903226 0 0 0 "CY" 1985
8 1986 0.0129032258064516 26.808064516129 0 0 0 "CY" 1986
8 1987 0 27.2145161290323 0 0 0 "CY" 1987
8 1988 0 27.9306451612903 0 0 0 "CY" 1988
8 1989 0 26.5161290322581 0 0 0 "CY" 1989
8 1990 0 26.9161290322581 0 0 0 "CY" 1990
8 1991 0 26.8645161290323 0 0 0 "CY" 1991
8 1992 0.319354838709677 27.4370967741935 0 0 0 "CY" 1992
8 1993 0 27.5983870967742 0 0 0 "CY" 1993
8 1994 0 27.3822580645161 0 0 0 "CY" 1994
8 1995 0 27.7741935483871 0 0 0 "CY" 1995
8 1996 0 27.3629032258065 0 0 0 "CY" 1996
8 1997 0 25.708064516129 0 0 0 "CY" 1997
8 1998 0 29.2290322580645 0 0 0 "CY" 1998
8 1999 0 28.1725806451613 0 0 0 "CY" 1999
8 2000 0 28.4145161290323 0 0 0 "CY" 2000
8 2002 0.00645161290322581 28.2790322580645 0 0 0 "CY" 2002
8 2003 0.032258064516129 28.3725806451613 0 0 0 "CY" 2003
8 2004 0.0032258064516129 27.15 0 0 0 "CY" 2004
8 2005 0.00645161290322581 27.7193548387097 0 0 0 "CY" 2005
8 2006 0.0419354838709677 27.7451612903226 0 0 0 "CY" 2006
8 2007 0 28.2241935483871 0 0 0 "CY" 2007
8 2008 0.032258064516129 28.6645161290323 0 0 0 "CY" 2008
8 2009 0 28.591935483871 0 0 0 "CY" 2009
8 2010 0 29.9064516129032 0 0 0 "CY" 2010
8 2011 0.0645161290322581 28.2854838709677 0 0 0 "CY" 2011
8 2012 0 29.3177419354839 0 0 0 "CY" 2012
8 2013 0.00645161290322581 28.4629032258064 0 0 0 "CY" 2013
8 2014 0.0272727272727273 28.1545454545455 0 0 0 "CY" 2014
8 2015 0 29.5529411764706 0 0 0 "CY" 2015
8 2016 0 28.1714285714286 0 0 0 "CY" 2016
8 2017 0.0166666666666667 28.2416666666667 0 0 0 "CY" 2017
8 2018 0.0157894736842105 28.6815789473684 0 0 0 "CY" 2018
9 1976 0.12 22.955 0 0 0 "CY" 1976
9 1977 0.00666666666666667 24.655 0 0 0 "CY" 1977
9 1978 0.0166666666666667 23.5516666666667 0 0 0 "CY" 1978
9 1979 0.57 24.8216666666667 0 0 0 "CY" 1979
9 1980 0 23.9083333333333 0 0 0 "CY" 1980
9 1981 0 25.0266666666667 0 0 0 "CY" 1981
9 1982 0 25.2083333333333 0 0 0 "CY" 1982
9 1983 0 24.13 0 0 0 "CY" 1983
9 1984 0 24.3283333333333 0 0 0 "CY" 1984
9 1985 0 24.99 0 0 0 "CY" 1985
9 1986 0.123333333333333 25.8133333333333 0 0 0 "CY" 1986
9 1987 0 25.575 0 0 0 "CY" 1987
9 1988 0 25.0533333333333 0 0 0 "CY" 1988
9 1989 0 24.495 0 0 0 "CY" 1989
9 1990 0 24.5566666666667 0 0 0 "CY" 1990
9 1991 0 24.8016666666667 0 0 0 "CY" 1991
9 1992 0.173333333333333 24.8216666666667 0 0 0 "CY" 1992
9 1993 0 24.8833333333333 0 0 0 "CY" 1993
9 1994 0 27.2133333333333 0 0 0 "CY" 1994
9 1995 0 25.0566666666667 0 0 0 "CY" 1995
9 1996 0 24.9916666666667 0 0 0 "CY" 1996
9 1997 0.483333333333333 24.3033333333333 0 0 0 "CY" 1997
9 1998 0.0266666666666667 25.895 0 0 0 "CY" 1998
9 1999 0.293333333333333 25.9683333333333 0 0 0 "CY" 1999
9 2000 0.05 25.8866666666667 0 0 0 "CY" 2000
9 2002 1.47333333333333 25.9066666666667 0 0 0 "CY" 2002
9 2003 0.396666666666667 25.5916666666667 0 0 0 "CY" 2003
9 2004 0 25.42 0 0 0 "CY" 2004
9 2005 0.363333333333333 25.7133333333333 0 0 0 "CY" 2005
9 2006 0 26.0833333333333 0 0 0 "CY" 2006
9 2007 0 25.8366666666667 0 0 0 "CY" 2007
9 2008 0.286666666666667 25.8066666666667 0 0 0 "CY" 2008
9 2009 0.423333333333333 25.4966666666667 0 0 0 "CY" 2009
9 2010 0 27.155 0 0 0 "CY" 2010
9 2011 0.0466666666666667 26.23 0 0 0 "CY" 2011
9 2012 0 26.0633333333333 0 0 0 "CY" 2012
9 2013 0.113333333333333 25.56 0 0 0 "CY" 2013
9 2014 0.764705882352941 25.9794117647059 0 0 0 "CY" 2014
9 2015 0 27.59375 0 0 0 "CY" 2015
9 2016 0 26.525 0 0 0 "CY" 2016
9 2017 0 26.4473684210526 0 0 0 "CY" 2017
9 2018 0 26.8961538461538 0 0 0 "CY" 2018
10 1976 0.751612903225806 21.291935483871 0 0 0 "CY" 1976
10 1977 0.0290322580645161 20.1693548387097 0 0 0 "CY" 1977
10 1978 0.516129032258065 21.708064516129 0 0 0 "CY" 1978
10 1979 0.554838709677419 21.9516129032258 0 0 0 "CY" 1979
10 1980 0.603225806451613 21.1935483870968 0 0 0 "CY" 1980
10 1981 0 22.9354838709677 0 0 0 "CY" 1981
10 1982 0.280645161290323 21.8693548387097 0 0 0 "CY" 1982
10 1983 0.267741935483871 20.4951612903226 0 0 0 "CY" 1983
10 1984 1.85806451612903 21.8645161290323 0 0 0 "CY" 1984
10 1985 1.9741935483871 20.0612903225806 0 0 0 "CY" 1985
10 1986 0.293548387096774 21.5774193548387 0 0 0 "CY" 1986
10 1987 0.519354838709677 20.8306451612903 0 0 0 "CY" 1987
10 1988 1.34516129032258 20.8774193548387 0 0 0 "CY" 1988
10 1989 1.08064516129032 20.5209677419355 0 0 0 "CY" 1989
10 1990 0.0354838709677419 22.4677419354839 0 0 0 "CY" 1990
10 1991 0.396774193548387 22.3241935483871 0 0 0 "CY" 1991
10 1992 0 21.8274193548387 0 0 0 "CY" 1992
10 1993 0.580645161290323 24.2467741935484 0 0 0 "CY" 1993
10 1994 0.212903225806452 24.6548387096774 0 0 0 "CY" 1994
10 1995 0.174193548387097 21.758064516129 0 0 0 "CY" 1995
10 1996 1.19032258064516 21.0451612903226 0 0 0 "CY" 1996
10 1997 1.90322580645161 21.9822580645161 0 0 0 "CY" 1997
10 1998 0.0129032258064516 22.9290322580645 0 0 0 "CY" 1998
10 1999 0.158064516129032 23.1983870967742 0 0 0 "CY" 1999
10 2000 0.770967741935484 21.9661290322581 0 0 0 "CY" 2000
10 2001 1.5 17.95 0 0 0 "CY" 2001
10 2002 0.119354838709677 23.3854838709677 0 0 0 "CY" 2002
10 2003 0.303225806451613 22.4645161290323 0 0 0 "CY" 2003
10 2004 0.0193548387096774 23.9129032258065 0 0 0 "CY" 2004
10 2005 0.412903225806452 21.4709677419355 0 0 0 "CY" 2005
10 2006 1.87741935483871 22.1241935483871 0 0 0 "CY" 2006
10 2007 0.129032258064516 23.2241935483871 0 0 0 "CY" 2007
10 2008 0.561290322580645 22.3774193548387 0 0 0 "CY" 2008
10 2009 0.941935483870968 24.0016129032258 0 0 0 "CY" 2009
10 2010 0.0838709677419355 23.5483870967742 0 0 0 "CY" 2010
10 2011 0.167741935483871 22.1 0 0 0 "CY" 2011
10 2012 0.883870967741936 23.5967741935484 0 0 0 "CY" 2012
10 2013 0.0774193548387097 21.3661290322581 0 0 0 "CY" 2013
10 2014 0.0357142857142857 22.5678571428571 0 0 0 "CY" 2014
10 2015 0.91 23.585 0 0 0 "CY" 2015
10 2016 0 23.4928571428571 0 0 0 "CY" 2016
10 2017 0.436363636363636 21.9227272727273 0 0 0 "CY" 2017
10 2018 0.03125 23.515625 0 0 0 "CY" 2018
11 1976 1.97333333333333 17.5116666666667 0 0 0 "CY" 1976
11 1977 0.236666666666667 17.44 0 0 0 "CY" 1977
11 1978 0.89 15.445 0 0 0 "CY" 1978
11 1979 0.586666666666667 18.65 0 0 0 "CY" 1979
11 1980 0.08 17.97 0 0 0 "CY" 1980
11 1981 3.06 15.55 0 0 0 "CY" 1981
11 1982 1.96333333333333 15.085 0 0 0 "CY" 1982
11 1983 2.21666666666667 18.3066666666667 0 0 0 "CY" 1983
11 1984 5.16 16.5616666666667 0 0 0 "CY" 1984
11 1985 0.416666666666667 18.2116666666667 0 0 0 "CY" 1985
11 1986 0.446666666666667 15.3433333333333 0 0 0 "CY" 1986
11 1987 0.343333333333333 16.48 0 0 0 "CY" 1987
11 1988 0.93 14.8183333333333 0 0 0 "CY" 1988
11 1989 1.34333333333333 17.3983333333333 0 0 0 "CY" 1989
11 1990 1.03333333333333 18.5816666666667 0 0 0 "CY" 1990
11 1991 2.02333333333333 17.73 0 0 0 "CY" 1991
11 1992 2.97 16.9633333333333 0 0 0 "CY" 1992
11 1993 1.13333333333333 16.4666666666667 0 0 0 "CY" 1993
11 1994 7.80333333333333 16.7233333333333 0 0 0 "CY" 1994
11 1995 1.9 14.87 0 0 0 "CY" 1995
11 1996 0.256666666666667 18.7966666666667 0 0 0 "CY" 1996
11 1997 2.98333333333333 18.2366666666667 0 0 0 "CY" 1997
11 1998 1.24 19.35 0 0 0 "CY" 1998
11 1999 0.913333333333333 17.9 0 0 0 "CY" 1999
11 2000 4.02 18.4583333333333 0 0 0 "CY" 2000
11 2001 3.1 17.9833333333333 0 0 0 "CY" 2001
11 2002 0.46 19.105 0 0 0 "CY" 2002
11 2003 0.106666666666667 18.1016666666667 0 0 0 "CY" 2003
11 2004 1.35666666666667 18.5733333333333 0 0 0 "CY" 2004
11 2005 1.64333333333333 16.8983333333333 0 0 0 "CY" 2005
11 2006 0.12 16.58 0 0 0 "CY" 2006
11 2007 0.573333333333333 18.3466666666667 0 0 0 "CY" 2007
11 2008 1.14 19.3616666666667 0 0 0 "CY" 2008
11 2009 0.35 18.365 0 0 0 "CY" 2009
11 2010 0 20.2866666666667 0 0 0 "CY" 2010
11 2011 4.20666666666667 15.8116666666667 0 0 0 "CY" 2011
11 2012 1.85333333333333 19.5866666666667 0 0 0 "CY" 2012
11 2013 0.0466666666666667 19.8216666666667 0 0 0 "CY" 2013
11 2014 0.942857142857143 17.3035714285714 0 0 0 "CY" 2014
11 2015 0 19.0642857142857 0 0 0 "CY" 2015
11 2016 0.025 17.7666666666667 0 0 0 "CY" 2016
11 2017 1.30833333333333 18.3083333333333 0 0 0 "CY" 2017
11 2018 0 18.89 0 0 0 "CY" 2018
12 1976 2.90645161290323 14.1225806451613 0 0 0 "CY" 1976
12 1977 4.4 12.5951612903226 0 0 0 "CY" 1977
12 1978 6.78387096774193 14.0951612903226 0 0 0 "CY" 1978
12 1979 3.99677419354839 12.9548387096774 0 0 0 "CY" 1979
12 1980 1.85161290322581 13.4258064516129 0 0 0 "CY" 1980
12 1981 1.15806451612903 14.6677419354839 0 0 0 "CY" 1981
12 1982 1.45806451612903 12.0661290322581 0 0 0 "CY" 1982
12 1983 1.08064516129032 14.2112903225806 0 0 0 "CY" 1983
12 1984 4.39354838709677 12.2645161290323 0 0 0 "CY" 1984
12 1985 2.29354838709677 13.5774193548387 0 0 0 "CY" 1985
12 1986 1.30645161290323 12.7193548387097 0 0 0 "CY" 1986
12 1987 4.50967741935484 13.4725806451613 0 0 0 "CY" 1987
12 1988 3.9741935483871 12.7661290322581 0 0 0 "CY" 1988
12 1989 1.46129032258065 13.3887096774194 0 0 0 "CY" 1989
12 1990 0.454838709677419 14.6161290322581 0 0 0 "CY" 1990
12 1991 12.841935483871 11.858064516129 0 0 0 "CY" 1991
12 1992 1.02903225806452 10.9677419354839 0 0 0 "CY" 1992
12 1993 0.816129032258065 15.008064516129 0 0 0 "CY" 1993
12 1994 0.62258064516129 12.1483870967742 0 0 0 "CY" 1994
12 1995 0.32258064516129 12.8096774193548 0 0 0 "CY" 1995
12 1996 1.5 15.4370967741935 0 0 0 "CY" 1996
12 1997 1.23225806451613 14.3451612903226 0 0 0 "CY" 1997
12 1998 2.36451612903226 14.8306451612903 0 0 0 "CY" 1998
12 1999 1.64193548387097 15.2370967741935 0 0 0 "CY" 1999
12 2000 4.40333333333333 14.4416666666667 0 0 0 "CY" 2000
12 2001 2.9 12.7 0 0 0 "CY" 2001
12 2002 4.40645161290323 13.4790322580645 0 0 0 "CY" 2002
12 2003 6.55806451612903 14.7129032258065 0 0 0 "CY" 2003
12 2004 2.21290322580645 13.5806451612903 0 0 0 "CY" 2004
12 2005 0.303225806451613 15.1725806451613 0 0 0 "CY" 2005
12 2006 0.270967741935484 13.2887096774194 0 0 0 "CY" 2006
12 2007 1.22258064516129 14.091935483871 0 0 0 "CY" 2007
12 2008 1.27096774193548 14.6241935483871 0 0 0 "CY" 2008
12 2009 4.72258064516129 15.6274193548387 0 0 0 "CY" 2009
12 2010 2.7741935483871 16.5241935483871 0 0 0 "CY" 2010
12 2011 3.2 13.6403225806452 0 0 0 "CY" 2011
12 2012 5.68387096774194 14.9758064516129 0 0 0 "CY" 2012
12 2013 1.54666666666667 13.0833333333333 0 0 0 "CY" 2013
12 2014 2.29230769230769 15.6346153846154 0 0 0 "CY" 2014
12 2015 0.463636363636364 14.4909090909091 0 0 0 "CY" 2015
12 2016 2.88888888888889 12.2333333333333 0 0 0 "CY" 2016
12 2017 0.05 15.4708333333333 0 0 0 "CY" 2017
12 2018 11.9666666666667 15.5083333333333 0 0 0 "CY" 2018
1 1986 5.48387096774194 5 0 0 0 "CY" 1986
1 1987 6.0741935483871 5.64193548387097 0 0 0 "CY" 1987
1 1988 5.54838709677419 4.34677419354839 0 0 0 "CY" 1988
1 1989 8.73870967741935 2.16129032258065 0 0 0 "CY" 1989
1 1990 1.14838709677419 2.88709677419355 0 0 0 "CY" 1990
1 1991 4.23870967741935 3.91935483870968 0 0 0 "CY" 1991
1 1992 0.890322580645161 1.70161290322581 0 0 0 "CY" 1992
1 1993 4.16774193548387 3.0758064516129 0 0 0 "CY" 1993
1 1994 9.18709677419355 6.13064516129032 0 0 0 "CY" 1994
1 1995 3.74516129032258 4.33709677419355 0 0 0 "CY" 1995
1 1996 6.74193548387097 3.40322580645161 0 0 0 "CY" 1996
1 1997 0.72258064516129 5.85 0 0 0 "CY" 1997
1 1998 2.21290322580645 4.16129032258065 0 0 0 "CY" 1998
1 1999 3.74193548387097 5.01612903225806 0 0 0 "CY" 1999
1 2000 6.41290322580645 1.50161290322581 0 0 0 "CY" 2000
1 2002 6.15172413793103 2.31379310344828 0 0 0 "CY" 2002
1 2003 3.17741935483871 6.14838709677419 0 0 0 "CY" 2003
1 2004 17.7483870967742 2.71451612903226 0 0 0 "CY" 2004
1 2010 8.42903225806452 6.29677419354839 0 0 0 "CY" 2010
1 2011 4.57741935483871 4.24193548387097 0 0 0 "CY" 2011
1 2012 16.4032258064516 2.51129032258065 0 0 0 "CY" 2012
2 1986 3.42857142857143 5.66964285714286 0 0 0 "CY" 1986
2 1987 4.15357142857143 6.875 0 0 0 "CY" 1987
2 1988 6.84137931034483 3.88793103448276 0 0 0 "CY" 1988
2 1989 1.08214285714286 3.73214285714286 0 0 0 "CY" 1989
2 1990 10.3928571428571 3.11607142857143 0 0 0 "CY" 1990
2 1991 4.48571428571429 4 0 0 0 "CY" 1991
2 1992 4.39655172413793 -0.122413793103448 0 0 0 "CY" 1992
2 1993 4.73214285714286 1.08035714285714 0 0 0 "CY" 1993
2 1994 6.02857142857143 4.55535714285714 0 0 0 "CY" 1994
2 1995 2.225 5.75 0 0 0 "CY" 1995
2 1996 4.86551724137931 5.07241379310345 0 0 0 "CY" 1996
2 1997 5.26071428571429 2.53214285714286 0 0 0 "CY" 1997
2 1998 1.14285714285714 5.29107142857143 0 0 0 "CY" 1998
2 1999 2.43684210526316 4.62105263157895 0 0 0 "CY" 1999
2 2000 5.51071428571429 2.99107142857143 0 0 0 "CY" 2000
2 2002 4.325 7.625 0 0 0 "CY" 2002
2 2003 8.24285714285714 1.70357142857143 0 0 0 "CY" 2003
2 2004 4.16896551724138 4.12586206896552 0 0 0 "CY" 2004
2 2010 7.65357142857143 6.55714285714286 0 0 0 "CY" 2010
2 2011 4.97142857142857 4.74464285714286 0 0 0 "CY" 2011
2 2012 8.62758620689655 2.86034482758621 0 0 0 "CY" 2012
3 1986 3.16129032258065 8.80645161290323 0 0 0 "CY" 1986
3 1987 12.7709677419355 2.5741935483871 0 0 0 "CY" 1987
3 1988 11.6967741935484 5 0 0 0 "CY" 1988
3 1989 1.47741935483871 7.96774193548387 0 0 0 "CY" 1989
3 1990 1.71612903225806 7.83064516129032 0 0 0 "CY" 1990
3 1991 3.56451612903226 9.19354838709677 0 0 0 "CY" 1991
3 1992 2.20967741935484 3.90806451612903 0 0 0 "CY" 1992
3 1993 4.1 5.91935483870968 0 0 0 "CY" 1993
3 1994 2.93548387096774 7.42741935483871 0 0 0 "CY" 1994
3 1995 1.81935483870968 7.25 0 0 0 "CY" 1995
3 1996 3.18064516129032 5.47096774193548 0 0 0 "CY" 1996
3 1997 3.68064516129032 3.82741935483871 0 0 0 "CY" 1997
3 1998 5.93225806451613 4.79516129032258 0 0 0 "CY" 1998
3 2000 2.22258064516129 5.78870967741936 0 0 0 "CY" 2000
3 2002 3.80967741935484 8.80322580645161 0 0 0 "CY" 2002
3 2003 5.8741935483871 4.30806451612903 0 0 0 "CY" 2003
3 2004 0.0387096774193548 9.38225806451613 0 0 0 "CY" 2004
3 2010 0.0354838709677419 10.1790322580645 0 0 0 "CY" 2010
3 2011 4.35483870967742 6.90806451612903 0 0 0 "CY" 2011
3 2012 3.89677419354839 5.41774193548387 0 0 0 "CY" 2012
4 1986 0.673333333333333 13.5083333333333 0 0 0 "CY" 1986
4 1987 2.18 9.025 0 0 0 "CY" 1987
4 1988 1.19333333333333 11.7833333333333 0 0 0 "CY" 1988
4 1989 0.573333333333333 16.525 0 0 0 "CY" 1989
4 1990 0.11 11.4666666666667 0 0 0 "CY" 1990
4 1991 0.866666666666667 12.375 0 0 0 "CY" 1991
4 1992 1.05333333333333 10.5916666666667 0 0 0 "CY" 1992
4 1993 0.7 11.7916666666667 0 0 0 "CY" 1993
4 1994 1.57 13.8083333333333 0 0 0 "CY" 1994
4 1995 0.67 9.90833333333333 0 0 0 "CY" 1995
4 1996 1.24333333333333 8.845 0 0 0 "CY" 1996
4 1997 3.31333333333333 7.83333333333333 0 0 0 "CY" 1997
4 1998 1.26333333333333 12.575 0 0 0 "CY" 1998
4 1999 0.223333333333333 11.9683333333333 0 0 0 "CY" 1999
4 2000 4.97333333333333 12.1683333333333 0 0 0 "CY" 2000
4 2002 1.76 10.1616666666667 0 0 0 "CY" 2002
4 2003 2.02666666666667 10.425 0 0 0 "CY" 2003
4 2004 0.527586206896552 11.148275862069 0 0 0 "CY" 2004
4 2010 1.36666666666667 12.0883333333333 0 0 0 "CY" 2010
4 2011 3.17666666666667 9.52833333333333 0 0 0 "CY" 2011
4 2012 1.42666666666667 12.3133333333333 0 0 0 "CY" 2012
5 1986 2.28387096774194 12.8306451612903 0 0 0 "CY" 1986
5 1987 0.609677419354839 15.1693548387097 0 0 0 "CY" 1987
5 1988 0.287096774193548 17.2661290322581 0 0 0 "CY" 1988
5 1989 0.716129032258064 17.2016129032258 0 0 0 "CY" 1989
5 1990 0.0612903225806452 16.1451612903226 0 0 0 "CY" 1990
5 1991 0.174193548387097 15.0806451612903 0 0 0 "CY" 1991
5 1992 2.59354838709677 14.6451612903226 0 0 0 "CY" 1992
5 1993 2.07741935483871 13.3306451612903 0 0 0 "CY" 1993
5 1994 0.6 16.7983870967742 0 0 0 "CY" 1994
5 1995 0.883870967741936 16.8548387096774 0 0 0 "CY" 1995
5 1996 0.42258064516129 18.008064516129 0 0 0 "CY" 1996
5 1997 0.661290322580645 17.5403225806452 0 0 0 "CY" 1997
5 1998 1.01034482758621 14.9586206896552 0 0 0 "CY" 1998
5 1999 0 18.7145161290323 0 0 0 "CY" 1999
5 2000 0.47741935483871 15.7967741935484 0 0 0 "CY" 2000
5 2002 1.61612903225806 15.0161290322581 0 0 0 "CY" 2002
5 2003 0.916129032258065 18.441935483871 0 0 0 "CY" 2003
5 2004 0.654838709677419 15.5096774193548 0 0 0 "CY" 2004
5 2010 0.148387096774194 16.9790322580645 0 0 0 "CY" 2010
5 2011 2.40645161290323 13.5645161290323 0 0 0 "CY" 2011
6 1976 0.47 19.225 0 0 0 "CY" 1976
6 1977 0.383333333333333 20.3333333333333 0 0 0 "CY" 1977
6 1978 0 20.925 0 0 0 "CY" 1978
6 1979 2.70333333333333 19.4666666666667 0 0 0 "CY" 1979
6 1980 0 20.8666666666667 0 0 0 "CY" 1980
6 1981 0.53 20.1616666666667 0 0 0 "CY" 1981
6 1982 2.16666666666667 18.8533333333333 0 0 0 "CY" 1982
6 1983 0.29 18.5316666666667 0 0 0 "CY" 1983
6 1984 0.336666666666667 20.0333333333333 0 0 0 "CY" 1984
6 1985 0.4 20.6166666666667 0 0 0 "CY" 1985
6 2005 3.21333333333333 19.3416666666667 0 0 0 "CY" 2005
6 2006 1.05714285714286 20.2821428571429 0 0 0 "CY" 2006
6 2007 0.816666666666667 20.5733333333333 0 0 0 "CY" 2007
6 2008 0.24 22.25 0 0 0 "CY" 2008
6 2009 0 21.6116666666667 0 0 0 "CY" 2009
6 2010 0.3 18.8416666666667 0 0 0 "CY" 2010
6 2011 0.253333333333333 19.0516666666667 0 0 0 "CY" 2011
7 1976 0.645161290322581 21.2661290322581 0 0 0 "CY" 1976
7 1977 2.27741935483871 23.5403225806452 0 0 0 "CY" 1977
7 1978 0 25.1451612903226 0 0 0 "CY" 1978
7 1979 0 22.2774193548387 0 0 0 "CY" 1979
7 1980 0 24.2016129032258 0 0 0 "CY" 1980
7 1981 0 22.9677419354839 0 0 0 "CY" 1981
7 1982 2.79677419354839 20.6645161290323 0 0 0 "CY" 1982
7 1983 0.193548387096774 21.9016129032258 0 0 0 "CY" 1983
7 1984 0.0161290322580645 22.7822580645161 0 0 0 "CY" 1984
7 1985 0.0161290322580645 22.3951612903226 0 0 0 "CY" 1985
7 2005 0 23.8612903225806 0 0 0 "CY" 2005
7 2006 1.55483870967742 22.4193548387097 0 0 0 "CY" 2006
7 2007 0.435483870967742 24.3790322580645 0 0 0 "CY" 2007
7 2008 0.361290322580645 23.8822580645161 0 0 0 "CY" 2008
7 2009 0.116129032258065 23.1451612903226 0 0 0 "CY" 2009
7 2010 1.25806451612903 22.9225806451613 0 0 0 "CY" 2010
7 2011 0 23.4645161290323 0 0 0 "CY" 2011
8 1976 0 21.8677419354839 0 0 0 "CY" 1976
8 1977 0 24.5596774193548 0 0 0 "CY" 1977
8 1978 0 22.5725806451613 0 0 0 "CY" 1978
8 1979 0.364516129032258 22.1741935483871 0 0 0 "CY" 1979
8 1980 0.348387096774194 23.0193548387097 0 0 0 "CY" 1980
8 1981 0 22.615 0 0 0 "CY" 1981
8 1982 0.6 22.2596774193548 0 0 0 "CY" 1982
8 1983 0.103225806451613 21.4258064516129 0 0 0 "CY" 1983
8 1984 0.696774193548387 20.8064516129032 0 0 0 "CY" 1984
8 1985 0 24.6451612903226 0 0 0 "CY" 1985
8 2005 0.641935483870968 23.1209677419355 0 0 0 "CY" 2005
8 2006 0 24.4451612903226 0 0 0 "CY" 2006
8 2007 1.4258064516129 23.1935483870968 0 0 0 "CY" 2007
8 2008 0.667741935483871 24.6387096774194 0 0 0 "CY" 2008
8 2009 1.71612903225806 22.4258064516129 0 0 0 "CY" 2009
8 2010 0 26.2516129032258 0 0 0 "CY" 2010
8 2011 0.425806451612903 23.0548387096774 0 0 0 "CY" 2011
9 1976 0 19.1416666666667 0 0 0 "CY" 1976
9 1977 0.01 19.8983333333333 0 0 0 "CY" 1977
9 1978 0.05 18.385 0 0 0 "CY" 1978
9 1979 0.00666666666666667 19.9633333333333 0 0 0 "CY" 1979
9 1980 0.00333333333333333 18.3783333333333 0 0 0 "CY" 1980
9 1981 0 20.1016666666667 0 0 0 "CY" 1981
9 1982 0.0433333333333333 19.8316666666667 0 0 0 "CY" 1982
9 1983 0 19.5116666666667 0 0 0 "CY" 1983
9 1984 0.0133333333333333 20.3666666666667 0 0 0 "CY" 1984
9 1985 1.42333333333333 19.9083333333333 0 0 0 "CY" 1985
9 2005 0.08 19.4166666666667 0 0 0 "CY" 2005
9 2006 0.04 20.0033333333333 0 0 0 "CY" 2006
9 2007 0.00666666666666667 19.6016666666667 0 0 0 "CY" 2007
9 2008 2.05 19.14 0 0 0 "CY" 2008
9 2009 2.83 18.15 0 0 0 "CY" 2009
9 2010 0 20.7766666666667 0 0 0 "CY" 2010
9 2011 3.21333333333333 20.1716666666667 0 0 0 "CY" 2011
10 1976 2.84838709677419 15.75 0 0 0 "CY" 1976
10 1977 1.82903225806452 13.9048387096774 0 0 0 "CY" 1977
10 1978 2.5258064516129 17.2048387096774 0 0 0 "CY" 1978
10 1979 2.08387096774194 15.4451612903226 0 0 0 "CY" 1979
10 1980 1.15483870967742 16.108064516129 0 0 0 "CY" 1980
10 1981 0.0967741935483871 17.3548387096774 0 0 0 "CY" 1981
10 1982 0.464516129032258 14.8225806451613 0 0 0 "CY" 1982
10 1983 2.4 13.6064516129032 0 0 0 "CY" 1983
10 1984 2.57741935483871 16.8225806451613 0 0 0 "CY" 1984
10 1985 3.09677419354839 12.9354838709677 0 0 0 "CY" 1985
10 2005 0.909677419354839 12.7903225806452 0 0 0 "CY" 2005
10 2006 6.91612903225806 14.0354838709677 0 0 0 "CY" 2006
10 2007 1.18709677419355 15.941935483871 0 0 0 "CY" 2007
10 2008 1.87741935483871 14.1145161290323 0 0 0 "CY" 2008
10 2009 4.03548387096774 16.3741935483871 0 0 0 "CY" 2009
10 2010 0.361290322580645 15.6564516129032 0 0 0 "CY" 2010
10 2011 0.448387096774194 12.8951612903226 0 0 0 "CY" 2011
11 1976 4.11 12.2583333333333 0 0 0 "CY" 1976
11 1977 0.156666666666667 11.7216666666667 0 0 0 "CY" 1977
11 1978 0.98 7.60333333333333 0 0 0 "CY" 1978
11 1979 4.29666666666667 11.4216666666667 0 0 0 "CY" 1979
11 1980 0.89 10.71 0 0 0 "CY" 1980
11 1981 3.55882352941176 5.85588235294118 0 0 0 "CY" 1981
11 1982 1.24666666666667 7.42833333333333 0 0 0 "CY" 1982
11 1983 4.75333333333333 10.6633333333333 0 0 0 "CY" 1983
11 1984 8.02333333333333 8.15833333333333 0 0 0 "CY" 1984
11 1985 2.76 12.2583333333333 0 0 0 "CY" 1985
11 2005 4.52333333333333 8.68833333333333 0 0 0 "CY" 2005
11 2006 1.14 8.01166666666667 0 0 0 "CY" 2006
11 2007 2.36666666666667 10.1583333333333 0 0 0 "CY" 2007
11 2008 1.09666666666667 10.8116666666667 0 0 0 "CY" 2008
11 2009 1.63 9.56166666666667 0 0 0 "CY" 2009
11 2010 0 13.8316666666667 0 0 0 "CY" 2010
11 2011 3.25333333333333 6.94333333333333 0 0 0 "CY" 2011
12 1976 4.14193548387097 6.62741935483871 0 0 0 "CY" 1976
12 1977 10.24 4.13666666666667 0 0 0 "CY" 1977
12 1978 8.09655172413793 6.32931034482759 0 0 0 "CY" 1978
12 1979 10.7774193548387 5.10483870967742 0 0 0 "CY" 1979
12 1980 2.84516129032258 5.63870967741935 0 0 0 "CY" 1980
12 1981 6.01785714285714 6.30535714285714 0 0 0 "CY" 1981
12 1982 4.66451612903226 4.85645161290323 0 0 0 "CY" 1982
12 1983 3.76451612903226 6.10483870967742 0 0 0 "CY" 1983
12 1984 4.44193548387097 4.94354838709677 0 0 0 "CY" 1984
12 1985 3.9258064516129 7.04838709677419 0 0 0 "CY" 1985
12 2005 1.84193548387097 8.37096774193548 0 0 0 "CY" 2005
12 2006 0.374193548387097 5.73064516129032 0 0 0 "CY" 2006
12 2007 5.25806451612903 5.3741935483871 0 0 0 "CY" 2007
12 2008 5.1 7.4258064516129 0 0 0 "CY" 2008
12 2009 9.88709677419355 7.32096774193548 0 0 0 "CY" 2009
12 2010 4.25 8.685 0 0 0 "CY" 2010
12 2011 6.22333333333333 5.71 0 0 0 "CY" 2011
1 1994 4.91935483870968 14.9677419354839 0 0 0 "CY" 1994
1 1995 2.01290322580645 13.4161290322581 0 0 0 "CY" 1995
1 1996 5.40322580645161 12.6016129032258 0 0 0 "CY" 1996
1 1997 0.548387096774194 14.4177419354839 0 0 0 "CY" 1997
1 1998 1.3258064516129 13.2096774193548 0 0 0 "CY" 1998
1 1999 1.55483870967742 14.641935483871 0 0 0 "CY" 1999
1 2000 2.13225806451613 12.0532258064516 0 0 0 "CY" 2000
1 2002 1.58387096774194 12.25 0 0 0 "CY" 2002
1 2003 1.43870967741935 15.191935483871 0 0 0 "CY" 2003
1 2004 8.30322580645161 12.8870967741935 0 0 0 "CY" 2004
1 2008 1.3258064516129 11.8258064516129 0 0 0 "CY" 2008
1 2010 4.10967741935484 14.4274193548387 0 0 0 "CY" 2010
1 2011 4.62903225806452 14.0806451612903 0 0 0 "CY" 2011
1 2012 8.32903225806452 11.7516129032258 0 0 0 "CY" 2012
1 2013 1.11290322580645 13.9951612903226 0 0 0 "CY" 2013
2 1994 2.27857142857143 13.6232142857143 0 0 0 "CY" 1994
2 1995 1.25714285714286 14.0821428571429 0 0 0 "CY" 1995
2 1996 1.68965517241379 14.0551724137931 0 0 0 "CY" 1996
2 1997 3.2 13.596875 0 0 0 "CY" 1997
2 1998 0.439285714285714 13.8 0 0 0 "CY" 1998
2 1999 2.66785714285714 13.8392857142857 0 0 0 "CY" 1999
2 2000 2.06206896551724 12.9534482758621 0 0 0 "CY" 2000
2 2002 1.56071428571429 15.0375 0 0 0 "CY" 2002
2 2003 5.01785714285714 12.1214285714286 0 0 0 "CY" 2003
2 2004 2.67586206896552 13 0 0 0 "CY" 2004
2 2008 1.22413793103448 12.5051724137931 0 0 0 "CY" 2008
2 2010 2.56428571428571 14.6589285714286 0 0 0 "CY" 2010
2 2011 2.2 13.8607142857143 0 0 0 "CY" 2011
2 2012 3.47241379310345 13.0103448275862 0 0 0 "CY" 2012
2 2013 1.20357142857143 15.5678571428571 0 0 0 "CY" 2013
3 1994 2.15714285714286 14.6839285714286 0 0 0 "CY" 1994
3 1995 0.729032258064516 15.0338709677419 0 0 0 "CY" 1995
3 1996 1.41935483870968 14.3967741935484 0 0 0 "CY" 1996
3 1997 1.30967741935484 13.8887096774194 0 0 0 "CY" 1997
3 1998 2.16129032258065 14.2661290322581 0 0 0 "CY" 1998
3 1999 1.41935483870968 15.6435483870968 0 0 0 "CY" 1999
3 2000 1.43870967741935 14.1564516129032 0 0 0 "CY" 2000
3 2002 1.18064516129032 16.7806451612903 0 0 0 "CY" 2002
3 2003 1.84516129032258 13.9016129032258 0 0 0 "CY" 2003
3 2004 0 16 0 0 0 "CY" 2004
3 2007 0.632258064516129 14.958064516129 0 0 0 "CY" 2007
3 2008 0.819354838709677 16.8387096774194 0 0 0 "CY" 2008
3 2010 0.258064516129032 16.2983870967742 0 0 0 "CY" 2010
3 2011 1.44838709677419 14.591935483871 0 0 0 "CY" 2011
3 2012 0.819354838709677 14.8967741935484 0 0 0 "CY" 2012
3 2013 0.174193548387097 16.6145161290323 0 0 0 "CY" 2013
4 1994 0.173333333333333 19.4033333333333 0 0 0 "CY" 1994
4 1995 0.32 16.5616666666667 0 0 0 "CY" 1995
4 1996 0.7 16.35 0 0 0 "CY" 1996
4 1997 0.77 15.7733333333333 0 0 0 "CY" 1997
4 1998 0.39 19.0033333333333 0 0 0 "CY" 1998
4 1999 0.223333333333333 18.2933333333333 0 0 0 "CY" 1999
4 2000 0.913333333333333 18.4433333333333 0 0 0 "CY" 2000
4 2002 0.693333333333333 17.5983333333333 0 0 0 "CY" 2002
4 2003 0.78 17.8 0 0 0 "CY" 2003
4 2004 0.133333333333333 18.33 0 0 0 "CY" 2004
4 2007 0.41 17.29 0 0 0 "CY" 2007
4 2008 0.0133333333333333 18.9833333333333 0 0 0 "CY" 2008
4 2009 0.273333333333333 18.5983333333333 0 0 0 "CY" 2009
4 2010 0.256666666666667 18.4133333333333 0 0 0 "CY" 2010
4 2011 0.38 17.5733333333333 0 0 0 "CY" 2011
4 2012 0.47 19.1133333333333 0 0 0 "CY" 2012
4 2013 1.54 19.4983333333333 0 0 0 "CY" 2013
5 1994 0.17741935483871 22.0806451612903 0 0 0 "CY" 1994
5 1995 0.225806451612903 20.8790322580645 0 0 0 "CY" 1995
5 1996 0.0290322580645161 22.2967741935484 0 0 0 "CY" 1996
5 1997 0.0709677419354839 21.5596774193548 0 0 0 "CY" 1997
5 1998 0.267741935483871 21.4887096774194 0 0 0 "CY" 1998
5 1999 0 22.8516129032258 0 0 0 "CY" 1999
5 2000 0.0967741935483871 21.8306451612903 0 0 0 "CY" 2000
5 2002 0.0516129032258065 21.3612903225806 0 0 0 "CY" 2002
5 2003 0 23.6161290322581 0 0 0 "CY" 2003
5 2004 0 21.3822580645161 0 0 0 "CY" 2004
5 2007 0.987096774193548 22.2887096774194 0 0 0 "CY" 2007
5 2008 0 21.2370967741935 0 0 0 "CY" 2008
5 2009 0.380645161290323 20.691935483871 0 0 0 "CY" 2009
5 2010 0.00967741935483871 21.5870967741935 0 0 0 "CY" 2010
5 2011 0.109677419354839 21.2322580645161 0 0 0 "CY" 2011
5 2012 0.403225806451613 22.458064516129 0 0 0 "CY" 2012
5 2013 0.151612903225806 23.8387096774194 0 0 0 "CY" 2013
6 1993 0.00666666666666667 24.4833333333333 0 0 0 "CY" 1993
6 1994 0 24.525 0 0 0 "CY" 1994
6 1995 0 25.6033333333333 0 0 0 "CY" 1995
6 1996 0 25.1033333333333 0 0 0 "CY" 1996
6 1997 0 24.695 0 0 0 "CY" 1997
6 1998 0 25.44 0 0 0 "CY" 1998
6 1999 0.123333333333333 25.7516666666667 0 0 0 "CY" 1999
6 2000 0 26.3216666666667 0 0 0 "CY" 2000
6 2002 0 25.745 0 0 0 "CY" 2002
6 2003 0 25.595 0 0 0 "CY" 2003
6 2004 0.0166666666666667 25.0116666666667 0 0 0 "CY" 2004
6 2007 0 25.99 0 0 0 "CY" 2007
6 2009 0 26.0433333333333 0 0 0 "CY" 2009
6 2010 0 25.5116666666667 0 0 0 "CY" 2010
6 2011 0 25.4833333333333 0 0 0 "CY" 2011
6 2012 0 27.1316666666667 0 0 0 "CY" 2012
6 2013 0 26.2416666666667 0 0 0 "CY" 2013
7 1993 0 26.7290322580645 0 0 0 "CY" 1993
7 1994 0 26.5306451612903 0 0 0 "CY" 1994
7 1995 0 26.6838709677419 0 0 0 "CY" 1995
7 1996 0 27.1274193548387 0 0 0 "CY" 1996
7 1997 0.0037037037037037 27.1981481481481 0 0 0 "CY" 1997
7 1998 0 27.658064516129 0 0 0 "CY" 1998
7 1999 0 27.5016129032258 0 0 0 "CY" 1999
7 2000 0 28.7112903225806 0 0 0 "CY" 2000
7 2002 0 28.3290322580645 0 0 0 "CY" 2002
7 2003 0 28.1903225806452 0 0 0 "CY" 2003
7 2004 0 27.7032258064516 0 0 0 "CY" 2004
7 2007 0 28.256 0 0 0 "CY" 2007
7 2008 0 27.9822580645161 0 0 0 "CY" 2008
7 2009 0 27.791935483871 0 0 0 "CY" 2009
7 2010 0 27.2096774193548 0 0 0 "CY" 2010
7 2011 0 27.8935483870968 0 0 0 "CY" 2011
7 2012 0 30.0564516129032 0 0 0 "CY" 2012
7 2013 0 27.9758064516129 0 0 0 "CY" 2013
8 1993 0 27.8596774193548 0 0 0 "CY" 1993
8 1994 0 27.2333333333333 0 0 0 "CY" 1994
8 1995 0 27.1758064516129 0 0 0 "CY" 1995
8 1996 0 27.6806451612903 0 0 0 "CY" 1996
8 1997 0 25.6274193548387 0 0 0 "CY" 1997
8 1998 0 29.1790322580645 0 0 0 "CY" 1998
8 1999 0 27.8677419354839 0 0 0 "CY" 1999
8 2000 0 28.4306451612903 0 0 0 "CY" 2000
8 2002 0 28.0806451612903 0 0 0 "CY" 2002
8 2003 0 28.3548387096774 0 0 0 "CY" 2003
8 2004 0 27.2951612903226 0 0 0 "CY" 2004
8 2007 0 27.6274193548387 0 0 0 "CY" 2007
8 2008 0 28.5935483870968 0 0 0 "CY" 2008
8 2009 0 28.0451612903226 0 0 0 "CY" 2009
8 2010 0 29.5854838709677 0 0 0 "CY" 2010
8 2011 0 27.9451612903226 0 0 0 "CY" 2011
8 2012 0 30.1564516129032 0 0 0 "CY" 2012
8 2013 0 29.2677419354839 0 0 0 "CY" 2013
9 1993 0 25.025 0 0 0 "CY" 1993
9 1994 0 27.285 0 0 0 "CY" 1994
9 1995 0 25.23 0 0 0 "CY" 1995
9 1996 0 25.5066666666667 0 0 0 "CY" 1996
9 1997 1.04333333333333 24.6016666666667 0 0 0 "CY" 1997
9 1998 0 26.0433333333333 0 0 0 "CY" 1998
9 1999 0 26.3066666666667 0 0 0 "CY" 1999
9 2000 0.01 26.3983333333333 0 0 0 "CY" 2000
9 2002 0 26.1933333333333 0 0 0 "CY" 2002
9 2003 0 25.8133333333333 0 0 0 "CY" 2003
9 2004 0 26.0833333333333 0 0 0 "CY" 2004
9 2008 0.896666666666667 25.9466666666667 0 0 0 "CY" 2008
9 2009 0.163333333333333 26.2333333333333 0 0 0 "CY" 2009
9 2010 0 26.7283333333333 0 0 0 "CY" 2010
9 2011 0.116666666666667 26.2316666666667 0 0 0 "CY" 2011
9 2012 0 27.5916666666667 0 0 0 "CY" 2012
9 2013 0.02 26.8983333333333 0 0 0 "CY" 2013
10 1993 0 24.8693548387097 0 0 0 "CY" 1993
10 1994 0.551612903225806 25.1 0 0 0 "CY" 1994
10 1995 0.264516129032258 22 0 0 0 "CY" 1995
10 1996 2 21.291935483871 0 0 0 "CY" 1996
10 1997 1.01612903225806 22.4451612903226 0 0 0 "CY" 1997
10 1998 0.441935483870968 23.6483870967742 0 0 0 "CY" 1998
10 1999 0.112903225806452 23.9854838709677 0 0 0 "CY" 1999
10 2000 0.154838709677419 22.6370967741935 0 0 0 "CY" 2000
10 2002 0.193548387096774 23.7709677419355 0 0 0 "CY" 2002
10 2003 0.251612903225806 23.2596774193548 0 0 0 "CY" 2003
10 2004 0.119354838709677 24.2451612903226 0 0 0 "CY" 2004
10 2007 0 23.125 0 0 0 "CY" 2007
10 2008 0.283870967741935 22.6564516129032 0 0 0 "CY" 2008
10 2009 3.40322580645161 24.008064516129 0 0 0 "CY" 2009
10 2010 0.148387096774194 23.1564516129032 0 0 0 "CY" 2010
10 2011 0.583870967741935 21.7483870967742 0 0 0 "CY" 2011
10 2012 1.60645161290323 24.6854838709677 0 0 0 "CY" 2012
10 2013 0.548387096774194 22.3790322580645 0 0 0 "CY" 2013
11 1975 0.973333333333333 17.395 0 0 0 "CY" 1975
11 1976 2.68666666666667 17.9716666666667 0 0 0 "CY" 1976
11 1977 0.496666666666667 17.9683333333333 0 0 0 "CY" 1977
11 1978 0.433333333333333 16.0016666666667 0 0 0 "CY" 1978
11 1979 1.19 18.8583333333333 0 0 0 "CY" 1979
11 1980 0.0333333333333333 17.9966666666667 0 0 0 "CY" 1980
11 1981 3.62333333333333 15.9583333333333 0 0 0 "CY" 1981
11 1982 1.35666666666667 15.8833333333333 0 0 0 "CY" 1982
11 1983 1.68333333333333 18.3233333333333 0 0 0 "CY" 1983
11 1984 3.96333333333333 17.0416666666667 0 0 0 "CY" 1984
11 1985 0.873333333333333 18.38 0 0 0 "CY" 1985
11 1986 1.56666666666667 15.8933333333333 0 0 0 "CY" 1986
11 1987 0.41 16.795 0 0 0 "CY" 1987
11 1988 0.56 15.3766666666667 0 0 0 "CY" 1988
11 1989 2.09 17.4716666666667 0 0 0 "CY" 1989
11 1990 0.31 18.8933333333333 0 0 0 "CY" 1990
11 1991 1.91 17.6433333333333 0 0 0 "CY" 1991
11 1992 6.23 17.4283333333333 0 0 0 "CY" 1992
11 2005 3.08333333333333 17.0916666666667 0 0 0 "CY" 2005
11 2006 0.453571428571429 16.9410714285714 0 0 0 "CY" 2006
11 2007 1.09666666666667 18.505 0 0 0 "CY" 2007
11 2009 0.636666666666667 18.4366666666667 0 0 0 "CY" 2009
11 2010 0 20.03 0 0 0 "CY" 2010
11 2011 1.72 16.3283333333333 0 0 0 "CY" 2011
11 2012 2.01666666666667 20.7616666666667 0 0 0 "CY" 2012
11 2013 0.466666666666667 20.73 0 0 0 "CY" 2013
12 1975 6.61612903225806 12.7193548387097 0 0 0 "CY" 1975
12 1976 2.49354838709677 14.2709677419355 0 0 0 "CY" 1976
12 1977 7.62727272727273 14.2772727272727 0 0 0 "CY" 1977
12 1978 3.87741935483871 14.4596774193548 0 0 0 "CY" 1978
12 1979 5.39354838709677 13.7258064516129 0 0 0 "CY" 1979
12 1980 2.20967741935484 14.2870967741935 0 0 0 "CY" 1980
12 1981 1.82258064516129 14.8887096774194 0 0 0 "CY" 1981
12 1982 1.91290322580645 13.1354838709677 0 0 0 "CY" 1982
12 1983 3.66451612903226 14.4274193548387 0 0 0 "CY" 1983
12 1984 2.26129032258065 12.9983870967742 0 0 0 "CY" 1984
12 1985 3.03225806451613 14.0645161290323 0 0 0 "CY" 1985
12 1986 2.30645161290323 13.3451612903226 0 0 0 "CY" 1986
12 1987 5.1258064516129 13.9741935483871 0 0 0 "CY" 1987
12 1988 3.59354838709677 13.3112903225806 0 0 0 "CY" 1988
12 1989 1.53870967741935 13.9774193548387 0 0 0 "CY" 1989
12 1990 1.12903225806452 15.2838709677419 0 0 0 "CY" 1990
12 1991 9.80967741935484 12.4193548387097 0 0 0 "CY" 1991
12 1992 1.12258064516129 11.6338709677419 0 0 0 "CY" 1992
12 2005 0.645161290322581 15.1790322580645 0 0 0 "CY" 2005
12 2006 0.274193548387097 14.4532258064516 0 0 0 "CY" 2006
12 2007 2.68064516129032 14.8 0 0 0 "CY" 2007
12 2009 5.29354838709677 15.8903225806452 0 0 0 "CY" 2009
12 2010 3.19032258064516 16.7032258064516 0 0 0 "CY" 2010
12 2011 3.51935483870968 14.4403225806452 0 0 0 "CY" 2011
12 2012 5.86774193548387 15.9983870967742 0 0 0 "CY" 2012
12 2013 1.26666666666667 14.4366666666667 0 0 0 "CY" 2013
1 1971 1.96129032258065 11.8354838709677 0 0 0 "CY" 1971
1 1972 1.36774193548387 9.03548387096774 0 0 0 "CY" 1972
1 1973 0.835483870967742 9.65806451612903 0 0 0 "CY" 1973
1 1974 2.62258064516129 8.35483870967742 0 0 0 "CY" 1974
1 1975 2.89354838709677 10.45 0 0 0 "CY" 1975
1 1976 0.693548387096774 10.5354838709677 0 0 0 "CY" 1976
1 1977 1.60967741935484 9.55161290322581 0 0 0 "CY" 1977
1 1978 2.95161290322581 11.4129032258065 0 0 0 "CY" 1978
1 1979 1.20645161290323 11.5274193548387 0 0 0 "CY" 1979
1 1980 0.932258064516129 9.74354838709677 0 0 0 "CY" 1980
1 1981 3.08709677419355 10.7806451612903 0 0 0 "CY" 1981
1 1982 0.674193548387097 11.5645161290323 0 0 0 "CY" 1982
1 1983 1.57741935483871 8.66129032258065 0 0 0 "CY" 1983
1 1984 0.725806451612903 11.9 0 0 0 "CY" 1984
1 1985 1.56451612903226 11.7 0 0 0 "CY" 1985
1 1986 0.658064516129032 11.1967741935484 0 0 0 "CY" 1986
1 1987 0.787096774193548 11.741935483871 0 0 0 "CY" 1987
1 1988 1.49677419354839 10.7338709677419 0 0 0 "CY" 1988
1 1989 3.00645161290323 8.7 0 0 0 "CY" 1989
1 1990 0.525806451612903 9.3758064516129 0 0 0 "CY" 1990
1 1991 1.32258064516129 10.8129032258065 0 0 0 "CY" 1991
1 1992 0.309677419354839 8.86774193548387 0 0 0 "CY" 1992
1 1993 1.20322580645161 9.68064516129032 0 0 0 "CY" 1993
1 1994 4.10967741935484 12.441935483871 0 0 0 "CY" 1994
1 1995 0.558064516129032 11.7290322580645 0 0 0 "CY" 1995
1 1996 2.08387096774194 10.3822580645161 0 0 0 "CY" 1996
1 1997 0.303225806451613 12.0822580645161 0 0 0 "CY" 1997
1 1998 1.01612903225806 11.0870967741935 0 0 0 "CY" 1998
1 1999 2.08387096774194 12.1516129032258 0 0 0 "CY" 1999
1 2000 1.03225806451613 9.49838709677419 0 0 0 "CY" 2000
2 1971 2.60714285714286 10.4571428571429 0 0 0 "CY" 1971
2 1972 0.679310344827586 9.11379310344828 0 0 0 "CY" 1972
2 1973 0.528571428571429 12.6589285714286 0 0 0 "CY" 1973
2 1974 1.96428571428571 11.1142857142857 0 0 0 "CY" 1974
2 1975 3 10.0375 0 0 0 "CY" 1975
2 1976 1.56551724137931 9.04655172413793 0 0 0 "CY" 1976
2 1977 0.396428571428571 13.7714285714286 0 0 0 "CY" 1977
2 1978 1.04642857142857 12.3803571428571 0 0 0 "CY" 1978
2 1979 3.71071428571429 12.8125 0 0 0 "CY" 1979
2 1980 4.06206896551724 10.1344827586207 0 0 0 "CY" 1980
2 1981 3.30357142857143 10.9714285714286 0 0 0 "CY" 1981
2 1982 1.96785714285714 9.58928571428571 0 0 0 "CY" 1982
2 1983 1.83214285714286 9.38392857142857 0 0 0 "CY" 1983
2 1984 1.50689655172414 12.4724137931034 0 0 0 "CY" 1984
2 1985 0.782142857142857 9.16428571428571 0 0 0 "CY" 1985
2 1986 2.1 12.2107142857143 0 0 0 "CY" 1986
2 1987 0.639285714285714 12.8517857142857 0 0 0 "CY" 1987
2 1988 3.26206896551724 10.9396551724138 0 0 0 "CY" 1988
2 1989 0.275 10.3928571428571 0 0 0 "CY" 1989
2 1990 3.27142857142857 10.8125 0 0 0 "CY" 1990
2 1991 1.04642857142857 10.9642857142857 0 0 0 "CY" 1991
2 1992 1.87931034482759 7.67241379310345 0 0 0 "CY" 1992
2 1993 1.35714285714286 9.06964285714286 0 0 0 "CY" 1993
2 1994 1.78928571428571 11.6910714285714 0 0 0 "CY" 1994
2 1995 0.485714285714286 12.3767857142857 0 0 0 "CY" 1995
2 1996 1.32068965517241 12.3120689655172 0 0 0 "CY" 1996
2 1997 1.13214285714286 10.3392857142857 0 0 0 "CY" 1997
2 1998 0.853571428571429 11.9910714285714 0 0 0 "CY" 1998
2 1999 1.25714285714286 11.9357142857143 0 0 0 "CY" 1999
2 2000 1.73793103448276 11.0689655172414 0 0 0 "CY" 2000
3 1971 0.545161290322581 13.1435483870968 0 0 0 "CY" 1971
3 1972 1.86129032258065 13.3532258064516 0 0 0 "CY" 1972
3 1973 0.361290322580645 13.2032258064516 0 0 0 "CY" 1973
3 1974 1.37741935483871 14.2483870967742 0 0 0 "CY" 1974
3 1975 0.17741935483871 14.3145161290323 0 0 0 "CY" 1975
3 1976 1.01935483870968 13.0322580645161 0 0 0 "CY" 1976
3 1977 1.13548387096774 13.1645161290323 0 0 0 "CY" 1977
3 1978 1.62903225806452 13.5129032258065 0 0 0 "CY" 1978
3 1979 1.56129032258065 14.5887096774194 0 0 0 "CY" 1979
3 1980 0.819354838709677 12.4661290322581 0 0 0 "CY" 1980
3 1981 1.33870967741935 14.5677419354839 0 0 0 "CY" 1981
3 1982 2.25161290322581 11.5306451612903 0 0 0 "CY" 1982
3 1983 0.996774193548387 12.4290322580645 0 0 0 "CY" 1983
3 1984 0.783870967741936 13.8854838709677 0 0 0 "CY" 1984
3 1985 0.9 12.8403225806452 0 0 0 "CY" 1985
3 1986 0.938709677419355 14.8145161290323 0 0 0 "CY" 1986
3 1987 2.74516129032258 10.2967741935484 0 0 0 "CY" 1987
3 1988 2.03225806451613 12.4322580645161 0 0 0 "CY" 1988
3 1989 0.525806451612903 14.358064516129 0 0 0 "CY" 1989
3 1990 2.21290322580645 13.9225806451613 0 0 0 "CY" 1990
3 1991 0.816129032258065 15.2548387096774 0 0 0 "CY" 1991
3 1992 0.445161290322581 11.2161290322581 0 0 0 "CY" 1992
3 1993 1.4 12.3951612903226 0 0 0 "CY" 1993
3 1994 1.41612903225806 13.5193548387097 0 0 0 "CY" 1994
3 1995 0.42258064516129 14.1322580645161 0 0 0 "CY" 1995
3 1996 0.993548387096774 13.1854838709677 0 0 0 "CY" 1996
3 1997 1.81290322580645 11.9758064516129 0 0 0 "CY" 1997
3 1998 1.16451612903226 12.7645161290323 0 0 0 "CY" 1998
3 1999 1.16451612903226 14.6677419354839 0 0 0 "CY" 1999
3 2000 0.858064516129032 13.1983870967742 0 0 0 "CY" 2000
4 1971 2.73666666666667 15.655 0 0 0 "CY" 1971
4 1972 0.92 18.56 0 0 0 "CY" 1972
4 1973 0.256666666666667 16.9166666666667 0 0 0 "CY" 1973
4 1974 0.06 16.6333333333333 0 0 0 "CY" 1974
4 1975 2.23 19.225 0 0 0 "CY" 1975
4 1976 1.81666666666667 16.64 0 0 0 "CY" 1976
4 1977 1.58666666666667 17.5566666666667 0 0 0 "CY" 1977
4 1978 0.543333333333333 16.7283333333333 0 0 0 "CY" 1978
4 1979 0.0766666666666667 17.65 0 0 0 "CY" 1979
4 1980 0.153333333333333 16.2366666666667 0 0 0 "CY" 1980
4 1981 0.42 17.82 0 0 0 "CY" 1981
4 1982 0.36 17.5783333333333 0 0 0 "CY" 1982
4 1983 0.606666666666667 17.495 0 0 0 "CY" 1983
4 1984 2.21666666666667 16.2733333333333 0 0 0 "CY" 1984
4 1985 1.48666666666667 17.8716666666667 0 0 0 "CY" 1985
4 1986 0.183333333333333 19.7466666666667 0 0 0 "CY" 1986
4 1987 0.51 16.2733333333333 0 0 0 "CY" 1987
4 1988 0.136666666666667 17.8383333333333 0 0 0 "CY" 1988
4 1989 0 21.6666666666667 0 0 0 "CY" 1989
4 1990 0.00333333333333333 18.1033333333333 0 0 0 "CY" 1990
4 1991 0.13 18.5483333333333 0 0 0 "CY" 1991
4 1992 0.13 17.2116666666667 0 0 0 "CY" 1992
4 1993 0.466666666666667 17.2883333333333 0 0 0 "CY" 1993
4 1994 0.496666666666667 19.4166666666667 0 0 0 "CY" 1994
4 1995 0.343333333333333 17.165 0 0 0 "CY" 1995
4 1996 0.756666666666667 16.3183333333333 0 0 0 "CY" 1996
4 1997 0.993333333333333 15.1033333333333 0 0 0 "CY" 1997
4 1998 0.07 19.6616666666667 0 0 0 "CY" 1998
4 1999 0.583333333333333 18.4316666666667 0 0 0 "CY" 1999
4 2000 1.85333333333333 18.5766666666667 0 0 0 "CY" 2000
5 1971 0.716129032258065 22.4983870967742 0 0 0 "CY" 1971
5 1972 0.570967741935484 21.6225806451613 0 0 0 "CY" 1972
5 1973 0.0225806451612903 23.1806451612903 0 0 0 "CY" 1973
5 1974 0.445161290322581 21.1951612903226 0 0 0 "CY" 1974
5 1975 1.5258064516129 21.3290322580645 0 0 0 "CY" 1975
5 1976 1.62258064516129 21.5935483870968 0 0 0 "CY" 1976
5 1977 0 22.9693548387097 0 0 0 "CY" 1977
5 1978 0 23.6387096774194 0 0 0 "CY" 1978
5 1979 0.480645161290323 22.2935483870968 0 0 0 "CY" 1979
5 1980 0.0967741935483871 21.5532258064516 0 0 0 "CY" 1980
5 1981 0.619354838709677 20.1145161290323 0 0 0 "CY" 1981
5 1982 0.2 21.7306451612903 0 0 0 "CY" 1982
5 1983 3.61612903225806 22.1048387096774 0 0 0 "CY" 1983
5 1984 0.00645161290322581 23.5709677419355 0 0 0 "CY" 1984
5 1985 0.345161290322581 23.3790322580645 0 0 0 "CY" 1985
5 1986 1.73548387096774 20.4145161290323 0 0 0 "CY" 1986
5 1987 0.451612903225806 21.2306451612903 0 0 0 "CY" 1987
5 1988 0 23.2387096774194 0 0 0 "CY" 1988
5 1989 0 23.6016129032258 0 0 0 "CY" 1989
5 1990 0.82258064516129 22.3887096774194 0 0 0 "CY" 1990
5 1991 0.00967741935483871 21.75 0 0 0 "CY" 1991
5 1992 0.374193548387097 21.5225806451613 0 0 0 "CY" 1992
5 1993 0.858064516129032 20.4322580645161 0 0 0 "CY" 1993
5 1994 0.258064516129032 23.5290322580645 0 0 0 "CY" 1994
5 1995 0.119354838709677 22.7451612903226 0 0 0 "CY" 1995
5 1996 0.00967741935483871 24.0822580645161 0 0 0 "CY" 1996
5 1997 0.261290322580645 23.8306451612903 0 0 0 "CY" 1997
5 1998 0.367741935483871 22.3306451612903 0 0 0 "CY" 1998
5 1999 0.490322580645161 24.5596774193548 0 0 0 "CY" 1999
5 2000 0.112903225806452 23.2532258064516 0 0 0 "CY" 2000
6 1971 0.00666666666666667 26.7933333333333 0 0 0 "CY" 1971
6 1972 0.853333333333333 26.0683333333333 0 0 0 "CY" 1972
6 1973 1.77333333333333 26.0116666666667 0 0 0 "CY" 1973
6 1974 0 26.2883333333333 0 0 0 "CY" 1974
6 1975 0.153333333333333 26.1183333333333 0 0 0 "CY" 1975
6 1976 0.02 25.6416666666667 0 0 0 "CY" 1976
6 1977 0.0166666666666667 26.7016666666667 0 0 0 "CY" 1977
6 1978 0 26.845 0 0 0 "CY" 1978
6 1979 1.07666666666667 27.005 0 0 0 "CY" 1979
6 1980 0 26.8033333333333 0 0 0 "CY" 1980
6 1981 0.0766666666666667 26.9633333333333 0 0 0 "CY" 1981
6 1982 0.00666666666666667 26.1083333333333 0 0 0 "CY" 1982
6 1983 0.32 24.89 0 0 0 "CY" 1983
6 1984 0 26.4866666666667 0 0 0 "CY" 1984
6 1985 0.00666666666666667 26.7 0 0 0 "CY" 1985
6 1986 0.0133333333333333 26.6116666666667 0 0 0 "CY" 1986
6 1987 0 26.255 0 0 0 "CY" 1987
6 1988 0.00333333333333333 27.0583333333333 0 0 0 "CY" 1988
6 1989 0 25.83 0 0 0 "CY" 1989
6 1990 0.00333333333333333 26.4633333333333 0 0 0 "CY" 1990
6 1991 0 26.8683333333333 0 0 0 "CY" 1991
6 1992 0.583333333333333 26.1516666666667 0 0 0 "CY" 1992
6 1993 0.333333333333333 26.9683333333333 0 0 0 "CY" 1993
6 1994 0 26.975 0 0 0 "CY" 1994
6 1995 0 27.975 0 0 0 "CY" 1995
6 1996 0.47 27.69 0 0 0 "CY" 1996
6 1997 1.06666666666667 27.4666666666667 0 0 0 "CY" 1997
6 1998 0.343333333333333 27.8833333333333 0 0 0 "CY" 1998
6 1999 1.21666666666667 27.4916666666667 0 0 0 "CY" 1999
6 2000 0.0866666666666667 28.8966666666667 0 0 0 "CY" 2000
7 1971 0.867741935483871 27.7387096774194 0 0 0 "CY" 1971
7 1972 0 27.458064516129 0 0 0 "CY" 1972
7 1973 0 29.5532258064516 0 0 0 "CY" 1973
7 1974 0 29.7564516129032 0 0 0 "CY" 1974
7 1975 0 29.1983870967742 0 0 0 "CY" 1975
7 1976 0.612903225806452 27.4967741935484 0 0 0 "CY" 1976
7 1977 0 30.3483870967742 0 0 0 "CY" 1977
7 1978 0 30.5806451612903 0 0 0 "CY" 1978
7 1979 0 29.2870967741935 0 0 0 "CY" 1979
7 1980 0 29.3048387096774 0 0 0 "CY" 1980
7 1981 0 29.5145161290323 0 0 0 "CY" 1981
7 1982 0.00967741935483871 28.0161290322581 0 0 0 "CY" 1982
7 1983 0 28.4403225806452 0 0 0 "CY" 1983
7 1984 0 28.9112903225806 0 0 0 "CY" 1984
7 1985 0 29.0725806451613 0 0 0 "CY" 1985
7 1986 0 29.191935483871 0 0 0 "CY" 1986
7 1987 0 30.2758064516129 0 0 0 "CY" 1987
7 1988 0 31.3822580645161 0 0 0 "CY" 1988
7 1989 0 29.9790322580645 0 0 0 "CY" 1989
7 1990 0 29.6467741935484 0 0 0 "CY" 1990
7 1991 0 28.6048387096774 0 0 0 "CY" 1991
7 1992 0.196774193548387 28.3225806451613 0 0 0 "CY" 1992
7 1993 0 29.5967741935484 0 0 0 "CY" 1993
7 1994 0 29.5532258064516 0 0 0 "CY" 1994
7 1995 1.7258064516129 29.4935483870968 0 0 0 "CY" 1995
7 1996 0 30.3822580645161 0 0 0 "CY" 1996
7 1997 0 30.3677419354839 0 0 0 "CY" 1997
7 1998 0 31.1838709677419 0 0 0 "CY" 1998
7 1999 0.0387096774193548 30.55 0 0 0 "CY" 1999
7 2000 0 31.8854838709677 0 0 0 "CY" 2000
8 1971 2.0258064516129 28.3645161290323 0 0 0 "CY" 1971
8 1972 0.309677419354839 28.2774193548387 0 0 0 "CY" 1972
8 1973 0 28.8338709677419 0 0 0 "CY" 1973
8 1974 0.57741935483871 28.1983870967742 0 0 0 "CY" 1974
8 1975 0.0612903225806452 28.3758064516129 0 0 0 "CY" 1975
8 1976 0 27.6064516129032 0 0 0 "CY" 1976
8 1977 0.0645161290322581 29.6290322580645 0 0 0 "CY" 1977
8 1978 0 28.3064516129032 0 0 0 "CY" 1978
8 1979 0 28.6838709677419 0 0 0 "CY" 1979
8 1980 0 29.5387096774194 0 0 0 "CY" 1980
8 1981 0 29.2 0 0 0 "CY" 1981
8 1982 0 29.1290322580645 0 0 0 "CY" 1982
8 1983 0 28.1838709677419 0 0 0 "CY" 1983
8 1984 0.838709677419355 27.8306451612903 0 0 0 "CY" 1984
8 1985 0 30.3306451612903 0 0 0 "CY" 1985
8 1986 0 29.5096774193548 0 0 0 "CY" 1986
8 1987 0 29.6290322580645 0 0 0 "CY" 1987
8 1988 0.174193548387097 30.3145161290323 0 0 0 "CY" 1988
8 1989 0 29.1758064516129 0 0 0 "CY" 1989
8 1990 0.490322580645161 29.3483870967742 0 0 0 "CY" 1990
8 1991 0 29.3161290322581 0 0 0 "CY" 1991
8 1992 0.0645161290322581 29.9032258064516 0 0 0 "CY" 1992
8 1993 0 30.3645161290323 0 0 0 "CY" 1993
8 1994 0 30.4548387096774 0 0 0 "CY" 1994
8 1995 0.00645161290322581 29.8387096774194 0 0 0 "CY" 1995
8 1996 0 30.0306451612903 0 0 0 "CY" 1996
8 1997 0 27.9451612903226 0 0 0 "CY" 1997
8 1998 0 31.9129032258065 0 0 0 "CY" 1998
8 1999 0 30.5209677419355 0 0 0 "CY" 1999
8 2000 0 30.0854838709677 0 0 0 "CY" 2000
9 1971 0 25.7383333333333 0 0 0 "CY" 1971
9 1972 0.283333333333333 26.6166666666667 0 0 0 "CY" 1972
9 1973 0.443333333333333 26.8783333333333 0 0 0 "CY" 1973
9 1974 0.0733333333333333 25.7233333333333 0 0 0 "CY" 1974
9 1975 1.15 26.4683333333333 0 0 0 "CY" 1975
9 1976 0.3 24.5616666666667 0 0 0 "CY" 1976
9 1977 1.06333333333333 26.0433333333333 0 0 0 "CY" 1977
9 1978 0 24.635 0 0 0 "CY" 1978
9 1979 0.0333333333333333 27.1083333333333 0 0 0 "CY" 1979
9 1980 0 25.425 0 0 0 "CY" 1980
9 1981 0 26.8733333333333 0 0 0 "CY" 1981
9 1982 1.22333333333333 26.93 0 0 0 "CY" 1982
9 1983 0.0733333333333333 25.5183333333333 0 0 0 "CY" 1983
9 1984 0 26.3566666666667 0 0 0 "CY" 1984
9 1985 0.0233333333333333 26.4883333333333 0 0 0 "CY" 1985
9 1986 0.283333333333333 27.3366666666667 0 0 0 "CY" 1986
9 1987 0 27.29 0 0 0 "CY" 1987
9 1988 0.423333333333333 26.9816666666667 0 0 0 "CY" 1988
9 1989 0.126666666666667 26.3166666666667 0 0 0 "CY" 1989
9 1990 0 26.025 0 0 0 "CY" 1990
9 1991 0 26.4833333333333 0 0 0 "CY" 1991
9 1992 0 26.0566666666667 0 0 0 "CY" 1992
9 1993 0 26.33 0 0 0 "CY" 1993
9 1994 0.783333333333333 28.7966666666667 0 0 0 "CY" 1994
9 1995 0 26.5466666666667 0 0 0 "CY" 1995
9 1996 0.01 26 0 0 0 "CY" 1996
9 1997 0.316666666666667 25.5066666666667 0 0 0 "CY" 1997
9 1998 0.12 26.9683333333333 0 0 0 "CY" 1998
9 1999 0.0566666666666667 27.1566666666667 0 0 0 "CY" 1999
9 2000 1.26666666666667 27.1883333333333 0 0 0 "CY" 2000
10 1971 0 20.3483870967742 0 0 0 "CY" 1971
10 1972 0.0967741935483871 21.6870967741935 0 0 0 "CY" 1972
10 1973 0.554838709677419 22.5661290322581 0 0 0 "CY" 1973
10 1974 0.206451612903226 23.1241935483871 0 0 0 "CY" 1974
10 1975 0.229032258064516 21.341935483871 0 0 0 "CY" 1975
10 1976 1.24838709677419 21.9370967741935 0 0 0 "CY" 1976
10 1977 0.0193548387096774 19.858064516129 0 0 0 "CY" 1977
10 1978 0.52258064516129 22.8725806451613 0 0 0 "CY" 1978
10 1979 2.72903225806452 22.2064516129032 0 0 0 "CY" 1979
10 1980 0.370967741935484 22.058064516129 0 0 0 "CY" 1980
10 1981 0.109677419354839 23.5290322580645 0 0 0 "CY" 1981
10 1982 0.0709677419354839 21.9935483870968 0 0 0 "CY" 1982
10 1983 0.283870967741935 20.3741935483871 0 0 0 "CY" 1983
10 1984 0.470967741935484 22.6387096774194 0 0 0 "CY" 1984
10 1985 0.658064516129032 19.8806451612903 0 0 0 "CY" 1985
10 1986 2.41290322580645 21.4032258064516 0 0 0 "CY" 1986
10 1987 1.28064516129032 20.9 0 0 0 "CY" 1987
10 1988 0.606451612903226 20.7451612903226 0 0 0 "CY" 1988
10 1989 0.990322580645161 20.0467741935484 0 0 0 "CY" 1989
10 1990 0.132258064516129 22.5354838709677 0 0 0 "CY" 1990
10 1991 0.535483870967742 22.3403225806452 0 0 0 "CY" 1991
10 1992 0.0483870967741935 23.2612903225806 0 0 0 "CY" 1992
10 1993 0.106451612903226 24.5370967741935 0 0 0 "CY" 1993
10 1994 1.32903225806452 24.3274193548387 0 0 0 "CY" 1994
10 1995 0.0774193548387097 21.491935483871 0 0 0 "CY" 1995
10 1996 0.606451612903226 20.5596774193548 0 0 0 "CY" 1996
10 1997 0.319354838709677 21.9 0 0 0 "CY" 1997
10 1998 0 23.3048387096774 0 0 0 "CY" 1998
10 1999 0.161290322580645 23.2193548387097 0 0 0 "CY" 1999
10 2000 0.683870967741935 21.4193548387097 0 0 0 "CY" 2000
11 1971 1.28666666666667 15.7466666666667 0 0 0 "CY" 1971
11 1972 0.02 15.6766666666667 0 0 0 "CY" 1972
11 1973 3.15 13.59 0 0 0 "CY" 1973
11 1974 1.06666666666667 16.385 0 0 0 "CY" 1974
11 1975 1.28666666666667 15.965 0 0 0 "CY" 1975
11 1976 0.916666666666667 17.3966666666667 0 0 0 "CY" 1976
11 1977 0.00333333333333333 17.03 0 0 0 "CY" 1977
11 1978 0.256666666666667 14.4866666666667 0 0 0 "CY" 1978
11 1979 0.843333333333333 17.6266666666667 0 0 0 "CY" 1979
11 1980 0.22 17.4083333333333 0 0 0 "CY" 1980
11 1981 1.44666666666667 14.5716666666667 0 0 0 "CY" 1981
11 1982 0.733333333333333 14.3183333333333 0 0 0 "CY" 1982
11 1983 1.44333333333333 17.445 0 0 0 "CY" 1983
11 1984 2.97666666666667 14.6733333333333 0 0 0 "CY" 1984
11 1985 1.08 17.7833333333333 0 0 0 "CY" 1985
11 1986 1.83 14.035 0 0 0 "CY" 1986
11 1987 0.373333333333333 15.4833333333333 0 0 0 "CY" 1987
11 1988 1.17 13.8566666666667 0 0 0 "CY" 1988
11 1989 0.65 16.3533333333333 0 0 0 "CY" 1989
11 1990 0.05 18.0333333333333 0 0 0 "CY" 1990
11 1991 1.21333333333333 16.565 0 0 0 "CY" 1991
11 1992 3.96666666666667 15.7733333333333 0 0 0 "CY" 1992
11 1993 1.22666666666667 15.2983333333333 0 0 0 "CY" 1993
11 1994 4.84333333333333 15.315 0 0 0 "CY" 1994
11 1995 0.923333333333333 14.0483333333333 0 0 0 "CY" 1995
11 1996 0.97 17.5883333333333 0 0 0 "CY" 1996
11 1997 1.26333333333333 16.9233333333333 0 0 0 "CY" 1997
11 1998 1.75666666666667 18.305 0 0 0 "CY" 1998
11 1999 0.476666666666667 17.1483333333333 0 0 0 "CY" 1999
11 2000 2.87 17.975 0 0 0 "CY" 2000
12 1971 2.58064516129032 10.4112903225806 0 0 0 "CY" 1971
12 1972 0.62258064516129 11.2 0 0 0 "CY" 1972
12 1973 0.216129032258065 12.2822580645161 0 0 0 "CY" 1973
12 1974 1.81612903225806 11.0838709677419 0 0 0 "CY" 1974
12 1975 3.88387096774194 11.0338709677419 0 0 0 "CY" 1975
12 1976 1.51935483870968 12.9193548387097 0 0 0 "CY" 1976
12 1977 2.55483870967742 11.2741935483871 0 0 0 "CY" 1977
12 1978 3.10322580645161 12.958064516129 0 0 0 "CY" 1978
12 1979 3.39354838709677 11.6274193548387 0 0 0 "CY" 1979
12 1980 1.3741935483871 12.5661290322581 0 0 0 "CY" 1980
12 1981 1.06774193548387 13.5725806451613 0 0 0 "CY" 1981
12 1982 0.593548387096774 11.2935483870968 0 0 0 "CY" 1982
12 1983 1.26774193548387 13.2322580645161 0 0 0 "CY" 1983
12 1984 1.36129032258065 10.6161290322581 0 0 0 "CY" 1984
12 1985 1.86129032258065 12.5451612903226 0 0 0 "CY" 1985
12 1986 1.43870967741935 11.6403225806452 0 0 0 "CY" 1986
12 1987 2.16451612903226 12.0112903225806 0 0 0 "CY" 1987
12 1988 2.81935483870968 11.8532258064516 0 0 0 "CY" 1988
12 1989 0.67741935483871 12.6774193548387 0 0 0 "CY" 1989
12 1990 0.387096774193548 13.1290322580645 0 0 0 "CY" 1990
12 1991 4.25483870967742 10.3225806451613 0 0 0 "CY" 1991
12 1992 0.945161290322581 9.60161290322581 0 0 0 "CY" 1992
12 1993 0.319354838709677 13.8241935483871 0 0 0 "CY" 1993
12 1994 0.52258064516129 10.7935483870968 0 0 0 "CY" 1994
12 1995 0.467741935483871 11.7274193548387 0 0 0 "CY" 1995
12 1996 1.54193548387097 14.3338709677419 0 0 0 "CY" 1996
12 1997 1.80645161290323 13.2596774193548 0 0 0 "CY" 1997
12 1998 2.06129032258065 13.3887096774194 0 0 0 "CY" 1998
12 1999 0.47741935483871 14.4177419354839 0 0 0 "CY" 1999
12 2000 3.2 12.8564516129032 0 0 0 "CY" 2000
1 1971 2.27741935483871 12.7854838709677 0 0 0 "CY" 1971
1 1972 2.26206896551724 11.4655172413793 0 0 0 "CY" 1972
1 1973 1.24193548387097 11.5 0 0 0 "CY" 1973
1 1974 2.26451612903226 10.1854838709677 0 0 0 "CY" 1974
1 1975 6.36896551724138 12.1310344827586 0 0 0 "CY" 1975
1 1976 2.86774193548387 12.2548387096774 0 0 0 "CY" 1976
1 1977 2.94516129032258 10.8661290322581 0 0 0 "CY" 1977
1 1978 4.61612903225806 12.7161290322581 0 0 0 "CY" 1978
1 1979 1.74193548387097 12.8725806451613 0 0 0 "CY" 1979
1 1980 3.59677419354839 11.6161290322581 0 0 0 "CY" 1980
1 1981 7.32903225806452 11.9290322580645 0 0 0 "CY" 1981
1 1982 2.19677419354839 12.5354838709677 0 0 0 "CY" 1982
1 1983 1.32666666666667 9.63 0 0 0 "CY" 1983
1 1984 2.79677419354839 12.7838709677419 0 0 0 "CY" 1984
1 1985 4.23225806451613 12.9112903225806 0 0 0 "CY" 1985
1 2002 1.80967741935484 11.0645161290323 0 0 0 "CY" 2002
1 2003 1.73225806451613 14.0451612903226 0 0 0 "CY" 2003
1 2004 7.58064516129032 11.6387096774194 0 0 0 "CY" 2004
1 2005 2.13870967741935 12.658064516129 0 0 0 "CY" 2005
1 2006 1.53225806451613 11.808064516129 0 0 0 "CY" 2006
1 2007 1.16774193548387 11.6096774193548 0 0 0 "CY" 2007
1 2008 1.50967741935484 10.5016129032258 0 0 0 "CY" 2008
1 2009 3.19677419354839 13.2048387096774 0 0 0 "CY" 2009
1 2011 3.16129032258065 13.0451612903226 0 0 0 "CY" 2011
1 2012 7.5258064516129 11.9193548387097 0 0 0 "CY" 2012
1 2013 1.92258064516129 12.6645161290323 0 0 0 "CY" 2013
2 1971 4.17857142857143 11.8928571428571 0 0 0 "CY" 1971
2 1972 0.996296296296296 10.6703703703704 0 0 0 "CY" 1972
2 1973 1.58214285714286 13.7714285714286 0 0 0 "CY" 1973
2 1974 1.54230769230769 12.375 0 0 0 "CY" 1974
2 1975 3.34642857142857 11.4571428571429 0 0 0 "CY" 1975
2 1976 2.17586206896552 10.3172413793103 0 0 0 "CY" 1976
2 1977 1.42857142857143 12.5196428571429 0 0 0 "CY" 1977
2 1978 2.425 12.9017857142857 0 0 0 "CY" 1978
2 1979 1.73571428571429 13.2642857142857 0 0 0 "CY" 1979
2 1980 2.43448275862069 11.1534482758621 0 0 0 "CY" 1980
2 1981 2.33928571428571 12.2446428571429 0 0 0 "CY" 1981
2 1982 1.36428571428571 10.4571428571429 0 0 0 "CY" 1982
2 1983 3.83846153846154 10.4596153846154 0 0 0 "CY" 1983
2 1984 1.6448275862069 12.3103448275862 0 0 0 "CY" 1984
2 1985 2.93571428571429 10.7125 0 0 0 "CY" 1985
2 2002 2.025 13.4053571428571 0 0 0 "CY" 2002
2 2003 5.15357142857143 10.9857142857143 0 0 0 "CY" 2003
2 2004 1.93793103448276 11.9827586206897 0 0 0 "CY" 2004
2 2005 1.87142857142857 11.5321428571429 0 0 0 "CY" 2005
2 2006 2.46428571428571 12.3232142857143 0 0 0 "CY" 2006
2 2007 3.47857142857143 12.6053571428571 0 0 0 "CY" 2007
2 2008 1.92413793103448 10.9844827586207 0 0 0 "CY" 2008
2 2009 4.75357142857143 12.9517857142857 0 0 0 "CY" 2009
2 2011 3.55714285714286 12.8857142857143 0 0 0 "CY" 2011
2 2012 3.57931034482759 11.4568965517241 0 0 0 "CY" 2012
2 2013 1.84642857142857 13.7035714285714 0 0 0 "CY" 2013
3 1971 1.04193548387097 13.5741935483871 0 0 0 "CY" 1971
3 1972 0.817241379310345 13.8086206896552 0 0 0 "CY" 1972
3 1973 0.47741935483871 13.6016129032258 0 0 0 "CY" 1973
3 1974 1.94 13.9316666666667 0 0 0 "CY" 1974
3 1975 0.819354838709677 13.541935483871 0 0 0 "CY" 1975
3 1976 2.76451612903226 13.0032258064516 0 0 0 "CY" 1976
3 1977 1.55483870967742 12.7387096774194 0 0 0 "CY" 1977
3 1978 2.4 13.5129032258065 0 0 0 "CY" 1978
3 1979 1.75161290322581 13.7677419354839 0 0 0 "CY" 1979
3 1980 2.55483870967742 13.0193548387097 0 0 0 "CY" 1980
3 1981 1.33870967741935 14.2532258064516 0 0 0 "CY" 1981
3 1982 3.23870967741935 12.1790322580645 0 0 0 "CY" 1982
3 1983 2.19333333333333 12.1866666666667 0 0 0 "CY" 1983
3 1984 1.41935483870968 13.5338709677419 0 0 0 "CY" 1984
3 1985 1.05806451612903 12.1806451612903 0 0 0 "CY" 1985
3 2002 1.63548387096774 14.7241935483871 0 0 0 "CY" 2002
3 2003 1.34193548387097 12.5032258064516 0 0 0 "CY" 2003
3 2004 0.032258064516129 13.8629032258065 0 0 0 "CY" 2004
3 2005 1.15806451612903 14.2774193548387 0 0 0 "CY" 2005
3 2006 1.51612903225806 14.2564516129032 0 0 0 "CY" 2006
3 2007 1.3258064516129 13.8596774193548 0 0 0 "CY" 2007
3 2008 0.845161290322581 15.5306451612903 0 0 0 "CY" 2008
3 2009 2.24838709677419 13.4322580645161 0 0 0 "CY" 2009
3 2011 1.71290322580645 13.5629032258065 0 0 0 "CY" 2011
3 2012 0.835483870967742 12.891935483871 0 0 0 "CY" 2012
3 2013 0.687096774193548 14.6725806451613 0 0 0 "CY" 2013
4 1971 2.50333333333333 14.8416666666667 0 0 0 "CY" 1971
4 1972 0.489285714285714 17.5857142857143 0 0 0 "CY" 1972
4 1973 0.59 15.9466666666667 0 0 0 "CY" 1973
4 1974 0.266666666666667 15.7816666666667 0 0 0 "CY" 1974
4 1975 1.50666666666667 17.4116666666667 0 0 0 "CY" 1975
4 1976 2.58275862068966 15.4827586206897 0 0 0 "CY" 1976
4 1977 1.29666666666667 16.0983333333333 0 0 0 "CY" 1977
4 1978 1.23666666666667 15.445 0 0 0 "CY" 1978
4 1979 0.866666666666667 16.3183333333333 0 0 0 "CY" 1979
4 1980 0.743333333333333 15.2533333333333 0 0 0 "CY" 1980
4 1981 0.533333333333333 16.3233333333333 0 0 0 "CY" 1981
4 1982 0.0821428571428571 15.9785714285714 0 0 0 "CY" 1982
4 1983 1.08333333333333 15.2866666666667 0 0 0 "CY" 1983
4 1984 1.55172413793103 15.7706896551724 0 0 0 "CY" 1984
4 1985 0.0966666666666667 15.9933333333333 0 0 0 "CY" 1985
4 2002 0.47 16.815 0 0 0 "CY" 2002
4 2003 0.603333333333333 16.1316666666667 0 0 0 "CY" 2003
4 2004 0.156666666666667 16.1666666666667 0 0 0 "CY" 2004
4 2005 0.296666666666667 16.825 0 0 0 "CY" 2005
4 2006 0.633333333333333 16.625 0 0 0 "CY" 2006
4 2007 1.51 15.6833333333333 0 0 0 "CY" 2007
4 2008 0.366666666666667 17.36 0 0 0 "CY" 2008
4 2009 0.943333333333333 16.3833333333333 0 0 0 "CY" 2009
4 2011 0.913333333333333 16.6216666666667 0 0 0 "CY" 2011
4 2012 0.856666666666667 16.4066666666667 0 0 0 "CY" 2012
4 2013 2.30333333333333 17.1733333333333 0 0 0 "CY" 2013
5 1971 0.367741935483871 20.1967741935484 0 0 0 "CY" 1971
5 1972 0.406666666666667 19.545 0 0 0 "CY" 1972
5 1973 0.841935483870968 20.8241935483871 0 0 0 "CY" 1973
5 1974 0.13 18.97 0 0 0 "CY" 1974
5 1975 1.00322580645161 19.3612903225806 0 0 0 "CY" 1975
5 1976 1.2741935483871 19.6225806451613 0 0 0 "CY" 1976
5 1977 0 19.9096774193548 0 0 0 "CY" 1977
5 1978 0 20.0887096774194 0 0 0 "CY" 1978
5 1979 0.216129032258065 19.6258064516129 0 0 0 "CY" 1979
5 1980 0.0258064516129032 18.6354838709677 0 0 0 "CY" 1980
5 1981 0.174193548387097 18.1145161290323 0 0 0 "CY" 1981
5 1982 0.0433333333333333 19.1633333333333 0 0 0 "CY" 1982
5 1983 0.135483870967742 19.5741935483871 0 0 0 "CY" 1983
5 1984 0 19.9854838709677 0 0 0 "CY" 1984
5 1985 0.0709677419354839 20.7241935483871 0 0 0 "CY" 1985
5 2002 0.0451612903225806 20.3935483870968 0 0 0 "CY" 2002
5 2003 0.32258064516129 22.3016129032258 0 0 0 "CY" 2003
5 2004 0 19.9241935483871 0 0 0 "CY" 2004
5 2005 0.0774193548387097 20.2951612903226 0 0 0 "CY" 2005
5 2006 0.0870967741935484 20.2564516129032 0 0 0 "CY" 2006
5 2007 1.11935483870968 20.4774193548387 0 0 0 "CY" 2007
5 2008 0.0225806451612903 20.1612903225806 0 0 0 "CY" 2008
5 2009 0.854838709677419 19.9435483870968 0 0 0 "CY" 2009
5 2011 0.435483870967742 20.2016129032258 0 0 0 "CY" 2011
5 2012 0.161290322580645 20.7564516129032 0 0 0 "CY" 2012
5 2013 1.57096774193548 21.9096774193548 0 0 0 "CY" 2013
6 1971 0 24.5483333333333 0 0 0 "CY" 1971
6 1973 0.0333333333333333 24.1483333333333 0 0 0 "CY" 1973
6 1974 0.0206896551724138 24.3120689655172 0 0 0 "CY" 1974
6 1975 0.103333333333333 23.65 0 0 0 "CY" 1975
6 1976 0 23.2810344827586 0 0 0 "CY" 1976
6 1977 0.0533333333333333 24.2283333333333 0 0 0 "CY" 1977
6 1978 0 24.2083333333333 0 0 0 "CY" 1978
6 1979 0.536666666666667 24.735 0 0 0 "CY" 1979
6 1980 0.0133333333333333 23.17 0 0 0 "CY" 1980
6 1981 0.0166666666666667 24.095 0 0 0 "CY" 1981
6 1982 0.663333333333333 23.14 0 0 0 "CY" 1982
6 1983 0.0379310344827586 23.0086206896552 0 0 0 "CY" 1983
6 1984 0 23.4483333333333 0 0 0 "CY" 1984
6 1985 0 23.8916666666667 0 0 0 "CY" 1985
6 2002 0 24.8633333333333 0 0 0 "CY" 2002
6 2003 0.356666666666667 25.2033333333333 0 0 0 "CY" 2003
6 2004 0 24.42 0 0 0 "CY" 2004
6 2005 0 24.2583333333333 0 0 0 "CY" 2005
6 2006 0 24.7616666666667 0 0 0 "CY" 2006
6 2007 0.01 25.5933333333333 0 0 0 "CY" 2007
6 2008 0 25.5966666666667 0 0 0 "CY" 2008
6 2009 0 25.4933333333333 0 0 0 "CY" 2009
6 2011 0 24.7633333333333 0 0 0 "CY" 2011
6 2012 0.1 24.895 0 0 0 "CY" 2012
6 2013 0 24.95 0 0 0 "CY" 2013
7 1971 0 26.2203703703704 0 0 0 "CY" 1971
7 1972 0 26.0537037037037 0 0 0 "CY" 1972
7 1973 0 27.8322580645161 0 0 0 "CY" 1973
7 1974 0 27.0048387096774 0 0 0 "CY" 1974
7 1975 0 26.4564516129032 0 0 0 "CY" 1975
7 1976 0 25.4177419354839 0 0 0 "CY" 1976
7 1977 0.0387096774193548 27.7161290322581 0 0 0 "CY" 1977
7 1978 0 27.0967741935484 0 0 0 "CY" 1978
7 1979 0.00967741935483871 26.1193548387097 0 0 0 "CY" 1979
7 1980 0 26.5177419354839 0 0 0 "CY" 1980
7 1981 0 26.1935483870968 0 0 0 "CY" 1981
7 1982 0 25.891935483871 0 0 0 "CY" 1982
7 1983 0 26.1758064516129 0 0 0 "CY" 1983
7 1984 0.00967741935483871 25.9403225806452 0 0 0 "CY" 1984
7 1985 0 26.1806451612903 0 0 0 "CY" 1985
7 2002 0 28.3 0 0 0 "CY" 2002
7 2003 0 27.9016129032258 0 0 0 "CY" 2003
7 2004 0 27.4483870967742 0 0 0 "CY" 2004
7 2005 0 28.1645161290323 0 0 0 "CY" 2005
7 2006 0 27.6693548387097 0 0 0 "CY" 2006
7 2007 0 28.208064516129 0 0 0 "CY" 2007
7 2008 0 28.3548387096774 0 0 0 "CY" 2008
7 2009 0 28.2338709677419 0 0 0 "CY" 2009
7 2011 0 27.7887096774194 0 0 0 "CY" 2011
7 2012 0 28.4741935483871 0 0 0 "CY" 2012
7 2013 0 26.7774193548387 0 0 0 "CY" 2013
8 1971 0 27.0428571428571 0 0 0 "CY" 1971
8 1972 0.203448275862069 26.748275862069 0 0 0 "CY" 1972
8 1974 0 26.2370967741935 0 0 0 "CY" 1974
8 1975 0 25.9306451612903 0 0 0 "CY" 1975
8 1976 0 25.2806451612903 0 0 0 "CY" 1976
8 1977 0 26.9370967741935 0 0 0 "CY" 1977
8 1978 0 25.7967741935484 0 0 0 "CY" 1978
8 1979 0 26.3645161290323 0 0 0 "CY" 1979
8 1981 0 27.0693548387097 0 0 0 "CY" 1981
8 1982 0 26.441935483871 0 0 0 "CY" 1982
8 1983 0 26.3 0 0 0 "CY" 1983
8 1984 0 25.6258064516129 0 0 0 "CY" 1984
8 1985 0 27.1935483870968 0 0 0 "CY" 1985
8 2002 0 27.7548387096774 0 0 0 "CY" 2002
8 2003 0 27.7822580645161 0 0 0 "CY" 2003
8 2004 0 27.2467741935484 0 0 0 "CY" 2004
8 2005 0 27.7370967741935 0 0 0 "CY" 2005
8 2006 0 28.0629032258065 0 0 0 "CY" 2006
8 2007 0 28.1451612903226 0 0 0 "CY" 2007
8 2008 0 28.6725806451613 0 0 0 "CY" 2008
8 2009 0 27.5048387096774 0 0 0 "CY" 2009
8 2011 0 28.0274193548387 0 0 0 "CY" 2011
8 2012 0 28.7532258064516 0 0 0 "CY" 2012
8 2013 0 27.8129032258065 0 0 0 "CY" 2013
9 1971 0 24.2833333333333 0 0 0 "CY" 1971
9 1972 0.0533333333333333 25.2533333333333 0 0 0 "CY" 1972
9 1973 0 25.0266666666667 0 0 0 "CY" 1973
9 1974 0.00666666666666667 24.3033333333333 0 0 0 "CY" 1974
9 1975 0.00333333333333333 24.3183333333333 0 0 0 "CY" 1975
9 1976 0.166666666666667 23.6733333333333 0 0 0 "CY" 1976
9 1977 0 24.68 0 0 0 "CY" 1977
9 1978 0.00666666666666667 23.74 0 0 0 "CY" 1978
9 1979 0 24.845 0 0 0 "CY" 1979
9 1981 0 23.7083333333333 0 0 0 "CY" 1981
9 1982 0 24.9534482758621 0 0 0 "CY" 1982
9 1983 0.0103448275862069 23.6172413793103 0 0 0 "CY" 1983
9 1984 0 24.1516666666667 0 0 0 "CY" 1984
9 1985 0.00333333333333333 24.7216666666667 0 0 0 "CY" 1985
9 2002 0 24.9 0 0 0 "CY" 2002
9 2003 0.0366666666666667 24.4133333333333 0 0 0 "CY" 2003
9 2004 0 24.2883333333333 0 0 0 "CY" 2004
9 2005 0.00333333333333333 25.0966666666667 0 0 0 "CY" 2005
9 2006 0.11 25.385 0 0 0 "CY" 2006
9 2007 0 25.1316666666667 0 0 0 "CY" 2007
9 2008 0.573333333333333 25.525 0 0 0 "CY" 2008
9 2009 0.92 24.8583333333333 0 0 0 "CY" 2009
9 2011 0.706666666666667 25.6933333333333 0 0 0 "CY" 2011
9 2012 0.00333333333333333 25.3533333333333 0 0 0 "CY" 2012
9 2013 0 25.0233333333333 0 0 0 "CY" 2013
10 1971 0.0769230769230769 20.7076923076923 0 0 0 "CY" 1971
10 1972 0.735483870967742 20.9983870967742 0 0 0 "CY" 1972
10 1973 3.00967741935484 21.7532258064516 0 0 0 "CY" 1973
10 1974 1.01290322580645 21.5758064516129 0 0 0 "CY" 1974
10 1975 0.416129032258065 20.9645161290323 0 0 0 "CY" 1975
10 1976 1.82258064516129 20.9693548387097 0 0 0 "CY" 1976
10 1977 0.754838709677419 19.158064516129 0 0 0 "CY" 1977
10 1978 3.44516129032258 21.2387096774194 0 0 0 "CY" 1978
10 1979 0.756666666666667 21.755 0 0 0 "CY" 1979
10 1981 0.0580645161290323 21.9258064516129 0 0 0 "CY" 1981
10 1982 0.841935483870968 21.2193548387097 0 0 0 "CY" 1982
10 1983 2.71290322580645 19.6258064516129 0 0 0 "CY" 1983
10 1984 0 20.8193548387097 0 0 0 "CY" 1984
10 1985 2.66129032258065 19.7048387096774 0 0 0 "CY" 1985
10 2002 0.0290322580645161 21.8306451612903 0 0 0 "CY" 2002
10 2003 0.0290322580645161 21.7032258064516 0 0 0 "CY" 2003
10 2004 0.280645161290323 22.3435483870968 0 0 0 "CY" 2004
10 2005 0.409677419354839 20.0032258064516 0 0 0 "CY" 2005
10 2006 3.98064516129032 21.6451612903226 0 0 0 "CY" 2006
10 2007 0.62258064516129 22.2435483870968 0 0 0 "CY" 2007
10 2008 1.19032258064516 21.0274193548387 0 0 0 "CY" 2008
10 2009 2.59354838709677 22.6483870967742 0 0 0 "CY" 2009
10 2011 0.712903225806452 20.9048387096774 0 0 0 "CY" 2011
10 2012 2.95483870967742 22.3532258064516 0 0 0 "CY" 2012
10 2013 1.25483870967742 19.5290322580645 0 0 0 "CY" 2013
11 1972 0.34 16.5316666666667 0 0 0 "CY" 1972
11 1973 2.13333333333333 15.31 0 0 0 "CY" 1973
11 1974 1.54666666666667 17.6416666666667 0 0 0 "CY" 1974
11 1975 3.36666666666667 16.7616666666667 0 0 0 "CY" 1975
11 1976 3.45666666666667 17.085 0 0 0 "CY" 1976
11 1977 0.26 17.21 0 0 0 "CY" 1977
11 1978 0.37 15.54 0 0 0 "CY" 1978
11 1979 5.02068965517241 18.0724137931034 0 0 0 "CY" 1979
11 1980 0.844444444444445 16.1333333333333 0 0 0 "CY" 1980
11 1981 1.96 15.6516666666667 0 0 0 "CY" 1981
11 1982 0.67 14.9216666666667 0 0 0 "CY" 1982
11 1983 1.48 18.2933333333333 0 0 0 "CY" 1983
11 1984 5.56666666666667 16.325 0 0 0 "CY" 1984
11 1985 3.51333333333333 17.4083333333333 0 0 0 "CY" 1985
11 2002 1.18666666666667 18.5833333333333 0 0 0 "CY" 2002
11 2003 1.33666666666667 17.5416666666667 0 0 0 "CY" 2003
11 2004 1.09666666666667 17.6516666666667 0 0 0 "CY" 2004
11 2005 2.12333333333333 15.62 0 0 0 "CY" 2005
11 2006 1.15666666666667 15.9433333333333 0 0 0 "CY" 2006
11 2007 2.18333333333333 18.1866666666667 0 0 0 "CY" 2007
11 2008 1.27333333333333 18.7433333333333 0 0 0 "CY" 2008
11 2009 0.93 17.2333333333333 0 0 0 "CY" 2009
11 2011 2.07 15.4816666666667 0 0 0 "CY" 2011
11 2012 3.35 18.6133333333333 0 0 0 "CY" 2012
11 2013 0.27 18.945 0 0 0 "CY" 2013
12 1971 1.55555555555556 12.8666666666667 0 0 0 "CY" 1971
12 1972 0.529032258064516 12.7596774193548 0 0 0 "CY" 1972
12 1973 0.754838709677419 13.791935483871 0 0 0 "CY" 1973
12 1974 4.41290322580645 12.95 0 0 0 "CY" 1974
12 1975 2.91935483870968 12.3258064516129 0 0 0 "CY" 1975
12 1976 1.91612903225806 13.8612903225806 0 0 0 "CY" 1976
12 1977 5.04516129032258 12.7903225806452 0 0 0 "CY" 1977
12 1978 2.2 14.4 0 0 0 "CY" 1978
12 1979 3.41935483870968 13.6596774193548 0 0 0 "CY" 1979
12 1980 2.16451612903226 14.0129032258065 0 0 0 "CY" 1980
12 1981 1.87096774193548 15.2596774193548 0 0 0 "CY" 1981
12 1982 2.71612903225806 12.7274193548387 0 0 0 "CY" 1982
12 1983 3.43225806451613 14.2870967741935 0 0 0 "CY" 1983
12 1984 3.24838709677419 11.8274193548387 0 0 0 "CY" 1984
12 1985 1.82903225806452 13.3725806451613 0 0 0 "CY" 1985
12 2002 5.67096774193548 13.491935483871 0 0 0 "CY" 2002
12 2003 2.97096774193548 13.8451612903226 0 0 0 "CY" 2003
12 2004 1.61612903225806 12.8854838709677 0 0 0 "CY" 2004
12 2005 0.432258064516129 14.0774193548387 0 0 0 "CY" 2005
12 2006 0.212903225806452 12.7177419354839 0 0 0 "CY" 2006
12 2007 2.93870967741936 14.0677419354839 0 0 0 "CY" 2007
12 2008 3.0741935483871 14.0838709677419 0 0 0 "CY" 2008
12 2010 5.66129032258065 15.7274193548387 0 0 0 "CY" 2010
12 2011 4.46129032258064 13.8645161290323 0 0 0 "CY" 2011
12 2012 8.11935483870968 14.75 0 0 0 "CY" 2012
12 2013 1.74333333333333 12.7916666666667 0 0 0 "CY" 2013
1 2010 6.57741935483871 8.80161290322581 0 0 0 "CY" 2010
1 2011 4.98064516129032 7.88225806451613 0 0 0 "CY" 2011
1 2012 11.9 5.28548387096774 0 0 0 "CY" 2012
1 2013 2.83548387096774 7.15161290322581 0 0 0 "CY" 2013
2 2010 5.43928571428571 9.42321428571429 0 0 0 "CY" 2010
2 2011 2.88214285714286 8.20357142857143 0 0 0 "CY" 2011
2 2012 5.14827586206897 6.25 0 0 0 "CY" 2012
2 2013 1.63571428571429 9.55714285714286 0 0 0 "CY" 2013
3 2010 0.0419354838709677 12.9 0 0 0 "CY" 2010
3 2011 3.54516129032258 10.1903225806452 0 0 0 "CY" 2011
3 2012 1.96129032258065 9.20645161290323 0 0 0 "CY" 2012
3 2013 0.641935483870968 11.6774193548387 0 0 0 "CY" 2013
4 2010 1.55 15.55 0 0 0 "CY" 2010
4 2011 3.80333333333333 12.4216666666667 0 0 0 "CY" 2011
4 2012 1.15666666666667 15.57 0 0 0 "CY" 2012
4 2013 1.50333333333333 15.24 0 0 0 "CY" 2013
5 2010 0.0548387096774194 19.9032258064516 0 0 0 "CY" 2010
5 2011 1.40645161290323 16.8032258064516 0 0 0 "CY" 2011
5 2012 1.33225806451613 18.0193548387097 0 0 0 "CY" 2012
5 2013 0.312903225806452 21.1516129032258 0 0 0 "CY" 2013
6 2010 1.09 22.2266666666667 0 0 0 "CY" 2010
6 2011 0.206666666666667 22.255 0 0 0 "CY" 2011
6 2012 0.483333333333333 24.7866666666667 0 0 0 "CY" 2012
6 2013 0 23.7566666666667 0 0 0 "CY" 2013
7 2010 1.24193548387097 26.0870967741935 0 0 0 "CY" 2010
7 2011 0 26.7661290322581 0 0 0 "CY" 2011
7 2012 0.103225806451613 27.4838709677419 0 0 0 "CY" 2012
7 2013 0.129032258064516 25.808064516129 0 0 0 "CY" 2013
8 2010 0 29.2983870967742 0 0 0 "CY" 2010
8 2011 0.0935483870967742 26.4951612903226 0 0 0 "CY" 2011
8 2012 0.251612903225806 26.6064516129032 0 0 0 "CY" 2012
8 2013 0 27.4645161290323 0 0 0 "CY" 2013
9 2010 0 24.635 0 0 0 "CY" 2010
9 2011 1.13666666666667 23.9133333333333 0 0 0 "CY" 2011
9 2012 0 24.1666666666667 0 0 0 "CY" 2012
9 2013 0.306666666666667 22.4533333333333 0 0 0 "CY" 2013
10 2009 17.9 15 0 0 0 "CY" 2009
10 2010 0.361290322580645 19.2741935483871 0 0 0 "CY" 2010
10 2011 0.17741935483871 16.891935483871 0 0 0 "CY" 2011
10 2012 1.64838709677419 19.6967741935484 0 0 0 "CY" 2012
10 2013 0.216129032258065 17.708064516129 0 0 0 "CY" 2013
11 2009 1.19666666666667 12.81 0 0 0 "CY" 2009
11 2010 0 17.7366666666667 0 0 0 "CY" 2010
11 2011 2.54 10.13 0 0 0 "CY" 2011
11 2012 3.45666666666667 14.6966666666667 0 0 0 "CY" 2012
11 2013 1.59333333333333 15.3233333333333 0 0 0 "CY" 2013
12 1976 2.53870967741935 8.90161290322581 0 0 0 "CY" 1976
12 1977 7.08709677419355 6.31935483870968 0 0 0 "CY" 1977
12 1978 6.09677419354839 8.10806451612903 0 0 0 "CY" 1978
12 1979 8.63870967741935 7.03225806451613 0 0 0 "CY" 1979
12 1981 3.66774193548387 8.67903225806452 0 0 0 "CY" 1981
12 1982 2.66451612903226 6.60161290322581 0 0 0 "CY" 1982
12 1983 2.56774193548387 8.27741935483871 0 0 0 "CY" 1983
12 1984 3.6 7.09516129032258 0 0 0 "CY" 1984
12 1985 3.33870967741935 9.15 0 0 0 "CY" 1985
12 1986 6.46129032258064 7.3 0 0 0 "CY" 1986
12 1987 5.08 8.10666666666667 0 0 0 "CY" 1987
12 1988 4.83666666666667 7.32666666666667 0 0 0 "CY" 1988
12 1989 1.11935483870968 8.38225806451613 0 0 0 "CY" 1989
12 1990 1.53225806451613 9.42258064516129 0 0 0 "CY" 1990
12 1991 13.8741935483871 5.58870967741935 0 0 0 "CY" 1991
12 1992 3.1 5.69354838709677 0 0 0 "CY" 1992
12 1993 0.438709677419355 10.2629032258065 0 0 0 "CY" 1993
12 1994 1.77096774193548 6.48548387096774 0 0 0 "CY" 1994
12 1995 0.251612903225806 8.13709677419355 0 0 0 "CY" 1995
12 1996 4.78064516129032 9.80967741935484 0 0 0 "CY" 1996
12 1997 3.6258064516129 8.63064516129032 0 0 0 "CY" 1997
12 1998 5.42258064516129 8.84032258064516 0 0 0 "CY" 1998
12 1999 1.73548387096774 11.0129032258065 0 0 0 "CY" 1999
12 2000 6.72258064516129 8.82258064516129 0 0 0 "CY" 2000
12 2001 7.77 7.445 0 0 0 "CY" 2001
12 2002 5.81935483870968 7.55161290322581 0 0 0 "CY" 2002
12 2003 5.69032258064516 8.5758064516129 0 0 0 "CY" 2003
12 2004 2.66774193548387 8.64838709677419 0 0 0 "CY" 2004
12 2005 1.2741935483871 11.1451612903226 0 0 0 "CY" 2005
12 2006 0.370967741935484 8.3758064516129 0 0 0 "CY" 2006
12 2007 3.60322580645161 8.55645161290323 0 0 0 "CY" 2007
12 2008 4.4 10.1532258064516 0 0 0 "CY" 2008
12 2009 6.15806451612903 9.99516129032258 0 0 0 "CY" 2009
12 2010 4.5 11.9693548387097 0 0 0 "CY" 2010
12 2011 5.26129032258064 8.64677419354839 0 0 0 "CY" 2011
12 2012 9.59354838709677 9.75161290322581 0 0 0 "CY" 2012
12 2013 2.92333333333333 7.935 0 0 0 "CY" 2013
1 2010 3.23225806451613 11.9806451612903 0 0 0 "CY" 2010
1 2011 2.18387096774194 11.5661290322581 0 0 0 "CY" 2011
1 2012 2.09354838709677 10.2483870967742 0 0 0 "CY" 2012
1 2013 1.73870967741935 10.8258064516129 0 0 0 "CY" 2013
2 2010 3.76428571428571 12.1875 0 0 0 "CY" 2010
2 2011 0.814285714285714 11.6089285714286 0 0 0 "CY" 2011
2 2012 1.66551724137931 9.88448275862069 0 0 0 "CY" 2012
2 2013 0.757142857142857 12.4446428571429 0 0 0 "CY" 2013
3 2010 0.112903225806452 14.9838709677419 0 0 0 "CY" 2010
3 2011 0.651612903225806 13.8951612903226 0 0 0 "CY" 2011
3 2012 0.329032258064516 12.3032258064516 0 0 0 "CY" 2012
3 2013 0.148387096774194 14.5064516129032 0 0 0 "CY" 2013
4 2010 1.23666666666667 18.9983333333333 0 0 0 "CY" 2010
4 2011 1.53333333333333 16.9466666666667 0 0 0 "CY" 2011
4 2012 0.77 18.4 0 0 0 "CY" 2012
4 2013 1.14666666666667 18.9266666666667 0 0 0 "CY" 2013
5 2010 0.0032258064516129 22.7322580645161 0 0 0 "CY" 2010
5 2011 1.44838709677419 21.5193548387097 0 0 0 "CY" 2011
5 2012 0.638709677419355 22.1322580645161 0 0 0 "CY" 2012
5 2013 1.84193548387097 24.1129032258065 0 0 0 "CY" 2013
6 2010 1.15333333333333 26.4516666666667 0 0 0 "CY" 2010
6 2011 1.75666666666667 26.6133333333333 0 0 0 "CY" 2011
6 2012 0.113333333333333 28.025 0 0 0 "CY" 2012
6 2013 0 26.8383333333333 0 0 0 "CY" 2013
7 2010 0 29.358064516129 0 0 0 "CY" 2010
7 2011 0 30.1693548387097 0 0 0 "CY" 2011
7 2012 0 31.6274193548387 0 0 0 "CY" 2012
7 2013 0.0806451612903226 29.6145161290323 0 0 0 "CY" 2013
8 2010 0 31.841935483871 0 0 0 "CY" 2010
8 2011 0 30.5516129032258 0 0 0 "CY" 2011
8 2012 0.193548387096774 31.0467741935484 0 0 0 "CY" 2012
8 2013 0 30.4532258064516 0 0 0 "CY" 2013
9 2010 0 27.5933333333333 0 0 0 "CY" 2010
9 2011 0.103333333333333 27.8 0 0 0 "CY" 2011
9 2012 0.01 27.425 0 0 0 "CY" 2012
9 2013 0.0333333333333333 26.2566666666667 0 0 0 "CY" 2013
10 1983 0 18.25 0 0 0 "CY" 1983
10 1984 11.6 17.75 0 0 0 "CY" 1984
10 1985 0 17.1 0 0 0 "CY" 1985
10 1986 63.3 23.3 0 0 0 "CY" 1986
10 1987 1.1 12.25 0 0 0 "CY" 1987
10 1988 2.4 16.3 0 0 0 "CY" 1988
10 1989 0 17.5 0 0 0 "CY" 1989
10 1990 0 24.9 0 0 0 "CY" 1990
10 1991 0 18.25 0 0 0 "CY" 1991
10 1992 0 21.6 0 0 0 "CY" 1992
10 1993 0 18.45 0 0 0 "CY" 1993
10 1994 0 20.8 0 0 0 "CY" 1994
10 1995 0 16.3 0 0 0 "CY" 1995
10 1996 0.9 16.3 0 0 0 "CY" 1996
10 1997 0 18.85 0 0 0 "CY" 1997
10 1998 0 19.7 0 0 0 "CY" 1998
10 1999 0 18.4 0 0 0 "CY" 1999
10 2000 0 18.45 0 0 0 "CY" 2000
10 2001 0 17.5 0 0 0 "CY" 2001
10 2002 0 18.05 0 0 0 "CY" 2002
10 2003 0 16.2 0 0 0 "CY" 2003
10 2004 0 21.1 0 0 0 "CY" 2004
10 2005 0.1 13.95 0 0 0 "CY" 2005
10 2006 1.6 19.75 0 0 0 "CY" 2006
10 2007 0 20.35 0 0 0 "CY" 2007
10 2008 0 21.25 0 0 0 "CY" 2008
10 2009 6.1 19 0 0 0 "CY" 2009
10 2010 0.00967741935483871 22.9903225806452 0 0 0 "CY" 2010
10 2011 0.067741935483871 21.3209677419355 0 0 0 "CY" 2011
10 2012 2.10322580645161 23.4854838709677 0 0 0 "CY" 2012
10 2013 0.209677419354839 20.6467741935484 0 0 0 "CY" 2013
11 1983 2.09666666666667 16.9616666666667 0 0 0 "CY" 1983
11 1984 2.83666666666667 14.5 0 0 0 "CY" 1984
11 1985 0.75 17.6566666666667 0 0 0 "CY" 1985
11 1986 0.856666666666667 14.02 0 0 0 "CY" 1986
11 1987 0.306666666666667 15.33 0 0 0 "CY" 1987
11 1988 2.01333333333333 13.655 0 0 0 "CY" 1988
11 1989 0.263333333333333 15.9183333333333 0 0 0 "CY" 1989
11 1990 0.0433333333333333 17.77 0 0 0 "CY" 1990
11 1991 1.38333333333333 16.5616666666667 0 0 0 "CY" 1991
11 1992 4.47 15.5733333333333 0 0 0 "CY" 1992
11 1993 1.03333333333333 14.7333333333333 0 0 0 "CY" 1993
11 1994 4.76 15.0733333333333 0 0 0 "CY" 1994
11 1995 0.976666666666667 13.3766666666667 0 0 0 "CY" 1995
11 1996 0.276666666666667 17.385 0 0 0 "CY" 1996
11 1997 2.09 16.675 0 0 0 "CY" 1997
11 1998 1.79333333333333 18.1383333333333 0 0 0 "CY" 1998
11 1999 0.353333333333333 16.7716666666667 0 0 0 "CY" 1999
11 2000 4.48 17.535 0 0 0 "CY" 2000
11 2001 3.70333333333333 15.8733333333333 0 0 0 "CY" 2001
11 2002 0.12 17.7316666666667 0 0 0 "CY" 2002
11 2003 0.403333333333333 16.8533333333333 0 0 0 "CY" 2003
11 2004 1.23 16.4116666666667 0 0 0 "CY" 2004
11 2005 2.46333333333333 15.1583333333333 0 0 0 "CY" 2005
11 2006 0.0666666666666667 14.9433333333333 0 0 0 "CY" 2006
11 2007 0.553333333333333 17.0433333333333 0 0 0 "CY" 2007
11 2008 0.14 17.87 0 0 0 "CY" 2008
11 2009 0.23 16.3766666666667 0 0 0 "CY" 2009
11 2010 0 19.4166666666667 0 0 0 "CY" 2010
11 2011 2.17666666666667 14.4283333333333 0 0 0 "CY" 2011
11 2012 1.40333333333333 18.4433333333333 0 0 0 "CY" 2012
11 2013 1.02333333333333 18.6583333333333 0 0 0 "CY" 2013
12 1983 1.80322580645161 12.5145161290323 0 0 0 "CY" 1983
12 1984 1.4741935483871 10.3709677419355 0 0 0 "CY" 1984
12 1985 1.96129032258065 12.3370967741935 0 0 0 "CY" 1985
12 1986 1.08709677419355 11.3725806451613 0 0 0 "CY" 1986
12 1987 2.06129032258065 11.9338709677419 0 0 0 "CY" 1987
12 1988 3.11935483870968 11.5854838709677 0 0 0 "CY" 1988
12 1989 0.887096774193548 12.1338709677419 0 0 0 "CY" 1989
12 1990 0.503225806451613 12.9451612903226 0 0 0 "CY" 1990
12 1991 5.08709677419355 10.2161290322581 0 0 0 "CY" 1991
12 1992 0.987096774193548 9.22903225806452 0 0 0 "CY" 1992
12 1993 0.112903225806452 13.5 0 0 0 "CY" 1993
12 1994 1.17096774193548 10.308064516129 0 0 0 "CY" 1994
12 1995 0.145161290322581 11.1709677419355 0 0 0 "CY" 1995
12 1996 1.53225806451613 13.8258064516129 0 0 0 "CY" 1996
12 1997 1.76129032258065 12.7322580645161 0 0 0 "CY" 1997
12 1998 2.20322580645161 13.1838709677419 0 0 0 "CY" 1998
12 1999 0.332258064516129 13.8403225806452 0 0 0 "CY" 1999
12 2000 3.06774193548387 12.4564516129032 0 0 0 "CY" 2000
12 2001 4.24516129032258 12.1177419354839 0 0 0 "CY" 2001
12 2002 4.35161290322581 11.1677419354839 0 0 0 "CY" 2002
12 2003 2.70322580645161 12.3403225806452 0 0 0 "CY" 2003
12 2004 1.8741935483871 11.4806451612903 0 0 0 "CY" 2004
12 2005 0.225806451612903 13.1774193548387 0 0 0 "CY" 2005
12 2006 0.1 11.5161290322581 0 0 0 "CY" 2006
12 2007 1.28387096774194 11.8112903225806 0 0 0 "CY" 2007
12 2008 1.82258064516129 12.7532258064516 0 0 0 "CY" 2008
12 2009 2.62258064516129 13.7016129032258 0 0 0 "CY" 2009
12 2010 1.28064516129032 15.0709677419355 0 0 0 "CY" 2010
12 2011 1.7258064516129 12.3983870967742 0 0 0 "CY" 2011
12 2012 2.61290322580645 13.5016129032258 0 0 0 "CY" 2012
12 2013 1.82333333333333 11.1716666666667 0 0 0 "CY" 2013
1 2010 3.4258064516129 14.9564516129032 0 0 0 "CY" 2010
1 2011 3.13548387096774 14.4064516129032 0 0 0 "CY" 2011
1 2012 6.27741935483871 12.8548387096774 0 0 0 "CY" 2012
1 2013 1.70967741935484 13.5612903225806 0 0 0 "CY" 2013
2 2010 1.73571428571429 14.8232142857143 0 0 0 "CY" 2010
2 2011 2.84285714285714 14.0535714285714 0 0 0 "CY" 2011
2 2012 1.99655172413793 12.4879310344828 0 0 0 "CY" 2012
2 2013 0.967857142857143 14.6767857142857 0 0 0 "CY" 2013
3 2010 0.0129032258064516 16.0322580645161 0 0 0 "CY" 2010
3 2011 2.26451612903226 14.5935483870968 0 0 0 "CY" 2011
3 2012 0.941935483870968 13.741935483871 0 0 0 "CY" 2012
3 2013 0.0967741935483871 15.5806451612903 0 0 0 "CY" 2013
4 2010 0.56 17.9683333333333 0 0 0 "CY" 2010
4 2011 1.53666666666667 17.3016666666667 0 0 0 "CY" 2011
4 2012 0.593333333333333 17.005 0 0 0 "CY" 2012
4 2013 1.01333333333333 18.295 0 0 0 "CY" 2013
5 2010 0.0129032258064516 20.7016129032258 0 0 0 "CY" 2010
5 2011 0.138709677419355 20.2854838709677 0 0 0 "CY" 2011
5 2012 0.841935483870968 20.1725806451613 0 0 0 "CY" 2012
5 2013 1.1258064516129 21.3435483870968 0 0 0 "CY" 2013
6 2010 0.01 24.1033333333333 0 0 0 "CY" 2010
6 2011 0 23.8366666666667 0 0 0 "CY" 2011
6 2012 0.04 24.0383333333333 0 0 0 "CY" 2012
6 2013 0 23.5783333333333 0 0 0 "CY" 2013
7 2010 0 25.9822580645161 0 0 0 "CY" 2010
7 2011 0 26.0306451612903 0 0 0 "CY" 2011
7 2012 0 27.4451612903226 0 0 0 "CY" 2012
7 2013 0 25.7758064516129 0 0 0 "CY" 2013
8 2010 0 28.0145161290323 0 0 0 "CY" 2010
8 2011 0 26.4032258064516 0 0 0 "CY" 2011
8 2012 0 27.6774193548387 0 0 0 "CY" 2012
8 2013 0 26.5322580645161 0 0 0 "CY" 2013
9 2010 0.01 25.9283333333333 0 0 0 "CY" 2010
9 2011 0.673333333333333 25.295 0 0 0 "CY" 2011
9 2012 0 25.145 0 0 0 "CY" 2012
9 2013 0.0666666666666667 25.0683333333333 0 0 0 "CY" 2013
10 2010 0.238709677419355 23.0645161290323 0 0 0 "CY" 2010
10 2011 0.535483870967742 21.7935483870968 0 0 0 "CY" 2011
10 2012 1.09032258064516 23.3290322580645 0 0 0 "CY" 2012
10 2013 0.290322580645161 20.6467741935484 0 0 0 "CY" 2013
11 1983 1.62413793103448 18.1793103448276 0 0 0 "CY" 1983
11 1984 2.32333333333333 16.9833333333333 0 0 0 "CY" 1984
11 1985 1.07333333333333 17.9283333333333 0 0 0 "CY" 1985
11 1986 0.25 15.8483333333333 0 0 0 "CY" 1986
11 1987 1.17 16.555 0 0 0 "CY" 1987
11 1988 0.606666666666667 15.3083333333333 0 0 0 "CY" 1988
11 1989 2.12333333333333 17.4866666666667 0 0 0 "CY" 1989
11 1990 0.373333333333333 18.015 0 0 0 "CY" 1990
11 1991 2.68 17.0066666666667 0 0 0 "CY" 1991
11 1992 4.89 17.2233333333333 0 0 0 "CY" 1992
11 1993 1.21666666666667 16.6733333333333 0 0 0 "CY" 1993
11 1994 5.87 16.6383333333333 0 0 0 "CY" 1994
11 1995 1.77 14.92 0 0 0 "CY" 1995
11 1996 0.0233333333333333 17.5516666666667 0 0 0 "CY" 1996
11 1997 2.95 17.635 0 0 0 "CY" 1997
11 1998 3.08333333333333 18.7416666666667 0 0 0 "CY" 1998
11 1999 0.176666666666667 17.9566666666667 0 0 0 "CY" 1999
11 2000 3.56 18.1716666666667 0 0 0 "CY" 2000
11 2001 2.59333333333333 17.6283333333333 0 0 0 "CY" 2001
11 2002 0.793333333333333 18.7633333333333 0 0 0 "CY" 2002
11 2003 0.693333333333333 18.095 0 0 0 "CY" 2003
11 2004 2.88333333333333 18.575 0 0 0 "CY" 2004
11 2005 2.01333333333333 16.9316666666667 0 0 0 "CY" 2005
11 2006 0.57 17.5883333333333 0 0 0 "CY" 2006
11 2007 2.52 18.8883333333333 0 0 0 "CY" 2007
11 2008 0.536666666666667 20.2833333333333 0 0 0 "CY" 2008
11 2009 1.08666666666667 18.2816666666667 0 0 0 "CY" 2009
11 2010 0 20.255 0 0 0 "CY" 2010
11 2011 2.41333333333333 16.65 0 0 0 "CY" 2011
11 2012 3.47666666666667 19.9466666666667 0 0 0 "CY" 2012
11 2013 1.04666666666667 20.015 0 0 0 "CY" 2013
12 1983 2.5741935483871 14.5370967741935 0 0 0 "CY" 1983
12 1984 1.99354838709677 12.8177419354839 0 0 0 "CY" 1984
12 1985 2.60322580645161 14.0209677419355 0 0 0 "CY" 1985
12 1986 2.26451612903226 13.7161290322581 0 0 0 "CY" 1986
12 1987 5.11290322580645 13.9387096774194 0 0 0 "CY" 1987
12 1988 5.52903225806452 13.6887096774194 0 0 0 "CY" 1988
12 1989 0.483870967741935 13.9177419354839 0 0 0 "CY" 1989
12 1990 1.90967741935484 15.2596774193548 0 0 0 "CY" 1990
12 1991 8.39032258064516 12.4354838709677 0 0 0 "CY" 1991
12 1992 1.76129032258065 11.5483870967742 0 0 0 "CY" 1992
12 1993 0.3 14.9983870967742 0 0 0 "CY" 1993
12 1994 1.11935483870968 12.2516129032258 0 0 0 "CY" 1994
12 1995 0.37741935483871 13.0709677419355 0 0 0 "CY" 1995
12 1996 2.56129032258065 15.5274193548387 0 0 0 "CY" 1996
12 1997 3.62258064516129 14.4629032258065 0 0 0 "CY" 1997
12 1998 5.85483870967742 14.9677419354839 0 0 0 "CY" 1998
12 1999 0.687096774193548 15.7822580645161 0 0 0 "CY" 1999
12 2000 2.00322580645161 14.641935483871 0 0 0 "CY" 2000
12 2001 7.6258064516129 14.391935483871 0 0 0 "CY" 2001
12 2002 3.56129032258065 14.0854838709677 0 0 0 "CY" 2002
12 2003 3.29677419354839 15.1032258064516 0 0 0 "CY" 2003
12 2004 2.12903225806452 14.1129032258065 0 0 0 "CY" 2004
12 2005 0.864516129032258 15.0548387096774 0 0 0 "CY" 2005
12 2006 0.138709677419355 14.8887096774194 0 0 0 "CY" 2006
12 2007 2.53548387096774 15.5032258064516 0 0 0 "CY" 2007
12 2008 2.9741935483871 16.0467741935484 0 0 0 "CY" 2008
12 2009 5.34516129032258 16.3870967741935 0 0 0 "CY" 2009
12 2010 2.28709677419355 17.2612903225806 0 0 0 "CY" 2010
12 2011 4.28064516129032 14.7274193548387 0 0 0 "CY" 2011
12 2012 5.46451612903226 15.9629032258065 0 0 0 "CY" 2012
12 2013 2.15 14.1083333333333 0 0 0 "CY" 2013
