"MONTH" "YEAR" "ave_mo_t" "opium_t" "mj_t" "coca_t" "fips" "year"
1 1993 23.15 0 0 0 "DR" 1993
1 1994 25.45 0 0 0 "DR" 1994
1 1996 23.2333333333333 0 0 0 "DR" 1996
1 1997 23.4769230769231 0 0 0 "DR" 1997
1 1998 25.5125 0 0 0 "DR" 1998
1 1999 24.425 0 0 0 "DR" 1999
1 2000 23.5772727272727 0 0 0 "DR" 2000
1 2001 23.5323529411765 0 0 0 "DR" 2001
1 2002 23.75 0 0 0 "DR" 2002
1 2003 23.3552631578947 0 0 0 "DR" 2003
1 2004 23.5142857142857 0 0 0 "DR" 2004
1 2005 23.1791666666667 0 0 0 "DR" 2005
1 2006 24.2375 0 0 0 "DR" 2006
1 2007 24.6617647058824 0 0 0 "DR" 2007
1 2008 23.7088235294118 0 0 0 "DR" 2008
1 2009 24.0638888888889 0 0 0 "DR" 2009
1 2010 24.0566666666667 0 0 0 "DR" 2010
1 2011 23.6045454545455 0 0 0 "DR" 2011
1 2012 23.3404761904762 0 0 0 "DR" 2012
1 2013 23.9789473684211 0 0 0 "DR" 2013
1 2015 23.8642857142857 0 0 0 "DR" 2015
1 2016 23.65 0 0 0 "DR" 2016
1 2017 24.0733333333333 0 0 0 "DR" 2017
1 2018 24.6895833333333 0 0 0 "DR" 2018
1 2019 23.9346153846154 0 0 0 "DR" 2019
2 1993 22.7 0 0 0 "DR" 1993
2 1994 24.9 0 0 0 "DR" 1994
2 1996 24.19 0 0 0 "DR" 1996
2 1997 23.7588235294118 0 0 0 "DR" 1997
2 1998 24.3214285714286 0 0 0 "DR" 1998
2 1999 23.525 0 0 0 "DR" 1999
2 2000 23.2388888888889 0 0 0 "DR" 2000
2 2001 23.8576923076923 0 0 0 "DR" 2001
2 2002 23.1961538461538 0 0 0 "DR" 2002
2 2003 23.8690476190476 0 0 0 "DR" 2003
2 2005 21.9911764705882 0 0 0 "DR" 2005
2 2006 23.4458333333333 0 0 0 "DR" 2006
2 2007 24.625 0 0 0 "DR" 2007
2 2008 24.275 0 0 0 "DR" 2008
2 2009 23.5230769230769 0 0 0 "DR" 2009
2 2010 24.3875 0 0 0 "DR" 2010
2 2011 24.5 0 0 0 "DR" 2011
2 2012 23.6538461538462 0 0 0 "DR" 2012
2 2013 24.0625 0 0 0 "DR" 2013
2 2015 24.7357142857143 0 0 0 "DR" 2015
2 2016 22.5805555555556 0 0 0 "DR" 2016
2 2017 24.8454545454545 0 0 0 "DR" 2017
2 2018 23.876 0 0 0 "DR" 2018
3 1993 24.775 0 0 0 "DR" 1993
3 1994 23.975 0 0 0 "DR" 1994
3 1996 24.2583333333333 0 0 0 "DR" 1996
3 1997 24.5266666666667 0 0 0 "DR" 1997
3 1998 25.2125 0 0 0 "DR" 1998
3 1999 24.2 0 0 0 "DR" 1999
3 2000 23.3266666666667 0 0 0 "DR" 2000
3 2001 24.6892857142857 0 0 0 "DR" 2001
3 2002 23.3576923076923 0 0 0 "DR" 2002
3 2003 25.3076923076923 0 0 0 "DR" 2003
3 2004 24.1833333333333 0 0 0 "DR" 2004
3 2005 23.96875 0 0 0 "DR" 2005
3 2006 24.3892857142857 0 0 0 "DR" 2006
3 2007 24.4710526315789 0 0 0 "DR" 2007
3 2008 24.2769230769231 0 0 0 "DR" 2008
3 2009 23.14 0 0 0 "DR" 2009
3 2010 25.6227272727273 0 0 0 "DR" 2010
3 2011 23.8366666666667 0 0 0 "DR" 2011
3 2012 23.697619047619 0 0 0 "DR" 2012
3 2013 24.28 0 0 0 "DR" 2013
3 2015 24.855 0 0 0 "DR" 2015
3 2016 23.6166666666667 0 0 0 "DR" 2016
3 2017 24.65 0 0 0 "DR" 2017
3 2018 24.0184210526316 0 0 0 "DR" 2018
4 1993 23.85 0 0 0 "DR" 1993
4 1994 26.0375 0 0 0 "DR" 1994
4 1996 25.6777777777778 0 0 0 "DR" 1996
4 1997 25.22 0 0 0 "DR" 1997
4 1998 25.4714285714286 0 0 0 "DR" 1998
4 1999 24.7666666666667 0 0 0 "DR" 1999
4 2000 24.8409090909091 0 0 0 "DR" 2000
4 2001 24.8225 0 0 0 "DR" 2001
4 2002 24.0791666666667 0 0 0 "DR" 2002
4 2003 24.8115384615385 0 0 0 "DR" 2003
4 2004 23.9222222222222 0 0 0 "DR" 2004
4 2005 25.2916666666667 0 0 0 "DR" 2005
4 2006 24.3233333333333 0 0 0 "DR" 2006
4 2007 24.8823529411765 0 0 0 "DR" 2007
4 2008 25.1125 0 0 0 "DR" 2008
4 2009 24.7791666666667 0 0 0 "DR" 2009
4 2010 25.7157894736842 0 0 0 "DR" 2010
4 2011 25.16 0 0 0 "DR" 2011
4 2012 24.7880952380952 0 0 0 "DR" 2012
4 2013 24.68 0 0 0 "DR" 2013
4 2015 24.8642857142857 0 0 0 "DR" 2015
4 2016 25.5884615384615 0 0 0 "DR" 2016
4 2017 25.3466666666667 0 0 0 "DR" 2017
4 2018 25.9107142857143 0 0 0 "DR" 2018
5 1993 25.7666666666667 0 0 0 "DR" 1993
5 1994 27 0 0 0 "DR" 1994
5 1996 26.1346153846154 0 0 0 "DR" 1996
5 1997 27.7583333333333 0 0 0 "DR" 1997
5 1998 26.7035714285714 0 0 0 "DR" 1998
5 1999 26.902380952381 0 0 0 "DR" 1999
5 2000 25.525 0 0 0 "DR" 2000
5 2001 25.54 0 0 0 "DR" 2001
5 2002 25.7588235294118 0 0 0 "DR" 2002
5 2003 27.0068181818182 0 0 0 "DR" 2003
5 2004 25.296 0 0 0 "DR" 2004
5 2005 26.0625 0 0 0 "DR" 2005
5 2006 26 0 0 0 "DR" 2006
5 2007 26.5473684210526 0 0 0 "DR" 2007
5 2008 26.153125 0 0 0 "DR" 2008
5 2009 25.8652173913043 0 0 0 "DR" 2009
5 2010 26.9613636363636 0 0 0 "DR" 2010
5 2011 25.645 0 0 0 "DR" 2011
5 2012 25.3125 0 0 0 "DR" 2012
5 2013 26.3384615384615 0 0 0 "DR" 2013
5 2015 27.16 0 0 0 "DR" 2015
5 2016 26.490625 0 0 0 "DR" 2016
5 2017 26.7 0 0 0 "DR" 2017
5 2018 26.8857142857143 0 0 0 "DR" 2018
6 1993 26.65 0 0 0 "DR" 1993
6 1994 29.475 0 0 0 "DR" 1994
6 1996 27.4772727272727 0 0 0 "DR" 1996
6 1997 28.1285714285714 0 0 0 "DR" 1997
6 1998 28.1772727272727 0 0 0 "DR" 1998
6 1999 27.2727272727273 0 0 0 "DR" 1999
6 2000 26.3285714285714 0 0 0 "DR" 2000
6 2001 27.19375 0 0 0 "DR" 2001
6 2002 27.0277777777778 0 0 0 "DR" 2002
6 2003 28.2931818181818 0 0 0 "DR" 2003
6 2004 27.359375 0 0 0 "DR" 2004
6 2005 26.865 0 0 0 "DR" 2005
6 2006 27.2272727272727 0 0 0 "DR" 2006
6 2007 26.775 0 0 0 "DR" 2007
6 2008 26.7230769230769 0 0 0 "DR" 2008
6 2009 27.0083333333333 0 0 0 "DR" 2009
6 2010 27.85625 0 0 0 "DR" 2010
6 2011 26.5346153846154 0 0 0 "DR" 2011
6 2012 27.25 0 0 0 "DR" 2012
6 2013 28.0642857142857 0 0 0 "DR" 2013
6 2015 27.85 0 0 0 "DR" 2015
6 2016 28.005 0 0 0 "DR" 2016
6 2017 27.4147058823529 0 0 0 "DR" 2017
6 2018 29 0 0 0 "DR" 2018
7 1993 26.83 0 0 0 "DR" 1993
7 1994 28 0 0 0 "DR" 1994
7 1996 27.7266666666667 0 0 0 "DR" 1996
7 1997 28.18 0 0 0 "DR" 1997
7 1998 28.0392857142857 0 0 0 "DR" 1998
7 1999 27.121875 0 0 0 "DR" 1999
7 2000 27.66875 0 0 0 "DR" 2000
7 2001 27.5633333333333 0 0 0 "DR" 2001
7 2002 27.5291666666667 0 0 0 "DR" 2002
7 2003 27.7613636363636 0 0 0 "DR" 2003
7 2004 27.3115384615385 0 0 0 "DR" 2004
7 2005 27.0142857142857 0 0 0 "DR" 2005
7 2006 27.4 0 0 0 "DR" 2006
7 2007 27.5041666666667 0 0 0 "DR" 2007
7 2008 27.2888888888889 0 0 0 "DR" 2008
7 2009 28.3545454545455 0 0 0 "DR" 2009
7 2010 27.7361111111111 0 0 0 "DR" 2010
7 2011 27.5342105263158 0 0 0 "DR" 2011
7 2012 28.1892857142857 0 0 0 "DR" 2012
7 2013 27.65 0 0 0 "DR" 2013
7 2015 29.0375 0 0 0 "DR" 2015
7 2016 28.0071428571429 0 0 0 "DR" 2016
7 2017 28.22 0 0 0 "DR" 2017
7 2018 29.3833333333333 0 0 0 "DR" 2018
8 1993 27.4875 0 0 0 "DR" 1993
8 1996 28.1535714285714 0 0 0 "DR" 1996
8 1997 29.0625 0 0 0 "DR" 1997
8 1998 28.15 0 0 0 "DR" 1998
8 1999 28.21875 0 0 0 "DR" 1999
8 2000 27.0966666666667 0 0 0 "DR" 2000
8 2001 27.7269230769231 0 0 0 "DR" 2001
8 2002 27.63 0 0 0 "DR" 2002
8 2003 28.242 0 0 0 "DR" 2003
8 2004 28.35 0 0 0 "DR" 2004
8 2005 27.795 0 0 0 "DR" 2005
8 2006 26.809375 0 0 0 "DR" 2006
8 2007 27.6944444444444 0 0 0 "DR" 2007
8 2008 27.9708333333333 0 0 0 "DR" 2008
8 2009 27.7333333333333 0 0 0 "DR" 2009
8 2010 27.975 0 0 0 "DR" 2010
8 2011 27.8526315789474 0 0 0 "DR" 2011
8 2012 27.7176470588235 0 0 0 "DR" 2012
8 2013 28.1961538461538 0 0 0 "DR" 2013
8 2015 28.625 0 0 0 "DR" 2015
8 2016 27.5125 0 0 0 "DR" 2016
8 2017 28.7578947368421 0 0 0 "DR" 2017
8 2018 28.3928571428571 0 0 0 "DR" 2018
9 1993 27.4833333333333 0 0 0 "DR" 1993
9 1996 27.48 0 0 0 "DR" 1996
9 1997 28.7333333333333 0 0 0 "DR" 1997
9 1998 27.58 0 0 0 "DR" 1998
9 1999 27.675 0 0 0 "DR" 1999
9 2000 27.6941176470588 0 0 0 "DR" 2000
9 2001 27.1214285714286 0 0 0 "DR" 2001
9 2002 27.0211538461538 0 0 0 "DR" 2002
9 2003 27.8166666666667 0 0 0 "DR" 2003
9 2004 26.9777777777778 0 0 0 "DR" 2004
9 2005 27.5772727272727 0 0 0 "DR" 2005
9 2006 27.7071428571429 0 0 0 "DR" 2006
9 2007 27.75 0 0 0 "DR" 2007
9 2008 27.3775 0 0 0 "DR" 2008
9 2009 27.8166666666667 0 0 0 "DR" 2009
9 2010 27.4125 0 0 0 "DR" 2010
9 2011 27.2694444444444 0 0 0 "DR" 2011
9 2012 27.4666666666667 0 0 0 "DR" 2012
9 2013 27.6041666666667 0 0 0 "DR" 2013
9 2015 28.875 0 0 0 "DR" 2015
9 2016 27.9230769230769 0 0 0 "DR" 2016
9 2017 28.45 0 0 0 "DR" 2017
9 2018 28.7433333333333 0 0 0 "DR" 2018
10 1993 27.3333333333333 0 0 0 "DR" 1993
10 1994 28.675 0 0 0 "DR" 1994
10 1995 28.7833333333333 0 0 0 "DR" 1995
10 1996 27.1863636363636 0 0 0 "DR" 1996
10 1997 27.1714285714286 0 0 0 "DR" 1997
10 1998 27.3138888888889 0 0 0 "DR" 1998
10 1999 27.525 0 0 0 "DR" 1999
10 2000 26.5307692307692 0 0 0 "DR" 2000
10 2001 27.2029411764706 0 0 0 "DR" 2001
10 2002 27.2818181818182 0 0 0 "DR" 2002
10 2003 27.6729166666667 0 0 0 "DR" 2003
10 2004 26.5107142857143 0 0 0 "DR" 2004
10 2005 27.0235294117647 0 0 0 "DR" 2005
10 2006 27.425 0 0 0 "DR" 2006
10 2007 27.2588235294118 0 0 0 "DR" 2007
10 2008 26.528125 0 0 0 "DR" 2008
10 2009 27.7409090909091 0 0 0 "DR" 2009
10 2010 27.0138888888889 0 0 0 "DR" 2010
10 2011 27.0277777777778 0 0 0 "DR" 2011
10 2012 27.2285714285714 0 0 0 "DR" 2012
10 2013 27.425 0 0 0 "DR" 2013
10 2015 28.0375 0 0 0 "DR" 2015
10 2016 26.97 0 0 0 "DR" 2016
10 2017 27.5954545454545 0 0 0 "DR" 2017
10 2018 27.3444444444444 0 0 0 "DR" 2018
11 1992 24.875 0 0 0 "DR" 1992
11 1993 26.4285714285714 0 0 0 "DR" 1993
11 1996 26.7541666666667 0 0 0 "DR" 1996
11 1997 26.6928571428571 0 0 0 "DR" 1997
11 1998 25.6392857142857 0 0 0 "DR" 1998
11 1999 25.5527777777778 0 0 0 "DR" 1999
11 2000 25.71 0 0 0 "DR" 2000
11 2001 25.0847826086957 0 0 0 "DR" 2001
11 2002 27.4210526315789 0 0 0 "DR" 2002
11 2003 26.4160714285714 0 0 0 "DR" 2003
11 2004 25.3107142857143 0 0 0 "DR" 2004
11 2005 25.2 0 0 0 "DR" 2005
11 2006 26.7416666666667 0 0 0 "DR" 2006
11 2007 25.8795454545455 0 0 0 "DR" 2007
11 2008 25.6 0 0 0 "DR" 2008
11 2009 25.8464285714286 0 0 0 "DR" 2009
11 2010 25.404347826087 0 0 0 "DR" 2010
11 2011 25.8772727272727 0 0 0 "DR" 2011
11 2012 25.8613636363636 0 0 0 "DR" 2012
11 2013 25.9571428571429 0 0 0 "DR" 2013
11 2015 26.5326086956522 0 0 0 "DR" 2015
11 2016 25.572 0 0 0 "DR" 2016
11 2017 26.859375 0 0 0 "DR" 2017
11 2018 26.7576923076923 0 0 0 "DR" 2018
12 1993 25.5166666666667 0 0 0 "DR" 1993
12 1995 24.7875 0 0 0 "DR" 1995
12 1997 26.18125 0 0 0 "DR" 1997
12 1998 25.0928571428571 0 0 0 "DR" 1998
12 1999 23.4611111111111 0 0 0 "DR" 1999
12 2000 25.0153846153846 0 0 0 "DR" 2000
12 2001 24.4477272727273 0 0 0 "DR" 2001
12 2002 25.5096153846154 0 0 0 "DR" 2002
12 2003 24.9892857142857 0 0 0 "DR" 2003
12 2004 24.1464285714286 0 0 0 "DR" 2004
12 2005 24.375 0 0 0 "DR" 2005
12 2006 25.6236842105263 0 0 0 "DR" 2006
12 2007 24.8842105263158 0 0 0 "DR" 2007
12 2008 24.4791666666667 0 0 0 "DR" 2008
12 2009 25.54375 0 0 0 "DR" 2009
12 2010 23.52 0 0 0 "DR" 2010
12 2011 24.1681818181818 0 0 0 "DR" 2011
12 2012 24.265 0 0 0 "DR" 2012
12 2013 24.8944444444444 0 0 0 "DR" 2013
12 2015 25.81875 0 0 0 "DR" 2015
12 2016 25.1958333333333 0 0 0 "DR" 2016
12 2017 25.1815789473684 0 0 0 "DR" 2017
12 2018 25.9269230769231 0 0 0 "DR" 2018
1 1994 26.45 0 0 0 "DR" 1994
1 1995 24.4 0 0 0 "DR" 1995
1 1996 24.785 0 0 0 "DR" 1996
1 1997 23.6615384615385 0 0 0 "DR" 1997
1 1998 25.7235294117647 0 0 0 "DR" 1998
1 2000 24.1269230769231 0 0 0 "DR" 2000
1 2001 24.9294117647059 0 0 0 "DR" 2001
1 2002 25.8541666666667 0 0 0 "DR" 2002
1 2003 26.0558823529412 0 0 0 "DR" 2003
1 2004 24.6692307692308 0 0 0 "DR" 2004
1 2006 25.68125 0 0 0 "DR" 2006
1 2007 25.8071428571429 0 0 0 "DR" 2007
1 2008 24.3458333333333 0 0 0 "DR" 2008
1 2009 24.8888888888889 0 0 0 "DR" 2009
1 2010 25.3142857142857 0 0 0 "DR" 2010
1 2011 24.7535714285714 0 0 0 "DR" 2011
1 2012 24.9925 0 0 0 "DR" 2012
1 2013 25.6533333333333 0 0 0 "DR" 2013
1 2014 25.6583333333333 0 0 0 "DR" 2014
1 2015 25.715 0 0 0 "DR" 2015
1 2016 24.6863636363636 0 0 0 "DR" 2016
1 2017 23.8447368421053 0 0 0 "DR" 2017
1 2018 25.285 0 0 0 "DR" 2018
1 2019 24.8285714285714 0 0 0 "DR" 2019
2 1993 23.55 0 0 0 "DR" 1993
2 1994 26.75 0 0 0 "DR" 1994
2 1996 25.05 0 0 0 "DR" 1996
2 1997 24.42 0 0 0 "DR" 1997
2 1998 25.99375 0 0 0 "DR" 1998
2 2000 24.6 0 0 0 "DR" 2000
2 2001 25.3361111111111 0 0 0 "DR" 2001
2 2002 25.4458333333333 0 0 0 "DR" 2002
2 2003 26.0590909090909 0 0 0 "DR" 2003
2 2004 25.0038461538462 0 0 0 "DR" 2004
2 2006 25.9772727272727 0 0 0 "DR" 2006
2 2007 25.14 0 0 0 "DR" 2007
2 2008 24.9166666666667 0 0 0 "DR" 2008
2 2009 24.175 0 0 0 "DR" 2009
2 2010 25.7142857142857 0 0 0 "DR" 2010
2 2011 24.8857142857143 0 0 0 "DR" 2011
2 2012 24.8342105263158 0 0 0 "DR" 2012
2 2013 25.2583333333333 0 0 0 "DR" 2013
2 2014 25.58125 0 0 0 "DR" 2014
2 2015 25.3066666666667 0 0 0 "DR" 2015
2 2016 24.65 0 0 0 "DR" 2016
2 2017 24.4769230769231 0 0 0 "DR" 2017
2 2018 24.9725 0 0 0 "DR" 2018
3 1993 25.275 0 0 0 "DR" 1993
3 1994 25.125 0 0 0 "DR" 1994
3 1996 24.98 0 0 0 "DR" 1996
3 1997 24.7 0 0 0 "DR" 1997
3 1998 26.53 0 0 0 "DR" 1998
3 2000 24.075 0 0 0 "DR" 2000
3 2001 25.5388888888889 0 0 0 "DR" 2001
3 2002 25.4958333333333 0 0 0 "DR" 2002
3 2003 26.64 0 0 0 "DR" 2003
3 2004 25.6933333333333 0 0 0 "DR" 2004
3 2006 25.555 0 0 0 "DR" 2006
3 2007 25.7230769230769 0 0 0 "DR" 2007
3 2008 24.5714285714286 0 0 0 "DR" 2008
3 2009 24.3222222222222 0 0 0 "DR" 2009
3 2010 24.575 0 0 0 "DR" 2010
3 2011 24.56 0 0 0 "DR" 2011
3 2012 24.775 0 0 0 "DR" 2012
3 2013 25.5666666666667 0 0 0 "DR" 2013
3 2014 25.7 0 0 0 "DR" 2014
3 2015 25.8227272727273 0 0 0 "DR" 2015
3 2016 25.94 0 0 0 "DR" 2016
3 2017 25.0342105263158 0 0 0 "DR" 2017
3 2018 24.7222222222222 0 0 0 "DR" 2018
4 1993 24.3666666666667 0 0 0 "DR" 1993
4 1994 26.2388888888889 0 0 0 "DR" 1994
4 1996 25.9888888888889 0 0 0 "DR" 1996
4 1997 26.0777777777778 0 0 0 "DR" 1997
4 1998 26.1208333333333 0 0 0 "DR" 1998
4 2000 25.4045454545455 0 0 0 "DR" 2000
4 2001 26.025 0 0 0 "DR" 2001
4 2002 25.6225 0 0 0 "DR" 2002
4 2003 26.4058823529412 0 0 0 "DR" 2003
4 2004 26.3291666666667 0 0 0 "DR" 2004
4 2006 27.2 0 0 0 "DR" 2006
4 2007 26.15 0 0 0 "DR" 2007
4 2008 26.025 0 0 0 "DR" 2008
4 2009 24.8 0 0 0 "DR" 2009
4 2010 26.19 0 0 0 "DR" 2010
4 2011 26.2285714285714 0 0 0 "DR" 2011
4 2012 25.7088235294118 0 0 0 "DR" 2012
4 2013 26.9388888888889 0 0 0 "DR" 2013
4 2014 26.3875 0 0 0 "DR" 2014
4 2015 26.2 0 0 0 "DR" 2015
4 2016 25.835 0 0 0 "DR" 2016
4 2017 25.6916666666667 0 0 0 "DR" 2017
4 2018 25.9666666666667 0 0 0 "DR" 2018
5 1993 24.2666666666667 0 0 0 "DR" 1993
5 1994 26.94 0 0 0 "DR" 1994
5 1996 26.7964285714286 0 0 0 "DR" 1996
5 1997 26.8038461538462 0 0 0 "DR" 1997
5 1998 26.8909090909091 0 0 0 "DR" 1998
5 1999 27.25 0 0 0 "DR" 1999
5 2000 25.88 0 0 0 "DR" 2000
5 2001 26.09375 0 0 0 "DR" 2001
5 2002 26.96 0 0 0 "DR" 2002
5 2003 26.72 0 0 0 "DR" 2003
5 2004 26.8033333333333 0 0 0 "DR" 2004
5 2006 26.2083333333333 0 0 0 "DR" 2006
5 2007 27.5875 0 0 0 "DR" 2007
5 2008 26.4277777777778 0 0 0 "DR" 2008
5 2009 25.71 0 0 0 "DR" 2009
5 2010 27.225 0 0 0 "DR" 2010
5 2011 26.5227272727273 0 0 0 "DR" 2011
5 2012 26.3269230769231 0 0 0 "DR" 2012
5 2013 27.1153846153846 0 0 0 "DR" 2013
5 2014 26.7533333333333 0 0 0 "DR" 2014
5 2015 27.0222222222222 0 0 0 "DR" 2015
5 2016 26.4766666666667 0 0 0 "DR" 2016
5 2017 26.7727272727273 0 0 0 "DR" 2017
5 2018 26.6 0 0 0 "DR" 2018
6 1993 26.7125 0 0 0 "DR" 1993
6 1996 27.1111111111111 0 0 0 "DR" 1996
6 1997 27.5909090909091 0 0 0 "DR" 1997
6 1998 27.9058823529412 0 0 0 "DR" 1998
6 1999 27.2583333333333 0 0 0 "DR" 1999
6 2000 27.4566666666667 0 0 0 "DR" 2000
6 2001 27.5423076923077 0 0 0 "DR" 2001
6 2002 26.9925 0 0 0 "DR" 2002
6 2003 27.1411764705882 0 0 0 "DR" 2003
6 2004 27.70625 0 0 0 "DR" 2004
6 2005 28.1 0 0 0 "DR" 2005
6 2006 28.3923076923077 0 0 0 "DR" 2006
6 2007 28.3666666666667 0 0 0 "DR" 2007
6 2008 27.1357142857143 0 0 0 "DR" 2008
6 2009 26.9357142857143 0 0 0 "DR" 2009
6 2010 27.346875 0 0 0 "DR" 2010
6 2011 27.0727272727273 0 0 0 "DR" 2011
6 2012 28.0035714285714 0 0 0 "DR" 2012
6 2013 27.7125 0 0 0 "DR" 2013
6 2014 27.7433333333333 0 0 0 "DR" 2014
6 2015 28.06875 0 0 0 "DR" 2015
6 2016 27.235 0 0 0 "DR" 2016
6 2017 27.3882352941176 0 0 0 "DR" 2017
6 2018 27.0076923076923 0 0 0 "DR" 2018
7 1993 27.6 0 0 0 "DR" 1993
7 1996 26.3233333333333 0 0 0 "DR" 1996
7 1997 27.4866666666667 0 0 0 "DR" 1997
7 1998 28.3625 0 0 0 "DR" 1998
7 1999 27.6342105263158 0 0 0 "DR" 1999
7 2000 27.6714285714286 0 0 0 "DR" 2000
7 2001 28.0131578947368 0 0 0 "DR" 2001
7 2002 27.5705882352941 0 0 0 "DR" 2002
7 2003 27.3428571428571 0 0 0 "DR" 2003
7 2004 27.5611111111111 0 0 0 "DR" 2004
7 2005 28.1769230769231 0 0 0 "DR" 2005
7 2006 28.15 0 0 0 "DR" 2006
7 2007 28.6346153846154 0 0 0 "DR" 2007
7 2008 27.1125 0 0 0 "DR" 2008
7 2009 28.3041666666667 0 0 0 "DR" 2009
7 2010 27.6588235294118 0 0 0 "DR" 2010
7 2011 27.7972222222222 0 0 0 "DR" 2011
7 2012 28.728125 0 0 0 "DR" 2012
7 2013 28.5916666666667 0 0 0 "DR" 2013
7 2014 28.3166666666667 0 0 0 "DR" 2014
7 2015 28.16875 0 0 0 "DR" 2015
7 2016 28.2666666666667 0 0 0 "DR" 2016
7 2017 27.7875 0 0 0 "DR" 2017
7 2018 27.9833333333333 0 0 0 "DR" 2018
8 1993 28.8875 0 0 0 "DR" 1993
8 1996 26.7433333333333 0 0 0 "DR" 1996
8 1997 27.845 0 0 0 "DR" 1997
8 1998 27.9710526315789 0 0 0 "DR" 1998
8 1999 28.58 0 0 0 "DR" 1999
8 2000 27.8541666666667 0 0 0 "DR" 2000
8 2001 28.2105263157895 0 0 0 "DR" 2001
8 2002 28.445 0 0 0 "DR" 2002
8 2003 27.4431818181818 0 0 0 "DR" 2003
8 2004 27.6705882352941 0 0 0 "DR" 2004
8 2005 28.4866666666667 0 0 0 "DR" 2005
8 2006 27.7208333333333 0 0 0 "DR" 2006
8 2007 28.9409090909091 0 0 0 "DR" 2007
8 2008 27.9625 0 0 0 "DR" 2008
8 2009 27.7 0 0 0 "DR" 2009
8 2010 28.5545454545455 0 0 0 "DR" 2010
8 2011 27.3975 0 0 0 "DR" 2011
8 2012 27.6384615384615 0 0 0 "DR" 2012
8 2013 28.9192307692308 0 0 0 "DR" 2013
8 2014 28.3117647058824 0 0 0 "DR" 2014
8 2015 28.1615384615385 0 0 0 "DR" 2015
8 2016 28.05 0 0 0 "DR" 2016
8 2017 28.7033333333333 0 0 0 "DR" 2017
8 2018 27.7705882352941 0 0 0 "DR" 2018
9 1993 26.62 0 0 0 "DR" 1993
9 1996 26.684375 0 0 0 "DR" 1996
9 1997 28.1384615384615 0 0 0 "DR" 1997
9 1998 27.6423076923077 0 0 0 "DR" 1998
9 1999 28.0285714285714 0 0 0 "DR" 1999
9 2000 27.6078947368421 0 0 0 "DR" 2000
9 2001 28.4272727272727 0 0 0 "DR" 2001
9 2002 27.2611111111111 0 0 0 "DR" 2002
9 2003 27.4888888888889 0 0 0 "DR" 2003
9 2004 26.3071428571429 0 0 0 "DR" 2004
9 2005 28.55 0 0 0 "DR" 2005
9 2006 27.8111111111111 0 0 0 "DR" 2006
9 2007 28.18 0 0 0 "DR" 2007
9 2008 27.2970588235294 0 0 0 "DR" 2008
9 2009 28.4 0 0 0 "DR" 2009
9 2010 27.9447368421053 0 0 0 "DR" 2010
9 2011 27.534375 0 0 0 "DR" 2011
9 2012 27.52 0 0 0 "DR" 2012
9 2013 27.125 0 0 0 "DR" 2013
9 2014 27.6178571428571 0 0 0 "DR" 2014
9 2015 27.7875 0 0 0 "DR" 2015
9 2016 28.1083333333333 0 0 0 "DR" 2016
9 2017 27.7857142857143 0 0 0 "DR" 2017
9 2018 27.4266666666667 0 0 0 "DR" 2018
10 1993 26.95 0 0 0 "DR" 1993
10 1996 27.0181818181818 0 0 0 "DR" 1996
10 1997 26.996875 0 0 0 "DR" 1997
10 1999 27.25 0 0 0 "DR" 1999
10 2000 26.91875 0 0 0 "DR" 2000
10 2001 27.9113636363636 0 0 0 "DR" 2001
10 2002 27.4227272727273 0 0 0 "DR" 2002
10 2003 27.1659090909091 0 0 0 "DR" 2003
10 2004 26.7833333333333 0 0 0 "DR" 2004
10 2005 26.8625 0 0 0 "DR" 2005
10 2006 27.5133333333333 0 0 0 "DR" 2006
10 2007 27.6117647058824 0 0 0 "DR" 2007
10 2008 27.0272727272727 0 0 0 "DR" 2008
10 2009 28.075 0 0 0 "DR" 2009
10 2010 27.4888888888889 0 0 0 "DR" 2010
10 2011 27.0384615384615 0 0 0 "DR" 2011
10 2012 27.9733333333333 0 0 0 "DR" 2012
10 2013 27.7 0 0 0 "DR" 2013
10 2014 27.805 0 0 0 "DR" 2014
10 2015 27.9117647058824 0 0 0 "DR" 2015
10 2016 27.1733333333333 0 0 0 "DR" 2016
10 2017 27.1657894736842 0 0 0 "DR" 2017
10 2018 26.78 0 0 0 "DR" 2018
11 1992 24.7 0 0 0 "DR" 1992
11 1993 25.9730769230769 0 0 0 "DR" 1993
11 1995 25.3 0 0 0 "DR" 1995
11 1996 25.8071428571429 0 0 0 "DR" 1996
11 1997 26.1434782608696 0 0 0 "DR" 1997
11 1999 26.0840909090909 0 0 0 "DR" 1999
11 2000 26.6588235294118 0 0 0 "DR" 2000
11 2001 25.0166666666667 0 0 0 "DR" 2001
11 2002 26.6066666666667 0 0 0 "DR" 2002
11 2003 26.305 0 0 0 "DR" 2003
11 2005 27.1269230769231 0 0 0 "DR" 2005
11 2006 27.34 0 0 0 "DR" 2006
11 2007 26.1785714285714 0 0 0 "DR" 2007
11 2008 26.55625 0 0 0 "DR" 2008
11 2009 26.7833333333333 0 0 0 "DR" 2009
11 2010 26.678125 0 0 0 "DR" 2010
11 2011 26.5547619047619 0 0 0 "DR" 2011
11 2012 26.6666666666667 0 0 0 "DR" 2012
11 2013 26.7 0 0 0 "DR" 2013
11 2014 26.9625 0 0 0 "DR" 2014
11 2015 26.7357142857143 0 0 0 "DR" 2015
11 2016 25.9972222222222 0 0 0 "DR" 2016
11 2017 25.8055555555556 0 0 0 "DR" 2017
11 2018 26.7928571428571 0 0 0 "DR" 2018
12 1993 25.1 0 0 0 "DR" 1993
12 1995 24.8333333333333 0 0 0 "DR" 1995
12 1996 24.453125 0 0 0 "DR" 1996
12 1997 26.1 0 0 0 "DR" 1997
12 1999 24.5472222222222 0 0 0 "DR" 1999
12 2000 26.0823529411765 0 0 0 "DR" 2000
12 2001 25.6472222222222 0 0 0 "DR" 2001
12 2002 25.7421052631579 0 0 0 "DR" 2002
12 2003 25.3714285714286 0 0 0 "DR" 2003
12 2005 25.84375 0 0 0 "DR" 2005
12 2006 26.2464285714286 0 0 0 "DR" 2006
12 2007 25.64 0 0 0 "DR" 2007
12 2008 25.1333333333333 0 0 0 "DR" 2008
12 2009 26.6928571428571 0 0 0 "DR" 2009
12 2010 24.6416666666667 0 0 0 "DR" 2010
12 2011 25.2352941176471 0 0 0 "DR" 2011
12 2012 25.49 0 0 0 "DR" 2012
12 2013 26.571875 0 0 0 "DR" 2013
12 2014 25.6375 0 0 0 "DR" 2014
12 2015 26.4233333333333 0 0 0 "DR" 2015
12 2016 25.8045454545455 0 0 0 "DR" 2016
12 2017 26.2944444444444 0 0 0 "DR" 2017
12 2018 25.3909090909091 0 0 0 "DR" 2018
1 1977 26 0 0 0 "DR" 1977
1 1978 25 0 0 0 "DR" 1978
1 1979 24.8461538461538 0 0 0 "DR" 1979
1 1980 24.9166666666667 0 0 0 "DR" 1980
1 1981 24.9444444444444 0 0 0 "DR" 1981
1 1982 26.725 0 0 0 "DR" 1982
1 1983 25.6333333333333 0 0 0 "DR" 1983
1 1984 25.3428571428571 0 0 0 "DR" 1984
1 1985 24.45 0 0 0 "DR" 1985
1 1986 24.3541666666667 0 0 0 "DR" 1986
1 1987 25.1884615384615 0 0 0 "DR" 1987
1 1988 25.27 0 0 0 "DR" 1988
1 1989 25.0333333333333 0 0 0 "DR" 1989
1 1996 24.8125 0 0 0 "DR" 1996
1 2000 25.3125 0 0 0 "DR" 2000
1 2001 25.0363636363636 0 0 0 "DR" 2001
1 2002 26.075 0 0 0 "DR" 2002
1 2003 25.5588235294118 0 0 0 "DR" 2003
1 2004 24.9 0 0 0 "DR" 2004
1 2005 25.8 0 0 0 "DR" 2005
1 2007 24.4 0 0 0 "DR" 2007
1 2008 24.93 0 0 0 "DR" 2008
1 2009 25.625 0 0 0 "DR" 2009
1 2010 25.8125 0 0 0 "DR" 2010
1 2011 25.2357142857143 0 0 0 "DR" 2011
1 2012 24.375 0 0 0 "DR" 2012
1 2014 25.61875 0 0 0 "DR" 2014
1 2015 25.8214285714286 0 0 0 "DR" 2015
1 2016 25.15 0 0 0 "DR" 2016
1 2017 24.65 0 0 0 "DR" 2017
1 2018 25.3038461538462 0 0 0 "DR" 2018
1 2019 24.91 0 0 0 "DR" 2019
2 1977 25.125 0 0 0 "DR" 1977
2 1979 24.9791666666667 0 0 0 "DR" 1979
2 1980 24.8409090909091 0 0 0 "DR" 1980
2 1981 25.3125 0 0 0 "DR" 1981
2 1982 25.6 0 0 0 "DR" 1982
2 1983 25.1666666666667 0 0 0 "DR" 1983
2 1984 25.37 0 0 0 "DR" 1984
2 1985 24.7125 0 0 0 "DR" 1985
2 1986 24.5285714285714 0 0 0 "DR" 1986
2 1987 25.2576923076923 0 0 0 "DR" 1987
2 1988 24.9166666666667 0 0 0 "DR" 1988
2 1989 24.8 0 0 0 "DR" 1989
2 1990 25.5 0 0 0 "DR" 1990
2 1994 25.2 0 0 0 "DR" 1994
2 1996 24.7125 0 0 0 "DR" 1996
2 2000 25.55 0 0 0 "DR" 2000
2 2001 25.05 0 0 0 "DR" 2001
2 2002 25.39375 0 0 0 "DR" 2002
2 2003 25.8583333333333 0 0 0 "DR" 2003
2 2004 26.13125 0 0 0 "DR" 2004
2 2005 26.05 0 0 0 "DR" 2005
2 2006 25.275 0 0 0 "DR" 2006
2 2007 25.6 0 0 0 "DR" 2007
2 2008 24.5666666666667 0 0 0 "DR" 2008
2 2009 25.575 0 0 0 "DR" 2009
2 2010 25.8611111111111 0 0 0 "DR" 2010
2 2011 25.9833333333333 0 0 0 "DR" 2011
2 2012 25.3416666666667 0 0 0 "DR" 2012
2 2013 26.275 0 0 0 "DR" 2013
2 2014 25.74 0 0 0 "DR" 2014
2 2015 25.4409090909091 0 0 0 "DR" 2015
2 2016 25.7730769230769 0 0 0 "DR" 2016
2 2017 25.3375 0 0 0 "DR" 2017
2 2018 25.0833333333333 0 0 0 "DR" 2018
3 1977 26.125 0 0 0 "DR" 1977
3 1979 25.0833333333333 0 0 0 "DR" 1979
3 1980 25.1041666666667 0 0 0 "DR" 1980
3 1981 26.15 0 0 0 "DR" 1981
3 1982 25.6875 0 0 0 "DR" 1982
3 1983 26.37 0 0 0 "DR" 1983
3 1984 25.455 0 0 0 "DR" 1984
3 1985 25.15 0 0 0 "DR" 1985
3 1986 25.3133333333333 0 0 0 "DR" 1986
3 1987 25.6923076923077 0 0 0 "DR" 1987
3 1988 26.1333333333333 0 0 0 "DR" 1988
3 1989 24.3 0 0 0 "DR" 1989
3 1990 25.35 0 0 0 "DR" 1990
3 1991 25.6166666666667 0 0 0 "DR" 1991
3 1993 24.8166666666667 0 0 0 "DR" 1993
3 1994 25.28125 0 0 0 "DR" 1994
3 1996 24.26875 0 0 0 "DR" 1996
3 2000 25.46875 0 0 0 "DR" 2000
3 2001 25.465 0 0 0 "DR" 2001
3 2002 25.69 0 0 0 "DR" 2002
3 2003 26.8666666666667 0 0 0 "DR" 2003
3 2004 25.8666666666667 0 0 0 "DR" 2004
3 2005 25.075 0 0 0 "DR" 2005
3 2006 27.175 0 0 0 "DR" 2006
3 2007 26.0111111111111 0 0 0 "DR" 2007
3 2008 25.6 0 0 0 "DR" 2008
3 2009 25.0055555555556 0 0 0 "DR" 2009
3 2010 26.1944444444444 0 0 0 "DR" 2010
3 2011 25.4714285714286 0 0 0 "DR" 2011
3 2012 26.1090909090909 0 0 0 "DR" 2012
3 2013 26.4357142857143 0 0 0 "DR" 2013
3 2014 26.2416666666667 0 0 0 "DR" 2014
3 2015 26.1083333333333 0 0 0 "DR" 2015
3 2016 26.22 0 0 0 "DR" 2016
3 2017 26.3454545454545 0 0 0 "DR" 2017
3 2018 26.075 0 0 0 "DR" 2018
4 1977 26.875 0 0 0 "DR" 1977
4 1979 25.8333333333333 0 0 0 "DR" 1979
4 1980 26.16 0 0 0 "DR" 1980
4 1981 26.6785714285714 0 0 0 "DR" 1981
4 1982 27.175 0 0 0 "DR" 1982
4 1983 24.75 0 0 0 "DR" 1983
4 1984 26.15 0 0 0 "DR" 1984
4 1985 25.79 0 0 0 "DR" 1985
4 1986 25.9583333333333 0 0 0 "DR" 1986
4 1987 26.7733333333333 0 0 0 "DR" 1987
4 1988 26.305 0 0 0 "DR" 1988
4 1989 25.5291666666667 0 0 0 "DR" 1989
4 1990 25.2 0 0 0 "DR" 1990
4 1991 26.2666666666667 0 0 0 "DR" 1991
4 1993 25.175 0 0 0 "DR" 1993
4 1994 26.13 0 0 0 "DR" 1994
4 1996 25.1588235294118 0 0 0 "DR" 1996
4 2000 26.1166666666667 0 0 0 "DR" 2000
4 2001 25.955 0 0 0 "DR" 2001
4 2002 25.7875 0 0 0 "DR" 2002
4 2003 26.4764705882353 0 0 0 "DR" 2003
4 2004 25.95 0 0 0 "DR" 2004
4 2005 27.2875 0 0 0 "DR" 2005
4 2006 26.2115384615385 0 0 0 "DR" 2006
4 2007 27.2 0 0 0 "DR" 2007
4 2008 26.4916666666667 0 0 0 "DR" 2008
4 2009 26.2 0 0 0 "DR" 2009
4 2010 27.66 0 0 0 "DR" 2010
4 2011 26.9785714285714 0 0 0 "DR" 2011
4 2012 26.4538461538462 0 0 0 "DR" 2012
4 2013 27.1 0 0 0 "DR" 2013
4 2014 27.4636363636364 0 0 0 "DR" 2014
4 2015 26.875 0 0 0 "DR" 2015
4 2016 27.1458333333333 0 0 0 "DR" 2016
4 2017 26.6625 0 0 0 "DR" 2017
4 2018 26.921875 0 0 0 "DR" 2018
5 1977 25.9545454545455 0 0 0 "DR" 1977
5 1979 26.9565217391304 0 0 0 "DR" 1979
5 1980 27.0925925925926 0 0 0 "DR" 1980
5 1981 26.15 0 0 0 "DR" 1981
5 1982 26.0166666666667 0 0 0 "DR" 1982
5 1983 27.0555555555556 0 0 0 "DR" 1983
5 1984 27.2055555555556 0 0 0 "DR" 1984
5 1985 26.3454545454545 0 0 0 "DR" 1985
5 1986 26.3823529411765 0 0 0 "DR" 1986
5 1987 27.2852941176471 0 0 0 "DR" 1987
5 1988 27.18 0 0 0 "DR" 1988
5 1989 26.0041666666667 0 0 0 "DR" 1989
5 1990 26.75 0 0 0 "DR" 1990
5 1991 23.95 0 0 0 "DR" 1991
5 1992 26.75 0 0 0 "DR" 1992
5 1993 25.1333333333333 0 0 0 "DR" 1993
5 1994 26.4785714285714 0 0 0 "DR" 1994
5 2000 26.6738095238095 0 0 0 "DR" 2000
5 2001 26.0333333333333 0 0 0 "DR" 2001
5 2002 26.7041666666667 0 0 0 "DR" 2002
5 2003 27.6178571428571 0 0 0 "DR" 2003
5 2004 26.845 0 0 0 "DR" 2004
5 2005 27.1933333333333 0 0 0 "DR" 2005
5 2006 26.5708333333333 0 0 0 "DR" 2006
5 2007 27.8866666666667 0 0 0 "DR" 2007
5 2008 27.5821428571429 0 0 0 "DR" 2008
5 2009 26.2727272727273 0 0 0 "DR" 2009
5 2010 27.67 0 0 0 "DR" 2010
5 2011 27.1625 0 0 0 "DR" 2011
5 2012 26.8595238095238 0 0 0 "DR" 2012
5 2013 27.7027777777778 0 0 0 "DR" 2013
5 2014 27.04 0 0 0 "DR" 2014
5 2015 28.36875 0 0 0 "DR" 2015
5 2016 27.0361111111111 0 0 0 "DR" 2016
5 2017 26.7777777777778 0 0 0 "DR" 2017
5 2018 26.26 0 0 0 "DR" 2018
6 1973 25 0 0 0 "DR" 1973
6 1977 27.0833333333333 0 0 0 "DR" 1977
6 1979 27.0769230769231 0 0 0 "DR" 1979
6 1980 28.0227272727273 0 0 0 "DR" 1980
6 1981 26.7 0 0 0 "DR" 1981
6 1982 26.6136363636364 0 0 0 "DR" 1982
6 1983 26.7625 0 0 0 "DR" 1983
6 1984 27.5105263157895 0 0 0 "DR" 1984
6 1985 27.69 0 0 0 "DR" 1985
6 1986 26.2166666666667 0 0 0 "DR" 1986
6 1987 27.3277777777778 0 0 0 "DR" 1987
6 1988 27.7 0 0 0 "DR" 1988
6 1989 27.4625 0 0 0 "DR" 1989
6 1990 27.6 0 0 0 "DR" 1990
6 1991 27.3 0 0 0 "DR" 1991
6 1992 26.9916666666667 0 0 0 "DR" 1992
6 1993 27.5 0 0 0 "DR" 1993
6 1994 26.75 0 0 0 "DR" 1994
6 2000 27.3 0 0 0 "DR" 2000
6 2001 27 0 0 0 "DR" 2001
6 2002 26.5117647058824 0 0 0 "DR" 2002
6 2003 27.9428571428571 0 0 0 "DR" 2003
6 2004 27.89 0 0 0 "DR" 2004
6 2005 26.7821428571429 0 0 0 "DR" 2005
6 2006 26.6647058823529 0 0 0 "DR" 2006
6 2007 28.2071428571429 0 0 0 "DR" 2007
6 2008 27.695 0 0 0 "DR" 2008
6 2009 27.1657894736842 0 0 0 "DR" 2009
6 2010 27.2133333333333 0 0 0 "DR" 2010
6 2011 27.3088235294118 0 0 0 "DR" 2011
6 2012 27.528125 0 0 0 "DR" 2012
6 2013 28.5444444444444 0 0 0 "DR" 2013
6 2014 28.26 0 0 0 "DR" 2014
6 2015 28.5954545454545 0 0 0 "DR" 2015
6 2016 27.5527777777778 0 0 0 "DR" 2016
6 2017 27.915 0 0 0 "DR" 2017
6 2018 27.8842105263158 0 0 0 "DR" 2018
7 1979 27.1481481481481 0 0 0 "DR" 1979
7 1980 28.7173913043478 0 0 0 "DR" 1980
7 1981 27.1428571428571 0 0 0 "DR" 1981
7 1982 27.4357142857143 0 0 0 "DR" 1982
7 1983 28.65 0 0 0 "DR" 1983
7 1984 27.690625 0 0 0 "DR" 1984
7 1985 27.6142857142857 0 0 0 "DR" 1985
7 1986 28.3125 0 0 0 "DR" 1986
7 1987 29.2 0 0 0 "DR" 1987
7 1989 27.425 0 0 0 "DR" 1989
7 1990 28.075 0 0 0 "DR" 1990
7 1993 27.4833333333333 0 0 0 "DR" 1993
7 1999 27.9 0 0 0 "DR" 1999
7 2000 29.225 0 0 0 "DR" 2000
7 2001 28.1 0 0 0 "DR" 2001
7 2002 28.085 0 0 0 "DR" 2002
7 2003 28.35 0 0 0 "DR" 2003
7 2004 27.55 0 0 0 "DR" 2004
7 2005 27.505 0 0 0 "DR" 2005
7 2006 27.02 0 0 0 "DR" 2006
7 2007 28.9227272727273 0 0 0 "DR" 2007
7 2008 28.8333333333333 0 0 0 "DR" 2008
7 2009 27.8818181818182 0 0 0 "DR" 2009
7 2010 28.1583333333333 0 0 0 "DR" 2010
7 2011 26.8566666666667 0 0 0 "DR" 2011
7 2012 27.4125 0 0 0 "DR" 2012
7 2013 28.5 0 0 0 "DR" 2013
7 2014 28.3705882352941 0 0 0 "DR" 2014
7 2015 28.1916666666667 0 0 0 "DR" 2015
7 2016 29.1125 0 0 0 "DR" 2016
7 2017 28.04 0 0 0 "DR" 2017
7 2018 28.2777777777778 0 0 0 "DR" 2018
8 1977 27.5 0 0 0 "DR" 1977
8 1978 27.75 0 0 0 "DR" 1978
8 1979 27.75 0 0 0 "DR" 1979
8 1980 27.6964285714286 0 0 0 "DR" 1980
8 1981 27.375 0 0 0 "DR" 1981
8 1982 28.975 0 0 0 "DR" 1982
8 1983 28.0833333333333 0 0 0 "DR" 1983
8 1984 26.8833333333333 0 0 0 "DR" 1984
8 1985 28.0076923076923 0 0 0 "DR" 1985
8 1986 27.8357142857143 0 0 0 "DR" 1986
8 1987 29.3111111111111 0 0 0 "DR" 1987
8 1989 27.9125 0 0 0 "DR" 1989
8 1990 28.55 0 0 0 "DR" 1990
8 1991 27.8833333333333 0 0 0 "DR" 1991
8 1993 28.3333333333333 0 0 0 "DR" 1993
8 1999 28.6 0 0 0 "DR" 1999
8 2000 28.175 0 0 0 "DR" 2000
8 2001 28.4944444444444 0 0 0 "DR" 2001
8 2002 27.9433333333333 0 0 0 "DR" 2002
8 2003 27.81 0 0 0 "DR" 2003
8 2004 27.58 0 0 0 "DR" 2004
8 2005 28.1428571428571 0 0 0 "DR" 2005
8 2006 26.9636363636364 0 0 0 "DR" 2006
8 2007 27.8625 0 0 0 "DR" 2007
8 2008 27.45 0 0 0 "DR" 2008
8 2009 28.96 0 0 0 "DR" 2009
8 2010 28.7466666666667 0 0 0 "DR" 2010
8 2011 27.3583333333333 0 0 0 "DR" 2011
8 2012 27.4730769230769 0 0 0 "DR" 2012
8 2013 28.525 0 0 0 "DR" 2013
8 2014 27.8727272727273 0 0 0 "DR" 2014
8 2015 28.7333333333333 0 0 0 "DR" 2015
8 2016 28.9928571428571 0 0 0 "DR" 2016
8 2017 29.505 0 0 0 "DR" 2017
8 2018 28.6785714285714 0 0 0 "DR" 2018
9 1977 28.1666666666667 0 0 0 "DR" 1977
9 1978 27.75 0 0 0 "DR" 1978
9 1979 26.7857142857143 0 0 0 "DR" 1979
9 1980 27.68 0 0 0 "DR" 1980
9 1981 26.9444444444444 0 0 0 "DR" 1981
9 1982 27.3666666666667 0 0 0 "DR" 1982
9 1983 27.4444444444444 0 0 0 "DR" 1983
9 1984 26.7269230769231 0 0 0 "DR" 1984
9 1985 27.1394736842105 0 0 0 "DR" 1985
9 1986 27.675 0 0 0 "DR" 1986
9 1987 28.5884615384615 0 0 0 "DR" 1987
9 1988 26.99 0 0 0 "DR" 1988
9 1989 27.13 0 0 0 "DR" 1989
9 1990 28 0 0 0 "DR" 1990
9 1991 26.7 0 0 0 "DR" 1991
9 1993 27.175 0 0 0 "DR" 1993
9 1999 28.5766666666667 0 0 0 "DR" 1999
9 2000 27.1304347826087 0 0 0 "DR" 2000
9 2001 27.6 0 0 0 "DR" 2001
9 2002 27.1533333333333 0 0 0 "DR" 2002
9 2003 27.9571428571429 0 0 0 "DR" 2003
9 2004 26.7466666666667 0 0 0 "DR" 2004
9 2005 27.78125 0 0 0 "DR" 2005
9 2006 27.31 0 0 0 "DR" 2006
9 2007 27.93125 0 0 0 "DR" 2007
9 2008 27.478125 0 0 0 "DR" 2008
9 2009 28.1166666666667 0 0 0 "DR" 2009
9 2010 28.4375 0 0 0 "DR" 2010
9 2011 27.7235294117647 0 0 0 "DR" 2011
9 2012 27.8625 0 0 0 "DR" 2012
9 2013 27.5833333333333 0 0 0 "DR" 2013
9 2014 27.9125 0 0 0 "DR" 2014
9 2015 28.43 0 0 0 "DR" 2015
9 2016 28.7791666666667 0 0 0 "DR" 2016
9 2017 28.7269230769231 0 0 0 "DR" 2017
9 2018 28.1166666666667 0 0 0 "DR" 2018
10 1978 26.75 0 0 0 "DR" 1978
10 1979 26.875 0 0 0 "DR" 1979
10 1980 27.3684210526316 0 0 0 "DR" 1980
10 1981 26.35 0 0 0 "DR" 1981
10 1982 26.6277777777778 0 0 0 "DR" 1982
10 1983 26.995 0 0 0 "DR" 1983
10 1984 26.4522727272727 0 0 0 "DR" 1984
10 1985 26.1263157894737 0 0 0 "DR" 1985
10 1986 27.4083333333333 0 0 0 "DR" 1986
10 1987 27.1944444444444 0 0 0 "DR" 1987
10 1988 27.0846153846154 0 0 0 "DR" 1988
10 1989 27.2357142857143 0 0 0 "DR" 1989
10 1990 28 0 0 0 "DR" 1990
10 1991 26 0 0 0 "DR" 1991
10 1993 26.8916666666667 0 0 0 "DR" 1993
10 1995 25.5 0 0 0 "DR" 1995
10 1999 27.45 0 0 0 "DR" 1999
10 2000 26.6886363636364 0 0 0 "DR" 2000
10 2001 27.6052631578947 0 0 0 "DR" 2001
10 2002 27.185 0 0 0 "DR" 2002
10 2003 27.33125 0 0 0 "DR" 2003
10 2004 27.7785714285714 0 0 0 "DR" 2004
10 2005 26.8925 0 0 0 "DR" 2005
10 2006 27.2888888888889 0 0 0 "DR" 2006
10 2007 27.3291666666667 0 0 0 "DR" 2007
10 2008 27.2433333333333 0 0 0 "DR" 2008
10 2009 28.1125 0 0 0 "DR" 2009
10 2010 27.545 0 0 0 "DR" 2010
10 2011 26.2181818181818 0 0 0 "DR" 2011
10 2012 27.2727272727273 0 0 0 "DR" 2012
10 2013 27.9038461538462 0 0 0 "DR" 2013
10 2014 27.9727272727273 0 0 0 "DR" 2014
10 2015 27.885 0 0 0 "DR" 2015
10 2016 27.8772727272727 0 0 0 "DR" 2016
10 2017 27.7933333333333 0 0 0 "DR" 2017
10 2018 26.98125 0 0 0 "DR" 2018
11 1978 26.1923076923077 0 0 0 "DR" 1978
11 1979 26.3148148148148 0 0 0 "DR" 1979
11 1980 29 0 0 0 "DR" 1980
11 1981 26.3 0 0 0 "DR" 1981
11 1982 26.0583333333333 0 0 0 "DR" 1982
11 1983 26.2678571428571 0 0 0 "DR" 1983
11 1984 26.75 0 0 0 "DR" 1984
11 1985 26.6181818181818 0 0 0 "DR" 1985
11 1986 26.955 0 0 0 "DR" 1986
11 1987 27.225 0 0 0 "DR" 1987
11 1988 26.7166666666667 0 0 0 "DR" 1988
11 1990 25.75 0 0 0 "DR" 1990
11 1992 26.05 0 0 0 "DR" 1992
11 1993 26.4642857142857 0 0 0 "DR" 1993
11 1999 26.6928571428571 0 0 0 "DR" 1999
11 2000 26.3625 0 0 0 "DR" 2000
11 2001 26.61 0 0 0 "DR" 2001
11 2002 27.1461538461538 0 0 0 "DR" 2002
11 2003 27.4142857142857 0 0 0 "DR" 2003
11 2004 26.8833333333333 0 0 0 "DR" 2004
11 2005 27.275 0 0 0 "DR" 2005
11 2006 26.235 0 0 0 "DR" 2006
11 2007 26.48125 0 0 0 "DR" 2007
11 2008 26.3611111111111 0 0 0 "DR" 2008
11 2009 27.255 0 0 0 "DR" 2009
11 2010 27.15 0 0 0 "DR" 2010
11 2011 26.1636363636364 0 0 0 "DR" 2011
11 2012 26.8571428571429 0 0 0 "DR" 2012
11 2013 26.6333333333333 0 0 0 "DR" 2013
11 2014 26.5357142857143 0 0 0 "DR" 2014
11 2015 26.6863636363636 0 0 0 "DR" 2015
11 2016 27.2214285714286 0 0 0 "DR" 2016
11 2017 26.1722222222222 0 0 0 "DR" 2017
11 2018 27.16 0 0 0 "DR" 2018
12 1978 25.5625 0 0 0 "DR" 1978
12 1979 25.2380952380952 0 0 0 "DR" 1979
12 1980 24.7 0 0 0 "DR" 1980
12 1981 25.625 0 0 0 "DR" 1981
12 1983 25.5357142857143 0 0 0 "DR" 1983
12 1984 25.5333333333333 0 0 0 "DR" 1984
12 1985 25.3 0 0 0 "DR" 1985
12 1986 25.8714285714286 0 0 0 "DR" 1986
12 1987 26.05 0 0 0 "DR" 1987
12 1988 25.3916666666667 0 0 0 "DR" 1988
12 1993 25.1833333333333 0 0 0 "DR" 1993
12 1995 25.5444444444444 0 0 0 "DR" 1995
12 1999 25.725 0 0 0 "DR" 1999
12 2000 25.8289473684211 0 0 0 "DR" 2000
12 2001 26 0 0 0 "DR" 2001
12 2002 25.7875 0 0 0 "DR" 2002
12 2003 24.725 0 0 0 "DR" 2003
12 2004 25.6166666666667 0 0 0 "DR" 2004
12 2005 25.625 0 0 0 "DR" 2005
12 2006 26.9 0 0 0 "DR" 2006
12 2007 25.35 0 0 0 "DR" 2007
12 2008 25.0625 0 0 0 "DR" 2008
12 2009 25.38 0 0 0 "DR" 2009
12 2010 25.4583333333333 0 0 0 "DR" 2010
12 2011 25.6333333333333 0 0 0 "DR" 2011
12 2012 25.65 0 0 0 "DR" 2012
12 2014 26.125 0 0 0 "DR" 2014
12 2015 26.0954545454545 0 0 0 "DR" 2015
12 2016 27.3166666666667 0 0 0 "DR" 2016
12 2017 25.3875 0 0 0 "DR" 2017
12 2018 25.6875 0 0 0 "DR" 2018
1 1977 24.6666666666667 0 0 0 "DR" 1977
1 1978 24.3928571428571 0 0 0 "DR" 1978
1 1979 24.44 0 0 0 "DR" 1979
1 1980 25 0 0 0 "DR" 1980
1 1981 24.75 0 0 0 "DR" 1981
1 1982 24.8642857142857 0 0 0 "DR" 1982
1 1983 25.1772727272727 0 0 0 "DR" 1983
1 1984 24.7892857142857 0 0 0 "DR" 1984
1 1985 24.35 0 0 0 "DR" 1985
1 1986 24.051724137931 0 0 0 "DR" 1986
1 1987 24.434 0 0 0 "DR" 1987
1 1988 25.5954545454545 0 0 0 "DR" 1988
1 1989 24.471875 0 0 0 "DR" 1989
1 1990 24.6625 0 0 0 "DR" 1990
1 1991 25.35 0 0 0 "DR" 1991
1 1993 25.05 0 0 0 "DR" 1993
1 1994 24.6125 0 0 0 "DR" 1994
1 1996 24.975 0 0 0 "DR" 1996
1 1997 24.846 0 0 0 "DR" 1997
1 1998 25.9777777777778 0 0 0 "DR" 1998
1 1999 25.3775 0 0 0 "DR" 1999
1 2000 24.56 0 0 0 "DR" 2000
1 2001 25.1147058823529 0 0 0 "DR" 2001
1 2002 26.1055555555556 0 0 0 "DR" 2002
1 2003 26.025 0 0 0 "DR" 2003
1 2004 25.1083333333333 0 0 0 "DR" 2004
1 2005 24.81 0 0 0 "DR" 2005
1 2006 25.705 0 0 0 "DR" 2006
1 2007 25.9625 0 0 0 "DR" 2007
1 2008 25.0346153846154 0 0 0 "DR" 2008
1 2009 25.675 0 0 0 "DR" 2009
1 2010 26.0409090909091 0 0 0 "DR" 2010
1 2011 26.29 0 0 0 "DR" 2011
1 2012 25.5541666666667 0 0 0 "DR" 2012
1 2013 25.81 0 0 0 "DR" 2013
1 2014 26.2863636363636 0 0 0 "DR" 2014
1 2015 26.4 0 0 0 "DR" 2015
1 2016 26.2615384615385 0 0 0 "DR" 2016
1 2017 25.6538461538462 0 0 0 "DR" 2017
1 2018 25.73 0 0 0 "DR" 2018
1 2019 25.7357142857143 0 0 0 "DR" 2019
2 1973 26 0 0 0 "DR" 1973
2 1974 24.5 0 0 0 "DR" 1974
2 1977 25.3 0 0 0 "DR" 1977
2 1978 25.5 0 0 0 "DR" 1978
2 1979 24.86 0 0 0 "DR" 1979
2 1980 25.18 0 0 0 "DR" 1980
2 1981 24.84375 0 0 0 "DR" 1981
2 1982 24.8277777777778 0 0 0 "DR" 1982
2 1983 24.8730769230769 0 0 0 "DR" 1983
2 1984 24.9052631578947 0 0 0 "DR" 1984
2 1985 23.9533333333333 0 0 0 "DR" 1985
2 1986 24.0382352941176 0 0 0 "DR" 1986
2 1987 24.8 0 0 0 "DR" 1987
2 1988 24.655 0 0 0 "DR" 1988
2 1989 24.2027777777778 0 0 0 "DR" 1989
2 1990 24.0409090909091 0 0 0 "DR" 1990
2 1991 23.55 0 0 0 "DR" 1991
2 1993 23.675 0 0 0 "DR" 1993
2 1994 24.85 0 0 0 "DR" 1994
2 1996 24.65 0 0 0 "DR" 1996
2 1997 25.195 0 0 0 "DR" 1997
2 1998 25.146875 0 0 0 "DR" 1998
2 1999 24.2818181818182 0 0 0 "DR" 1999
2 2000 24.925 0 0 0 "DR" 2000
2 2001 25.4363636363636 0 0 0 "DR" 2001
2 2002 25.5384615384615 0 0 0 "DR" 2002
2 2003 26.1941176470588 0 0 0 "DR" 2003
2 2004 26.1653846153846 0 0 0 "DR" 2004
2 2005 24.4239130434783 0 0 0 "DR" 2005
2 2006 25.61 0 0 0 "DR" 2006
2 2007 26.05 0 0 0 "DR" 2007
2 2008 25.2916666666667 0 0 0 "DR" 2008
2 2009 24.565 0 0 0 "DR" 2009
2 2010 27.1 0 0 0 "DR" 2010
2 2011 26.0375 0 0 0 "DR" 2011
2 2012 25.67 0 0 0 "DR" 2012
2 2013 26.3214285714286 0 0 0 "DR" 2013
2 2014 26.1966666666667 0 0 0 "DR" 2014
2 2015 26.2666666666667 0 0 0 "DR" 2015
2 2016 26.3590909090909 0 0 0 "DR" 2016
2 2017 26.09375 0 0 0 "DR" 2017
2 2018 25.3175 0 0 0 "DR" 2018
3 1946 25 0 0 0 "DR" 1946
3 1977 25.25 0 0 0 "DR" 1977
3 1979 24.76 0 0 0 "DR" 1979
3 1980 25.4814814814815 0 0 0 "DR" 1980
3 1981 25.2857142857143 0 0 0 "DR" 1981
3 1982 25.3821428571429 0 0 0 "DR" 1982
3 1983 26.3192307692308 0 0 0 "DR" 1983
3 1984 25.0611111111111 0 0 0 "DR" 1984
3 1985 24.4961538461538 0 0 0 "DR" 1985
3 1986 24.8291666666667 0 0 0 "DR" 1986
3 1987 25.4466666666667 0 0 0 "DR" 1987
3 1988 24.5763157894737 0 0 0 "DR" 1988
3 1989 23.9642857142857 0 0 0 "DR" 1989
3 1990 25.14 0 0 0 "DR" 1990
3 1991 24.5583333333333 0 0 0 "DR" 1991
3 1993 24.43 0 0 0 "DR" 1993
3 1994 25.5666666666667 0 0 0 "DR" 1994
3 1996 25.0615384615385 0 0 0 "DR" 1996
3 1997 25.4357142857143 0 0 0 "DR" 1997
3 1998 26.3647058823529 0 0 0 "DR" 1998
3 1999 25.9583333333333 0 0 0 "DR" 1999
3 2000 25.0333333333333 0 0 0 "DR" 2000
3 2001 26.075 0 0 0 "DR" 2001
3 2002 26 0 0 0 "DR" 2002
3 2003 26.855 0 0 0 "DR" 2003
3 2004 26.1272727272727 0 0 0 "DR" 2004
3 2005 26.7214285714286 0 0 0 "DR" 2005
3 2006 25.9590909090909 0 0 0 "DR" 2006
3 2007 26.4 0 0 0 "DR" 2007
3 2008 25.61 0 0 0 "DR" 2008
3 2009 24.8038461538462 0 0 0 "DR" 2009
3 2010 26.55 0 0 0 "DR" 2010
3 2011 25.5285714285714 0 0 0 "DR" 2011
3 2012 25.6583333333333 0 0 0 "DR" 2012
3 2013 25.15 0 0 0 "DR" 2013
3 2014 26.35 0 0 0 "DR" 2014
3 2015 26.805 0 0 0 "DR" 2015
3 2016 26.5166666666667 0 0 0 "DR" 2016
3 2017 26.3047619047619 0 0 0 "DR" 2017
3 2018 25.9318181818182 0 0 0 "DR" 2018
4 1977 25.8636363636364 0 0 0 "DR" 1977
4 1978 25.5 0 0 0 "DR" 1978
4 1979 25.9166666666667 0 0 0 "DR" 1979
4 1980 26.36 0 0 0 "DR" 1980
4 1981 26.1764705882353 0 0 0 "DR" 1981
4 1982 25.9125 0 0 0 "DR" 1982
4 1983 26.1375 0 0 0 "DR" 1983
4 1984 26.3633333333333 0 0 0 "DR" 1984
4 1985 25.125 0 0 0 "DR" 1985
4 1986 25.616 0 0 0 "DR" 1986
4 1987 26.15625 0 0 0 "DR" 1987
4 1988 25.9785714285714 0 0 0 "DR" 1988
4 1989 25.0633333333333 0 0 0 "DR" 1989
4 1990 26.15 0 0 0 "DR" 1990
4 1991 24.125 0 0 0 "DR" 1991
4 1993 23.6666666666667 0 0 0 "DR" 1993
4 1994 25.7857142857143 0 0 0 "DR" 1994
4 1996 25.6238095238095 0 0 0 "DR" 1996
4 1997 26.2760869565217 0 0 0 "DR" 1997
4 1998 26.2842105263158 0 0 0 "DR" 1998
4 1999 26.825 0 0 0 "DR" 1999
4 2000 26.6333333333333 0 0 0 "DR" 2000
4 2001 25.9954545454545 0 0 0 "DR" 2001
4 2002 26.0694444444444 0 0 0 "DR" 2002
4 2003 27.1931818181818 0 0 0 "DR" 2003
4 2004 26.2289473684211 0 0 0 "DR" 2004
4 2005 27.6266666666667 0 0 0 "DR" 2005
4 2006 26.9416666666667 0 0 0 "DR" 2006
4 2007 27.3846153846154 0 0 0 "DR" 2007
4 2008 25.9208333333333 0 0 0 "DR" 2008
4 2009 26.41 0 0 0 "DR" 2009
4 2010 27.9833333333333 0 0 0 "DR" 2010
4 2011 26.9333333333333 0 0 0 "DR" 2011
4 2012 25.9916666666667 0 0 0 "DR" 2012
4 2013 26.9071428571429 0 0 0 "DR" 2013
4 2014 27.2272727272727 0 0 0 "DR" 2014
4 2015 26.7 0 0 0 "DR" 2015
4 2016 27.2571428571429 0 0 0 "DR" 2016
4 2017 26.7666666666667 0 0 0 "DR" 2017
4 2018 27.2384615384615 0 0 0 "DR" 2018
5 1945 24.2 0 0 0 "DR" 1945
5 1946 24.15 0 0 0 "DR" 1946
5 1977 26.275 0 0 0 "DR" 1977
5 1979 26.5625 0 0 0 "DR" 1979
5 1980 27.4166666666667 0 0 0 "DR" 1980
5 1981 26.3461538461538 0 0 0 "DR" 1981
5 1982 25.6642857142857 0 0 0 "DR" 1982
5 1983 26.9117647058824 0 0 0 "DR" 1983
5 1984 26.7863636363636 0 0 0 "DR" 1984
5 1985 26.215 0 0 0 "DR" 1985
5 1986 25.6409090909091 0 0 0 "DR" 1986
5 1987 26.7866666666667 0 0 0 "DR" 1987
5 1988 26.77 0 0 0 "DR" 1988
5 1989 25.7875 0 0 0 "DR" 1989
5 1990 27 0 0 0 "DR" 1990
5 1991 26.5 0 0 0 "DR" 1991
5 1993 25.4125 0 0 0 "DR" 1993
5 1994 26.86 0 0 0 "DR" 1994
5 1996 26.4441176470588 0 0 0 "DR" 1996
5 1997 27.5738095238095 0 0 0 "DR" 1997
5 1998 26.7642857142857 0 0 0 "DR" 1998
5 1999 27.1166666666667 0 0 0 "DR" 1999
5 2000 27.0875 0 0 0 "DR" 2000
5 2001 26.9583333333333 0 0 0 "DR" 2001
5 2002 27.1 0 0 0 "DR" 2002
5 2003 27.3933333333333 0 0 0 "DR" 2003
5 2004 26.6321428571429 0 0 0 "DR" 2004
5 2005 27.2928571428571 0 0 0 "DR" 2005
5 2006 28.0875 0 0 0 "DR" 2006
5 2007 27.615 0 0 0 "DR" 2007
5 2008 26.7166666666667 0 0 0 "DR" 2008
5 2009 26.0083333333333 0 0 0 "DR" 2009
5 2010 28.125 0 0 0 "DR" 2010
5 2011 27 0 0 0 "DR" 2011
5 2012 26.5466666666667 0 0 0 "DR" 2012
5 2013 27.4961538461538 0 0 0 "DR" 2013
5 2014 27.875 0 0 0 "DR" 2014
5 2015 27.8083333333333 0 0 0 "DR" 2015
5 2016 27.5934782608696 0 0 0 "DR" 2016
5 2017 27.6235294117647 0 0 0 "DR" 2017
5 2018 27.7147058823529 0 0 0 "DR" 2018
6 1944 25.35 0 0 0 "DR" 1944
6 1946 25.55 0 0 0 "DR" 1946
6 1977 27.15 0 0 0 "DR" 1977
6 1979 27.0961538461538 0 0 0 "DR" 1979
6 1980 28.3333333333333 0 0 0 "DR" 1980
6 1981 26.8076923076923 0 0 0 "DR" 1981
6 1982 27.0863636363636 0 0 0 "DR" 1982
6 1983 27.85 0 0 0 "DR" 1983
6 1984 26.2761904761905 0 0 0 "DR" 1984
6 1985 27.3895833333333 0 0 0 "DR" 1985
6 1986 26.1888888888889 0 0 0 "DR" 1986
6 1987 27.2894736842105 0 0 0 "DR" 1987
6 1988 27.4833333333333 0 0 0 "DR" 1988
6 1989 26.5214285714286 0 0 0 "DR" 1989
6 1990 27.08 0 0 0 "DR" 1990
6 1992 27.025 0 0 0 "DR" 1992
6 1993 26.63 0 0 0 "DR" 1993
6 1994 27.825 0 0 0 "DR" 1994
6 1996 26.75625 0 0 0 "DR" 1996
6 1997 28.1142857142857 0 0 0 "DR" 1997
6 1998 28.2568181818182 0 0 0 "DR" 1998
6 1999 27.7 0 0 0 "DR" 1999
6 2000 27.15625 0 0 0 "DR" 2000
6 2001 27.8833333333333 0 0 0 "DR" 2001
6 2002 27.1142857142857 0 0 0 "DR" 2002
6 2003 27.375 0 0 0 "DR" 2003
6 2004 27.94 0 0 0 "DR" 2004
6 2005 28.2464285714286 0 0 0 "DR" 2005
6 2006 28.3266666666667 0 0 0 "DR" 2006
6 2007 28.0136363636364 0 0 0 "DR" 2007
6 2008 27.6733333333333 0 0 0 "DR" 2008
6 2009 27.875 0 0 0 "DR" 2009
6 2010 27.7904761904762 0 0 0 "DR" 2010
6 2011 27.0225 0 0 0 "DR" 2011
6 2012 28.2633333333333 0 0 0 "DR" 2012
6 2013 27.755 0 0 0 "DR" 2013
6 2014 28.8833333333333 0 0 0 "DR" 2014
6 2015 28.2727272727273 0 0 0 "DR" 2015
6 2016 28.05 0 0 0 "DR" 2016
6 2017 28.295 0 0 0 "DR" 2017
6 2018 28.4722222222222 0 0 0 "DR" 2018
7 1944 27.25 0 0 0 "DR" 1944
7 1977 26.84375 0 0 0 "DR" 1977
7 1979 27.6724137931034 0 0 0 "DR" 1979
7 1980 28.2857142857143 0 0 0 "DR" 1980
7 1981 27.8846153846154 0 0 0 "DR" 1981
7 1982 26.9428571428571 0 0 0 "DR" 1982
7 1983 27.5318181818182 0 0 0 "DR" 1983
7 1984 26.5767857142857 0 0 0 "DR" 1984
7 1985 27.7630434782609 0 0 0 "DR" 1985
7 1986 27.328 0 0 0 "DR" 1986
7 1987 28.1882352941176 0 0 0 "DR" 1987
7 1988 26.9 0 0 0 "DR" 1988
7 1989 26.8 0 0 0 "DR" 1989
7 1990 28.025 0 0 0 "DR" 1990
7 1991 27.275 0 0 0 "DR" 1991
7 1992 26.7 0 0 0 "DR" 1992
7 1993 26.175 0 0 0 "DR" 1993
7 1994 26.9 0 0 0 "DR" 1994
7 1996 27.14375 0 0 0 "DR" 1996
7 1997 27.7195652173913 0 0 0 "DR" 1997
7 1998 28.1175 0 0 0 "DR" 1998
7 1999 27.7578947368421 0 0 0 "DR" 1999
7 2000 28.0181818181818 0 0 0 "DR" 2000
7 2001 27.7571428571429 0 0 0 "DR" 2001
7 2002 27.8714285714286 0 0 0 "DR" 2002
7 2003 28.1807692307692 0 0 0 "DR" 2003
7 2004 27.3454545454545 0 0 0 "DR" 2004
7 2005 28.4071428571429 0 0 0 "DR" 2005
7 2006 27.6086956521739 0 0 0 "DR" 2006
7 2007 28.1208333333333 0 0 0 "DR" 2007
7 2008 28.2727272727273 0 0 0 "DR" 2008
7 2009 28.215625 0 0 0 "DR" 2009
7 2010 28.0911764705882 0 0 0 "DR" 2010
7 2011 26.6395833333333 0 0 0 "DR" 2011
7 2012 28.4964285714286 0 0 0 "DR" 2012
7 2013 28.1888888888889 0 0 0 "DR" 2013
7 2014 28.8875 0 0 0 "DR" 2014
7 2015 28.91875 0 0 0 "DR" 2015
7 2016 28.8833333333333 0 0 0 "DR" 2016
7 2017 28.7892857142857 0 0 0 "DR" 2017
7 2018 28.1944444444444 0 0 0 "DR" 2018
8 1944 26.4 0 0 0 "DR" 1944
8 1945 27.25 0 0 0 "DR" 1945
8 1977 27.25 0 0 0 "DR" 1977
8 1978 27.2777777777778 0 0 0 "DR" 1978
8 1979 27.7142857142857 0 0 0 "DR" 1979
8 1980 27.9655172413793 0 0 0 "DR" 1980
8 1981 27.6 0 0 0 "DR" 1981
8 1982 27.0423076923077 0 0 0 "DR" 1982
8 1983 27.3131578947368 0 0 0 "DR" 1983
8 1984 26.8090909090909 0 0 0 "DR" 1984
8 1985 27.312 0 0 0 "DR" 1985
8 1986 27.4136363636364 0 0 0 "DR" 1986
8 1987 28.1557692307692 0 0 0 "DR" 1987
8 1988 26.3833333333333 0 0 0 "DR" 1988
8 1989 27.7181818181818 0 0 0 "DR" 1989
8 1990 27.1833333333333 0 0 0 "DR" 1990
8 1991 27.58 0 0 0 "DR" 1991
8 1993 26.50625 0 0 0 "DR" 1993
8 1996 27.6642857142857 0 0 0 "DR" 1996
8 1997 27.8636363636364 0 0 0 "DR" 1997
8 1998 28.5083333333333 0 0 0 "DR" 1998
8 1999 28.4857142857143 0 0 0 "DR" 1999
8 2000 28.1071428571429 0 0 0 "DR" 2000
8 2001 28.0333333333333 0 0 0 "DR" 2001
8 2002 27.4466666666667 0 0 0 "DR" 2002
8 2003 28.1227272727273 0 0 0 "DR" 2003
8 2004 28.3321428571429 0 0 0 "DR" 2004
8 2005 28.62 0 0 0 "DR" 2005
8 2006 28.1111111111111 0 0 0 "DR" 2006
8 2007 28.675 0 0 0 "DR" 2007
8 2008 27.6 0 0 0 "DR" 2008
8 2009 28.1190476190476 0 0 0 "DR" 2009
8 2010 29.1909090909091 0 0 0 "DR" 2010
8 2011 27.0076923076923 0 0 0 "DR" 2011
8 2012 27.8342105263158 0 0 0 "DR" 2012
8 2013 28.5464285714286 0 0 0 "DR" 2013
8 2014 28.6076923076923 0 0 0 "DR" 2014
8 2015 28.8852941176471 0 0 0 "DR" 2015
8 2016 28.28 0 0 0 "DR" 2016
8 2017 29.0142857142857 0 0 0 "DR" 2017
8 2018 28.8846153846154 0 0 0 "DR" 2018
9 1947 26.125 0 0 0 "DR" 1947
9 1977 27.3 0 0 0 "DR" 1977
9 1978 27.4 0 0 0 "DR" 1978
9 1979 27.025 0 0 0 "DR" 1979
9 1980 28.0344827586207 0 0 0 "DR" 1980
9 1981 27.5714285714286 0 0 0 "DR" 1981
9 1982 27.5772727272727 0 0 0 "DR" 1982
9 1983 27.5388888888889 0 0 0 "DR" 1983
9 1984 26.3 0 0 0 "DR" 1984
9 1985 26.976 0 0 0 "DR" 1985
9 1986 27.2083333333333 0 0 0 "DR" 1986
9 1987 27.9454545454545 0 0 0 "DR" 1987
9 1988 26.9470588235294 0 0 0 "DR" 1988
9 1989 26.58125 0 0 0 "DR" 1989
9 1991 27.06 0 0 0 "DR" 1991
9 1993 27.1571428571429 0 0 0 "DR" 1993
9 1996 27.5416666666667 0 0 0 "DR" 1996
9 1997 28.11 0 0 0 "DR" 1997
9 1998 27.7833333333333 0 0 0 "DR" 1998
9 1999 28.3384615384615 0 0 0 "DR" 1999
9 2000 27.6916666666667 0 0 0 "DR" 2000
9 2001 28.290625 0 0 0 "DR" 2001
9 2002 27.1934782608696 0 0 0 "DR" 2002
9 2003 28.3375 0 0 0 "DR" 2003
9 2004 27.659375 0 0 0 "DR" 2004
9 2005 28.75 0 0 0 "DR" 2005
9 2006 28.32 0 0 0 "DR" 2006
9 2007 28.1727272727273 0 0 0 "DR" 2007
9 2008 27.3 0 0 0 "DR" 2008
9 2009 28.3333333333333 0 0 0 "DR" 2009
9 2010 28.6575 0 0 0 "DR" 2010
9 2011 27.3047619047619 0 0 0 "DR" 2011
9 2012 28.45 0 0 0 "DR" 2012
9 2013 28.7375 0 0 0 "DR" 2013
9 2014 28.1441176470588 0 0 0 "DR" 2014
9 2015 29.5214285714286 0 0 0 "DR" 2015
9 2016 28.9576923076923 0 0 0 "DR" 2016
9 2017 28.85 0 0 0 "DR" 2017
9 2018 28.6210526315789 0 0 0 "DR" 2018
10 1946 25.975 0 0 0 "DR" 1946
10 1950 26.4 0 0 0 "DR" 1950
10 1978 26.625 0 0 0 "DR" 1978
10 1979 27.4821428571429 0 0 0 "DR" 1979
10 1980 27.7083333333333 0 0 0 "DR" 1980
10 1981 27.0833333333333 0 0 0 "DR" 1981
10 1982 26.8961538461538 0 0 0 "DR" 1982
10 1983 26.9826086956522 0 0 0 "DR" 1983
10 1984 26.004 0 0 0 "DR" 1984
10 1985 25.837037037037 0 0 0 "DR" 1985
10 1986 27.186 0 0 0 "DR" 1986
10 1987 27.1934782608696 0 0 0 "DR" 1987
10 1988 26.7261904761905 0 0 0 "DR" 1988
10 1989 26.79 0 0 0 "DR" 1989
10 1990 25.25 0 0 0 "DR" 1990
10 1991 26.2333333333333 0 0 0 "DR" 1991
10 1993 26.4454545454545 0 0 0 "DR" 1993
10 1994 26.25 0 0 0 "DR" 1994
10 1995 27.55 0 0 0 "DR" 1995
10 1996 27.1973684210526 0 0 0 "DR" 1996
10 1997 27.5555555555556 0 0 0 "DR" 1997
10 1998 28.3 0 0 0 "DR" 1998
10 1999 27.547619047619 0 0 0 "DR" 1999
10 2000 27.73125 0 0 0 "DR" 2000
10 2001 28.35 0 0 0 "DR" 2001
10 2002 27.6588235294118 0 0 0 "DR" 2002
10 2003 28.015625 0 0 0 "DR" 2003
10 2004 27.853125 0 0 0 "DR" 2004
10 2005 27.8653846153846 0 0 0 "DR" 2005
10 2006 28.34 0 0 0 "DR" 2006
10 2007 27.496875 0 0 0 "DR" 2007
10 2008 27.9208333333333 0 0 0 "DR" 2008
10 2009 28.4375 0 0 0 "DR" 2009
10 2010 27.9794117647059 0 0 0 "DR" 2010
10 2011 26.909375 0 0 0 "DR" 2011
10 2012 28.2576923076923 0 0 0 "DR" 2012
10 2013 27.67 0 0 0 "DR" 2013
10 2014 28.8642857142857 0 0 0 "DR" 2014
10 2015 28.9115384615385 0 0 0 "DR" 2015
10 2016 28.4133333333333 0 0 0 "DR" 2016
10 2017 27.9789473684211 0 0 0 "DR" 2017
10 2018 28.0666666666667 0 0 0 "DR" 2018
11 1943 24.2 0 0 0 "DR" 1943
11 1945 23.6 0 0 0 "DR" 1945
11 1950 24.45 0 0 0 "DR" 1950
11 1978 26.0384615384615 0 0 0 "DR" 1978
11 1979 26.25 0 0 0 "DR" 1979
11 1980 27.25 0 0 0 "DR" 1980
11 1981 26.5416666666667 0 0 0 "DR" 1981
11 1982 26.16 0 0 0 "DR" 1982
11 1983 26.5033333333333 0 0 0 "DR" 1983
11 1984 25.6 0 0 0 "DR" 1984
11 1985 25.7217391304348 0 0 0 "DR" 1985
11 1986 26.3095238095238 0 0 0 "DR" 1986
11 1987 26.9041666666667 0 0 0 "DR" 1987
11 1988 25.9289473684211 0 0 0 "DR" 1988
11 1989 26.4833333333333 0 0 0 "DR" 1989
11 1990 26.8 0 0 0 "DR" 1990
11 1991 26.525 0 0 0 "DR" 1991
11 1992 26.4625 0 0 0 "DR" 1992
11 1993 26.0583333333333 0 0 0 "DR" 1993
11 1995 26.8166666666667 0 0 0 "DR" 1995
11 1996 26.5190476190476 0 0 0 "DR" 1996
11 1997 27.3238095238095 0 0 0 "DR" 1997
11 1998 27.1666666666667 0 0 0 "DR" 1998
11 1999 26.75 0 0 0 "DR" 1999
11 2000 26.8222222222222 0 0 0 "DR" 2000
11 2001 27.1458333333333 0 0 0 "DR" 2001
11 2002 27.525 0 0 0 "DR" 2002
11 2003 27.1214285714286 0 0 0 "DR" 2003
11 2004 26.6366666666667 0 0 0 "DR" 2004
11 2005 27.5 0 0 0 "DR" 2005
11 2006 27.615 0 0 0 "DR" 2006
11 2007 26.8 0 0 0 "DR" 2007
11 2008 27.1166666666667 0 0 0 "DR" 2008
11 2009 27.3941176470588 0 0 0 "DR" 2009
11 2010 26.6363636363636 0 0 0 "DR" 2010
11 2011 26.7722222222222 0 0 0 "DR" 2011
11 2012 27.7 0 0 0 "DR" 2012
11 2013 27.1428571428571 0 0 0 "DR" 2013
11 2014 27.6333333333333 0 0 0 "DR" 2014
11 2015 27.4631578947368 0 0 0 "DR" 2015
11 2016 27.1131578947368 0 0 0 "DR" 2016
11 2017 26.8115384615385 0 0 0 "DR" 2017
11 2018 27.825 0 0 0 "DR" 2018
12 1950 22.75 0 0 0 "DR" 1950
12 1977 26 0 0 0 "DR" 1977
12 1978 25.1538461538462 0 0 0 "DR" 1978
12 1979 25.258064516129 0 0 0 "DR" 1979
12 1980 25.8157894736842 0 0 0 "DR" 1980
12 1981 25.25 0 0 0 "DR" 1981
12 1982 24.625 0 0 0 "DR" 1982
12 1983 25.15 0 0 0 "DR" 1983
12 1984 24.4266666666667 0 0 0 "DR" 1984
12 1985 24.9480769230769 0 0 0 "DR" 1985
12 1986 25.395 0 0 0 "DR" 1986
12 1987 26.0764705882353 0 0 0 "DR" 1987
12 1988 25.0025 0 0 0 "DR" 1988
12 1989 26.1 0 0 0 "DR" 1989
12 1990 24.675 0 0 0 "DR" 1990
12 1991 23.55 0 0 0 "DR" 1991
12 1993 25.0041666666667 0 0 0 "DR" 1993
12 1995 25.6928571428571 0 0 0 "DR" 1995
12 1996 24.3916666666667 0 0 0 "DR" 1996
12 1997 26.5541666666667 0 0 0 "DR" 1997
12 1998 26.154 0 0 0 "DR" 1998
12 1999 24.9222222222222 0 0 0 "DR" 1999
12 2000 26.090625 0 0 0 "DR" 2000
12 2001 26.5909090909091 0 0 0 "DR" 2001
12 2002 26.69 0 0 0 "DR" 2002
12 2003 26.39 0 0 0 "DR" 2003
12 2004 26.2535714285714 0 0 0 "DR" 2004
12 2005 25.7222222222222 0 0 0 "DR" 2005
12 2006 26.7892857142857 0 0 0 "DR" 2006
12 2007 26.2 0 0 0 "DR" 2007
12 2008 26.01 0 0 0 "DR" 2008
12 2009 27.15 0 0 0 "DR" 2009
12 2010 25.05 0 0 0 "DR" 2010
12 2011 25.935 0 0 0 "DR" 2011
12 2012 27.1125 0 0 0 "DR" 2012
12 2013 26.8090909090909 0 0 0 "DR" 2013
12 2014 27.0666666666667 0 0 0 "DR" 2014
12 2015 27.2633333333333 0 0 0 "DR" 2015
12 2016 27.078125 0 0 0 "DR" 2016
12 2017 26.6875 0 0 0 "DR" 2017
12 2018 26.8642857142857 0 0 0 "DR" 2018
1 1966 24.7225806451613 0 0 0 "DR" 1966
2 1966 24.3178571428571 0 0 0 "DR" 1966
3 1966 25.141935483871 0 0 0 "DR" 1966
4 1966 25.8433333333333 0 0 0 "DR" 1966
5 1965 26.5 0 0 0 "DR" 1965
5 1966 25.9435483870968 0 0 0 "DR" 1966
6 1965 27.2766666666667 0 0 0 "DR" 1965
6 1966 26.8816666666667 0 0 0 "DR" 1966
7 1965 27.5629032258065 0 0 0 "DR" 1965
7 1966 27.1766666666667 0 0 0 "DR" 1966
8 1965 27.6096774193548 0 0 0 "DR" 1965
8 1966 27.7564516129032 0 0 0 "DR" 1966
9 1965 27.17 0 0 0 "DR" 1965
9 1966 28.3333333333333 0 0 0 "DR" 1966
10 1965 26.9709677419355 0 0 0 "DR" 1965
11 1965 25.985 0 0 0 "DR" 1965
12 1965 24.7596774193548 0 0 0 "DR" 1965
