"MONTH" "YEAR" "ave_precip_mo" "ave_mo_t" "opium_t" "mj_t" "coca_t" "fips" "year"
1 1979 0 17.25 0 0 0 "EG" 1979
1 1980 0.333333333333333 13.4444444444444 0 0 0 "EG" 1980
1 1981 0.125 11 0 0 0 "EG" 1981
1 1983 5.77777777777778 11.3277777777778 0 0 0 "EG" 1983
1 1985 0.05 15.6666666666667 0 0 0 "EG" 1985
1 1986 0.25 14.6 0 0 0 "EG" 1986
1 1987 0.8 12.15 0 0 0 "EG" 1987
1 1988 1.68 13.95 0 0 0 "EG" 1988
1 1989 2.47142857142857 12.1571428571429 0 0 0 "EG" 1989
1 1990 1.1 13.7222222222222 0 0 0 "EG" 1990
1 1991 0.723076923076923 13.6019230769231 0 0 0 "EG" 1991
1 1992 1.59565217391304 13.1282608695652 0 0 0 "EG" 1992
1 1993 0.166666666666667 13.9055555555556 0 0 0 "EG" 1993
1 1994 1.2258064516129 14.4854838709677 0 0 0 "EG" 1994
1 1995 3.56666666666667 12.8283333333333 0 0 0 "EG" 1995
1 1996 1.56666666666667 13.4183333333333 0 0 0 "EG" 1996
1 1997 7.8 14.4983333333333 0 0 0 "EG" 1997
1 1998 7.3 14.1016666666667 0 0 0 "EG" 1998
1 2000 3.025 12.025 0 0 0 "EG" 2000
1 2001 3.225 14.325 0 0 0 "EG" 2001
1 2002 1.98 12.2 0 0 0 "EG" 2002
1 2003 0.285714285714286 15.5892857142857 0 0 0 "EG" 2003
1 2004 1.48421052631579 13.7236842105263 0 0 0 "EG" 2004
1 2005 1.11764705882353 14.9117647058824 0 0 0 "EG" 2005
1 2006 0 13.25 0 0 0 "EG" 2006
1 2007 1.58 13.96 0 0 0 "EG" 2007
1 2008 3.98571428571429 13.9214285714286 0 0 0 "EG" 2008
1 2009 0.333333333333333 13.8166666666667 0 0 0 "EG" 2009
1 2010 0 13.275 0 0 0 "EG" 2010
1 2011 3.025 14.45 0 0 0 "EG" 2011
1 2012 1.85 12.8416666666667 0 0 0 "EG" 2012
1 2013 2.3 12.15 0 0 0 "EG" 2013
1 2015 4.3 11.1583333333333 0 0 0 "EG" 2015
1 2016 11 11.0125 0 0 0 "EG" 2016
1 2017 0.94 12.9 0 0 0 "EG" 2017
1 2018 0.25 12.125 0 0 0 "EG" 2018
1 2019 0.125 12.475 0 0 0 "EG" 2019
2 1977 0 14.75 0 0 0 "EG" 1977
2 1979 0.111111111111111 16 0 0 0 "EG" 1979
2 1980 1.12727272727273 13.0454545454545 0 0 0 "EG" 1980
2 1981 0 12.5714285714286 0 0 0 "EG" 1981
2 1982 3.225 13.4375 0 0 0 "EG" 1982
2 1983 2.36666666666667 11.05 0 0 0 "EG" 1983
2 1984 0.25 15.475 0 0 0 "EG" 1984
2 1985 5.14 13.33 0 0 0 "EG" 1985
2 1986 2.6 14.5 0 0 0 "EG" 1986
2 1987 1 12.375 0 0 0 "EG" 1987
2 1988 6.2 11.04 0 0 0 "EG" 1988
2 1989 1.55 11.895 0 0 0 "EG" 1989
2 1990 1.16470588235294 14.0852941176471 0 0 0 "EG" 1990
2 1991 0.24375 13.94375 0 0 0 "EG" 1991
2 1992 1.46111111111111 12.0583333333333 0 0 0 "EG" 1992
2 1993 2.06111111111111 12.3666666666667 0 0 0 "EG" 1993
2 1994 3.60714285714286 14.1071428571429 0 0 0 "EG" 1994
2 1995 1.28571428571429 13.9696428571429 0 0 0 "EG" 1995
2 1996 0.172413793103448 14.4431034482759 0 0 0 "EG" 1996
2 1997 0.464285714285714 13.4446428571429 0 0 0 "EG" 1997
2 1998 1.5 14.2857142857143 0 0 0 "EG" 1998
2 2000 0.672727272727273 13.1818181818182 0 0 0 "EG" 2000
2 2001 1.68333333333333 14.025 0 0 0 "EG" 2001
2 2002 2.36666666666667 14.2833333333333 0 0 0 "EG" 2002
2 2003 1.47647058823529 12.4588235294118 0 0 0 "EG" 2003
2 2004 0.844444444444444 14.1805555555556 0 0 0 "EG" 2004
2 2005 0.806666666666667 13.9233333333333 0 0 0 "EG" 2005
2 2006 2.725 11.8 0 0 0 "EG" 2006
2 2007 1.85 12.9833333333333 0 0 0 "EG" 2007
2 2008 1.275 12.7 0 0 0 "EG" 2008
2 2009 2.275 13.4 0 0 0 "EG" 2009
2 2010 1.9 15.65 0 0 0 "EG" 2010
2 2011 0.76 14.58 0 0 0 "EG" 2011
2 2012 1.36666666666667 13.2 0 0 0 "EG" 2012
2 2014 3 14.525 0 0 0 "EG" 2014
2 2015 1.08333333333333 9.85833333333333 0 0 0 "EG" 2015
2 2017 0.833333333333333 12.7833333333333 0 0 0 "EG" 2017
3 1979 0.6 16.6470588235294 0 0 0 "EG" 1979
3 1980 0.358823529411765 14.8235294117647 0 0 0 "EG" 1980
3 1981 0 16.25 0 0 0 "EG" 1981
3 1982 1.17272727272727 13.65 0 0 0 "EG" 1982
3 1983 1 11.825 0 0 0 "EG" 1983
3 1984 0 16.15 0 0 0 "EG" 1984
3 1985 2.2 16.55 0 0 0 "EG" 1985
3 1987 1.2625 11.69375 0 0 0 "EG" 1987
3 1988 0.442857142857143 14.9785714285714 0 0 0 "EG" 1988
3 1989 2.02 12.82 0 0 0 "EG" 1989
3 1990 0.423809523809524 14.9071428571429 0 0 0 "EG" 1990
3 1991 0 16.2058823529412 0 0 0 "EG" 1991
3 1992 0.0695652173913043 14.4195652173913 0 0 0 "EG" 1992
3 1993 0.05 13.38 0 0 0 "EG" 1993
3 1994 0.774193548387097 14.6838709677419 0 0 0 "EG" 1994
3 1995 0.258064516129032 15.7048387096774 0 0 0 "EG" 1995
3 1996 6.83870967741935 15.2548387096774 0 0 0 "EG" 1996
3 1997 7.03225806451613 14.5225806451613 0 0 0 "EG" 1997
3 1998 4.19354838709677 14.3225806451613 0 0 0 "EG" 1998
3 2000 2.175 12.775 0 0 0 "EG" 2000
3 2001 0 14 0 0 0 "EG" 2001
3 2003 0.58 13.6366666666667 0 0 0 "EG" 2003
3 2004 0.142857142857143 15.0607142857143 0 0 0 "EG" 2004
3 2005 0.133333333333333 15.7433333333333 0 0 0 "EG" 2005
3 2006 0.5 11.85 0 0 0 "EG" 2006
3 2007 0 14.7 0 0 0 "EG" 2007
3 2008 2.05 15.95 0 0 0 "EG" 2008
3 2009 0 15.2 0 0 0 "EG" 2009
3 2010 0 15.1 0 0 0 "EG" 2010
3 2011 0.966666666666667 14.9666666666667 0 0 0 "EG" 2011
3 2014 0.5 14.2 0 0 0 "EG" 2014
3 2015 0.5 18.15 0 0 0 "EG" 2015
3 2017 0 14.8 0 0 0 "EG" 2017
4 1978 0 18 0 0 0 "EG" 1978
4 1979 0 16.35 0 0 0 "EG" 1979
4 1980 0 17.1538461538462 0 0 0 "EG" 1980
4 1981 0 21.3 0 0 0 "EG" 1981
4 1982 0.1 18.05 0 0 0 "EG" 1982
4 1984 0 14.9 0 0 0 "EG" 1984
4 1985 0 17.2 0 0 0 "EG" 1985
4 1988 0.65 15.75 0 0 0 "EG" 1988
4 1990 0.0476190476190476 17.8904761904762 0 0 0 "EG" 1990
4 1991 0.03125 18.5875 0 0 0 "EG" 1991
4 1992 2.77777777777778 16.0194444444444 0 0 0 "EG" 1992
4 1993 0 17.1361111111111 0 0 0 "EG" 1993
4 1994 3.3 19.42 0 0 0 "EG" 1994
4 1995 3.6 16.0983333333333 0 0 0 "EG" 1995
4 1996 0.466666666666667 16.8866666666667 0 0 0 "EG" 1996
4 1997 0.1 16.5033333333333 0 0 0 "EG" 1997
4 1998 3.33333333333333 18.545 0 0 0 "EG" 1998
4 2000 0.15 18.875 0 0 0 "EG" 2000
4 2002 0 13.4 0 0 0 "EG" 2002
4 2003 0 17.1472222222222 0 0 0 "EG" 2003
4 2004 0.2 17.1933333333333 0 0 0 "EG" 2004
4 2005 0.241176470588235 18.1147058823529 0 0 0 "EG" 2005
4 2007 0.266666666666667 16.9833333333333 0 0 0 "EG" 2007
4 2011 0.825 19.0125 0 0 0 "EG" 2011
4 2013 0 15.7 0 0 0 "EG" 2013
4 2014 0 18.6 0 0 0 "EG" 2014
4 2016 0.5 18.425 0 0 0 "EG" 2016
5 1977 0 23.5 0 0 0 "EG" 1977
5 1979 0 19.6333333333333 0 0 0 "EG" 1979
5 1980 0 19.3571428571429 0 0 0 "EG" 1980
5 1981 0 19.4375 0 0 0 "EG" 1981
5 1982 1 19.95 0 0 0 "EG" 1982
5 1983 0 19.85 0 0 0 "EG" 1983
5 1985 0.25 20.925 0 0 0 "EG" 1985
5 1986 0.375 18.275 0 0 0 "EG" 1986
5 1990 0.065 19.93 0 0 0 "EG" 1990
5 1991 0.0230769230769231 19.5076923076923 0 0 0 "EG" 1991
5 1992 0.0142857142857143 18.402380952381 0 0 0 "EG" 1992
5 1993 0 19.6458333333333 0 0 0 "EG" 1993
5 1994 3.19354838709677 20.9064516129032 0 0 0 "EG" 1994
5 1995 0.129032258064516 19.3112903225806 0 0 0 "EG" 1995
5 1996 0 20.5967741935484 0 0 0 "EG" 1996
5 1997 0.032258064516129 19.7887096774194 0 0 0 "EG" 1997
5 1998 3.35483870967742 20.6790322580645 0 0 0 "EG" 1998
5 2003 0 21.6125 0 0 0 "EG" 2003
5 2004 0 20.6366666666667 0 0 0 "EG" 2004
5 2005 0 20.3921052631579 0 0 0 "EG" 2005
5 2006 0 17.6 0 0 0 "EG" 2006
5 2007 2 19.7 0 0 0 "EG" 2007
5 2010 0 22.6 0 0 0 "EG" 2010
5 2013 3.95 19.4 0 0 0 "EG" 2013
5 2014 0 19.675 0 0 0 "EG" 2014
6 1974 0 21.5 0 0 0 "EG" 1974
6 1979 0 23.675 0 0 0 "EG" 1979
6 1980 0 21.9583333333333 0 0 0 "EG" 1980
6 1981 0 23.7115384615385 0 0 0 "EG" 1981
6 1983 0 22.95 0 0 0 "EG" 1983
6 1990 0 23.64 0 0 0 "EG" 1990
6 1991 0 23.4086956521739 0 0 0 "EG" 1991
6 1992 0 24.0117647058824 0 0 0 "EG" 1992
6 1993 0 23.7071428571429 0 0 0 "EG" 1993
6 1994 0 22.5383333333333 0 0 0 "EG" 1994
6 1995 0 25.5116666666667 0 0 0 "EG" 1995
6 1996 3.3 22.845 0 0 0 "EG" 1996
6 1997 0 24.0783333333333 0 0 0 "EG" 1997
6 1998 0 23.0883333333333 0 0 0 "EG" 1998
6 2002 0 21.3 0 0 0 "EG" 2002
6 2003 0 24.3694444444444 0 0 0 "EG" 2003
6 2004 0 23.4794117647059 0 0 0 "EG" 2004
6 2005 0 22.8666666666667 0 0 0 "EG" 2005
6 2011 0.5 21.275 0 0 0 "EG" 2011
6 2012 0.5 22.075 0 0 0 "EG" 2012
6 2018 0 24.7 0 0 0 "EG" 2018
7 1973 0 25.5 0 0 0 "EG" 1973
7 1978 0 24 0 0 0 "EG" 1978
7 1979 0 24.5588235294118 0 0 0 "EG" 1979
7 1980 0 24.53125 0 0 0 "EG" 1980
7 1981 0 25.875 0 0 0 "EG" 1981
7 1990 0 24.996 0 0 0 "EG" 1990
7 1991 0 24.5095238095238 0 0 0 "EG" 1991
7 1992 0 24.3625 0 0 0 "EG" 1992
7 1993 0 25.2710526315789 0 0 0 "EG" 1993
7 1994 0 25.0870967741935 0 0 0 "EG" 1994
7 1995 0 26.3725806451613 0 0 0 "EG" 1995
7 1996 0 24.9483870967742 0 0 0 "EG" 1996
7 1997 0 26.3338709677419 0 0 0 "EG" 1997
7 1998 0 25.4467741935484 0 0 0 "EG" 1998
7 2002 0.65 26.525 0 0 0 "EG" 2002
7 2003 0 26.7 0 0 0 "EG" 2003
7 2004 0 26.5647058823529 0 0 0 "EG" 2004
7 2005 0 25.1041666666667 0 0 0 "EG" 2005
8 1978 0 24.5 0 0 0 "EG" 1978
8 1979 0 26.1111111111111 0 0 0 "EG" 1979
8 1980 0 25.6428571428571 0 0 0 "EG" 1980
8 1981 0 25.7619047619048 0 0 0 "EG" 1981
8 1985 0 26.1 0 0 0 "EG" 1985
8 1986 0 25.5 0 0 0 "EG" 1986
8 1990 0 24.80625 0 0 0 "EG" 1990
8 1991 0 25.2736842105263 0 0 0 "EG" 1991
8 1992 0 25.6083333333333 0 0 0 "EG" 1992
8 1993 0 25.458 0 0 0 "EG" 1993
8 1994 0 25.8064516129032 0 0 0 "EG" 1994
8 1995 0 26.5467741935484 0 0 0 "EG" 1995
8 1996 0 25.8822580645161 0 0 0 "EG" 1996
8 1997 0 25.7322580645161 0 0 0 "EG" 1997
8 1998 0 27.5822580645161 0 0 0 "EG" 1998
8 2002 0 25.575 0 0 0 "EG" 2002
8 2003 0 26.6480769230769 0 0 0 "EG" 2003
8 2004 0 26.175 0 0 0 "EG" 2004
9 1978 0 22.5 0 0 0 "EG" 1978
9 1980 0 24.0333333333333 0 0 0 "EG" 1980
9 1981 0 24.5869565217391 0 0 0 "EG" 1981
9 1982 0 22.8 0 0 0 "EG" 1982
9 1986 1 23.85 0 0 0 "EG" 1986
9 1988 0 25.05 0 0 0 "EG" 1988
9 1990 0 23.8153846153846 0 0 0 "EG" 1990
9 1991 0 23.3833333333333 0 0 0 "EG" 1991
9 1992 0 23.275 0 0 0 "EG" 1992
9 1993 0 24.914 0 0 0 "EG" 1993
9 1994 0 25.4316666666667 0 0 0 "EG" 1994
9 1995 0 25.795 0 0 0 "EG" 1995
9 1996 0 26.615 0 0 0 "EG" 1996
9 1997 0.166666666666667 24.2 0 0 0 "EG" 1997
9 1998 0 26.1566666666667 0 0 0 "EG" 1998
9 2000 0 22.4 0 0 0 "EG" 2000
9 2002 0 26.4925 0 0 0 "EG" 2002
9 2003 0 25.0789473684211 0 0 0 "EG" 2003
9 2004 0 25.0176470588235 0 0 0 "EG" 2004
9 2011 1 24.05 0 0 0 "EG" 2011
9 2014 1 23.75 0 0 0 "EG" 2014
10 1974 0 22.75 0 0 0 "EG" 1974
10 1978 0 21.5 0 0 0 "EG" 1978
10 1979 3.95 21 0 0 0 "EG" 1979
10 1980 0 22.7272727272727 0 0 0 "EG" 1980
10 1981 0 22.825 0 0 0 "EG" 1981
10 1982 0 23.35 0 0 0 "EG" 1982
10 1983 0.25 19.75 0 0 0 "EG" 1983
10 1985 0 17.95 0 0 0 "EG" 1985
10 1986 0.3 20.8 0 0 0 "EG" 1986
10 1988 2.975 18.75 0 0 0 "EG" 1988
10 1989 9.025 18.925 0 0 0 "EG" 1989
10 1990 0 22.64375 0 0 0 "EG" 1990
10 1991 0 22.3736842105263 0 0 0 "EG" 1991
10 1992 0 22.6972222222222 0 0 0 "EG" 1992
10 1993 0 23.45 0 0 0 "EG" 1993
10 1994 4.70967741935484 23.8048387096774 0 0 0 "EG" 1994
10 1995 0.709677419354839 22.0064516129032 0 0 0 "EG" 1995
10 1996 0.741935483870968 21.2951612903226 0 0 0 "EG" 1996
10 1997 1.48387096774194 21.9306451612903 0 0 0 "EG" 1997
10 1998 0.032258064516129 23.2225806451613 0 0 0 "EG" 1998
10 1999 0 23.775 0 0 0 "EG" 1999
10 2001 0.25 22.075 0 0 0 "EG" 2001
10 2002 6.5 23.415 0 0 0 "EG" 2002
10 2003 0 23.4136363636364 0 0 0 "EG" 2003
10 2004 0 22.975 0 0 0 "EG" 2004
10 2005 1.5 21.225 0 0 0 "EG" 2005
10 2008 1.66666666666667 20.9666666666667 0 0 0 "EG" 2008
10 2009 0 20.5 0 0 0 "EG" 2009
10 2011 0.15 20.825 0 0 0 "EG" 2011
10 2014 0.5 22.1875 0 0 0 "EG" 2014
10 2015 0.5 20.2 0 0 0 "EG" 2015
11 1976 0 19.5 0 0 0 "EG" 1976
11 1978 1 14.5 0 0 0 "EG" 1978
11 1979 3.18333333333333 16.3333333333333 0 0 0 "EG" 1979
11 1980 0 19.5 0 0 0 "EG" 1980
11 1981 0.533333333333333 17.7380952380952 0 0 0 "EG" 1981
11 1982 1 18.775 0 0 0 "EG" 1982
11 1983 0.94 18.03 0 0 0 "EG" 1983
11 1985 0 17.4 0 0 0 "EG" 1985
11 1986 0.5 17.6375 0 0 0 "EG" 1986
11 1987 4.1 16.1 0 0 0 "EG" 1987
11 1988 1 17.7 0 0 0 "EG" 1988
11 1989 0.46 17.55 0 0 0 "EG" 1989
11 1990 0 19.8083333333333 0 0 0 "EG" 1990
11 1991 0.995238095238095 17.7357142857143 0 0 0 "EG" 1991
11 1992 0.941176470588235 19.2852941176471 0 0 0 "EG" 1992
11 1993 1.07619047619048 19.1214285714286 0 0 0 "EG" 1993
11 1994 3.46666666666667 18.3083333333333 0 0 0 "EG" 1994
11 1995 0.666666666666667 17.2683333333333 0 0 0 "EG" 1995
11 1996 0.833333333333333 19.2633333333333 0 0 0 "EG" 1996
11 1997 0.333333333333333 18.695 0 0 0 "EG" 1997
11 1998 0.7 18.5916666666667 0 0 0 "EG" 1998
11 1999 1 20.3583333333333 0 0 0 "EG" 1999
11 2001 0.25 18.7 0 0 0 "EG" 2001
11 2002 0.0176470588235294 19.2117647058824 0 0 0 "EG" 2002
11 2003 0.0333333333333333 19.31 0 0 0 "EG" 2003
11 2004 0 20.9321428571429 0 0 0 "EG" 2004
11 2005 5.6 16.5 0 0 0 "EG" 2005
11 2006 2.725 17.5125 0 0 0 "EG" 2006
11 2007 0 15.7 0 0 0 "EG" 2007
11 2008 0.15 18.175 0 0 0 "EG" 2008
11 2009 12.95 18.65 0 0 0 "EG" 2009
11 2011 3.82 15.72 0 0 0 "EG" 2011
11 2012 0 19.025 0 0 0 "EG" 2012
11 2013 1.025 19.9125 0 0 0 "EG" 2013
11 2014 3.31666666666667 18.1 0 0 0 "EG" 2014
11 2015 0 21.1 0 0 0 "EG" 2015
11 2016 1.5 19.15 0 0 0 "EG" 2016
11 2017 0.25 17.4875 0 0 0 "EG" 2017
12 1974 0 15.5 0 0 0 "EG" 1974
12 1979 4.5 14.5 0 0 0 "EG" 1979
12 1980 0.25 15.0625 0 0 0 "EG" 1980
12 1981 0 15.925 0 0 0 "EG" 1981
12 1982 1.775 13.60625 0 0 0 "EG" 1982
12 1983 1.6 15.5 0 0 0 "EG" 1983
12 1984 8.63333333333333 14.8666666666667 0 0 0 "EG" 1984
12 1985 0 17.85 0 0 0 "EG" 1985
12 1986 2.44 13.35 0 0 0 "EG" 1986
12 1988 1.66666666666667 12.4333333333333 0 0 0 "EG" 1988
12 1989 0.766666666666667 14.4666666666667 0 0 0 "EG" 1989
12 1990 0 15.425 0 0 0 "EG" 1990
12 1991 1.75625 12.884375 0 0 0 "EG" 1991
12 1992 3 13.8617647058824 0 0 0 "EG" 1992
12 1993 0.945454545454545 16.5340909090909 0 0 0 "EG" 1993
12 1994 1.80645161290323 13.9516129032258 0 0 0 "EG" 1994
12 1995 6.38709677419355 15.2774193548387 0 0 0 "EG" 1995
12 1996 3.48387096774194 15.6274193548387 0 0 0 "EG" 1996
12 1997 0.451612903225806 15.4725806451613 0 0 0 "EG" 1997
12 1998 11.4838709677419 14.7983870967742 0 0 0 "EG" 1998
12 1999 0.426666666666667 15.3833333333333 0 0 0 "EG" 1999
12 2000 4.21428571428571 16.9928571428571 0 0 0 "EG" 2000
12 2001 0.766666666666667 14.65 0 0 0 "EG" 2001
12 2002 0.471428571428571 15.9714285714286 0 0 0 "EG" 2002
12 2003 1.65714285714286 15.4928571428571 0 0 0 "EG" 2003
12 2004 1.2 15.0416666666667 0 0 0 "EG" 2004
12 2005 1.775 13.075 0 0 0 "EG" 2005
12 2006 5.76666666666667 17.5333333333333 0 0 0 "EG" 2006
12 2007 24.775 16.2375 0 0 0 "EG" 2007
12 2009 0.166666666666667 15.4333333333333 0 0 0 "EG" 2009
12 2010 0.4 14 0 0 0 "EG" 2010
12 2011 0 13.75 0 0 0 "EG" 2011
12 2012 1.45454545454545 15.2318181818182 0 0 0 "EG" 2012
12 2013 4.5 15.0357142857143 0 0 0 "EG" 2013
12 2014 0 16.05 0 0 0 "EG" 2014
12 2015 0 13.7 0 0 0 "EG" 2015
12 2016 3.875 12.74375 0 0 0 "EG" 2016
12 2017 1.5 14.95 0 0 0 "EG" 2017
1 1974 0 16.125 0 0 0 "EG" 1974
1 1975 0 15.25 0 0 0 "EG" 1975
1 1977 0 18 0 0 0 "EG" 1977
1 1979 0 16.5833333333333 0 0 0 "EG" 1979
1 1980 0 15.8571428571429 0 0 0 "EG" 1980
1 1981 0 13.2045454545455 0 0 0 "EG" 1981
1 1982 0 17.3 0 0 0 "EG" 1982
1 1991 0 15.2210526315789 0 0 0 "EG" 1991
1 1992 0 13.6 0 0 0 "EG" 1992
1 1993 0.136363636363636 15.5068181818182 0 0 0 "EG" 1993
1 1994 3.19354838709677 18.4161290322581 0 0 0 "EG" 1994
1 1995 0 16.3166666666667 0 0 0 "EG" 1995
1 1996 0 16.835 0 0 0 "EG" 1996
1 1997 0 18.145 0 0 0 "EG" 1997
1 1998 0 15.9816666666667 0 0 0 "EG" 1998
1 2000 0 16.575 0 0 0 "EG" 2000
1 2003 0 18.4566666666667 0 0 0 "EG" 2003
1 2004 0 16.1021739130435 0 0 0 "EG" 2004
1 2005 0 16.1431818181818 0 0 0 "EG" 2005
1 2011 0 16.85 0 0 0 "EG" 2011
1 2013 0 14.75 0 0 0 "EG" 2013
2 1974 0 18.3571428571429 0 0 0 "EG" 1974
2 1977 0 19.9444444444444 0 0 0 "EG" 1977
2 1979 0 21.4230769230769 0 0 0 "EG" 1979
2 1980 0 16.8055555555556 0 0 0 "EG" 1980
2 1981 0 17.0357142857143 0 0 0 "EG" 1981
2 1990 0 16.0409090909091 0 0 0 "EG" 1990
2 1991 0.0238095238095238 18.0738095238095 0 0 0 "EG" 1991
2 1992 0 13.8325 0 0 0 "EG" 1992
2 1993 0 15.4916666666667 0 0 0 "EG" 1993
2 1994 0 17.6785714285714 0 0 0 "EG" 1994
2 1995 0 17.6892857142857 0 0 0 "EG" 1995
2 1996 0 19.1431034482759 0 0 0 "EG" 1996
2 1997 0 15.2857142857143 0 0 0 "EG" 1997
2 1998 0 18.6107142857143 0 0 0 "EG" 1998
2 2003 0 16.6166666666667 0 0 0 "EG" 2003
2 2004 0 18.5411764705882 0 0 0 "EG" 2004
2 2005 0 18.9166666666667 0 0 0 "EG" 2005
3 1974 0 21.9285714285714 0 0 0 "EG" 1974
3 1977 0 19.9375 0 0 0 "EG" 1977
3 1979 0 23.15625 0 0 0 "EG" 1979
3 1980 0 22.3571428571429 0 0 0 "EG" 1980
3 1981 0 22.8695652173913 0 0 0 "EG" 1981
3 1982 0 25.4 0 0 0 "EG" 1982
3 1990 0 19.9842105263158 0 0 0 "EG" 1990
3 1991 0 22.4736842105263 0 0 0 "EG" 1991
3 1992 0 21.215625 0 0 0 "EG" 1992
3 1993 0 21.7 0 0 0 "EG" 1993
3 1994 0 21.0048387096774 0 0 0 "EG" 1994
3 1995 0 22.4870967741935 0 0 0 "EG" 1995
3 1996 0.032258064516129 22.2387096774194 0 0 0 "EG" 1996
3 1997 0 20.2854838709677 0 0 0 "EG" 1997
3 1998 6.38709677419355 19.9 0 0 0 "EG" 1998
3 2003 0 19.95 0 0 0 "EG" 2003
3 2004 0 23.4911764705882 0 0 0 "EG" 2004
3 2005 0 22.15 0 0 0 "EG" 2005
3 2014 0 19.2 0 0 0 "EG" 2014
4 1974 0 27.9166666666667 0 0 0 "EG" 1974
4 1977 0 25.6 0 0 0 "EG" 1977
4 1979 0 27.1538461538462 0 0 0 "EG" 1979
4 1980 0 27.04 0 0 0 "EG" 1980
4 1981 0 25.5588235294118 0 0 0 "EG" 1981
4 1985 0 18 0 0 0 "EG" 1985
4 1990 0 28.0522727272727 0 0 0 "EG" 1990
4 1991 0 28.4214285714286 0 0 0 "EG" 1991
4 1992 0 25.7789473684211 0 0 0 "EG" 1992
4 1993 0 28.3875 0 0 0 "EG" 1993
4 1994 0 27.9816666666667 0 0 0 "EG" 1994
4 1995 0 26.5783333333333 0 0 0 "EG" 1995
4 1996 0 26.025 0 0 0 "EG" 1996
4 1997 0 26.76 0 0 0 "EG" 1997
4 1998 3.3 28.7516666666667 0 0 0 "EG" 1998
4 2003 0 28.2631578947368 0 0 0 "EG" 2003
4 2004 0 26.9825 0 0 0 "EG" 2004
4 2005 0.29047619047619 28.1071428571429 0 0 0 "EG" 2005
4 2014 0 32 0 0 0 "EG" 2014
5 1974 0 29.3181818181818 0 0 0 "EG" 1974
5 1977 0 30.1666666666667 0 0 0 "EG" 1977
5 1978 0 32.9285714285714 0 0 0 "EG" 1978
5 1979 0 30.92 0 0 0 "EG" 1979
5 1980 0 32.44 0 0 0 "EG" 1980
5 1981 0 30.5769230769231 0 0 0 "EG" 1981
5 1982 0.5 27.5 0 0 0 "EG" 1982
5 1986 0 31.6 0 0 0 "EG" 1986
5 1990 0 31.3125 0 0 0 "EG" 1990
5 1991 0 31.1052631578947 0 0 0 "EG" 1991
5 1992 0 30.4894736842105 0 0 0 "EG" 1992
5 1993 0 31.0617647058824 0 0 0 "EG" 1993
5 1994 0 31.4967741935484 0 0 0 "EG" 1994
5 1995 3.19354838709677 31.1677419354839 0 0 0 "EG" 1995
5 1996 0 34.3225806451613 0 0 0 "EG" 1996
5 1997 0 31.8112903225806 0 0 0 "EG" 1997
5 1998 0.0645161290322581 32.391935483871 0 0 0 "EG" 1998
5 2003 0 33.2104166666667 0 0 0 "EG" 2003
5 2004 0 32.8941176470588 0 0 0 "EG" 2004
5 2005 0 30.6730769230769 0 0 0 "EG" 2005
5 2009 1.5 23.775 0 0 0 "EG" 2009
5 2017 1 35.45 0 0 0 "EG" 2017
6 1973 0 32.7142857142857 0 0 0 "EG" 1973
6 1974 0 32.25 0 0 0 "EG" 1974
6 1977 0 33.7307692307692 0 0 0 "EG" 1977
6 1978 0 31.9444444444444 0 0 0 "EG" 1978
6 1979 0 34.2954545454545 0 0 0 "EG" 1979
6 1980 0 33.3913043478261 0 0 0 "EG" 1980
6 1981 0 32.9807692307692 0 0 0 "EG" 1981
6 1990 0 33.1153846153846 0 0 0 "EG" 1990
6 1991 0 32.6970588235294 0 0 0 "EG" 1991
6 1992 0 33.65 0 0 0 "EG" 1992
6 1993 0 33.1071428571429 0 0 0 "EG" 1993
6 1994 0 32.8816666666667 0 0 0 "EG" 1994
6 1995 0 35.2683333333333 0 0 0 "EG" 1995
6 1996 0 33.1116666666667 0 0 0 "EG" 1996
6 1997 0 34.0083333333333 0 0 0 "EG" 1997
6 1998 0 33.2266666666667 0 0 0 "EG" 1998
6 2002 2 36.9 0 0 0 "EG" 2002
6 2003 0 34.1970588235294 0 0 0 "EG" 2003
6 2004 0 33.3173913043478 0 0 0 "EG" 2004
6 2005 0 33.986 0 0 0 "EG" 2005
7 1973 0 33.6 0 0 0 "EG" 1973
7 1974 0 33.6 0 0 0 "EG" 1974
7 1977 0 33.5555555555556 0 0 0 "EG" 1977
7 1978 0 34.4090909090909 0 0 0 "EG" 1978
7 1979 0 33.90625 0 0 0 "EG" 1979
7 1980 0 33.8103448275862 0 0 0 "EG" 1980
7 1981 0 33.6136363636364 0 0 0 "EG" 1981
7 1990 0 33.5261904761905 0 0 0 "EG" 1990
7 1991 0 32.6916666666667 0 0 0 "EG" 1991
7 1992 0 33.6138888888889 0 0 0 "EG" 1992
7 1993 0 33.5666666666667 0 0 0 "EG" 1993
7 1994 0 33.8612903225806 0 0 0 "EG" 1994
7 1995 0 34.5596774193548 0 0 0 "EG" 1995
7 1996 0 34.2741935483871 0 0 0 "EG" 1996
7 1997 0 34.7709677419355 0 0 0 "EG" 1997
7 1998 0 34.941935483871 0 0 0 "EG" 1998
7 2002 1 37.15 0 0 0 "EG" 2002
7 2003 0 34.5340909090909 0 0 0 "EG" 2003
7 2004 0 35.0657894736842 0 0 0 "EG" 2004
7 2005 0 33.7083333333333 0 0 0 "EG" 2005
8 1973 0 32.6666666666667 0 0 0 "EG" 1973
8 1974 0 32.8 0 0 0 "EG" 1974
8 1977 0 34.45 0 0 0 "EG" 1977
8 1978 0.222222222222222 32.5555555555556 0 0 0 "EG" 1978
8 1979 0 33.6666666666667 0 0 0 "EG" 1979
8 1980 0 33.34 0 0 0 "EG" 1980
8 1981 0 32.775 0 0 0 "EG" 1981
8 1986 0 33 0 0 0 "EG" 1986
8 1990 0 32.275 0 0 0 "EG" 1990
8 1991 0 32.7558823529412 0 0 0 "EG" 1991
8 1992 0 34.2157894736842 0 0 0 "EG" 1992
8 1993 0 34.2796296296296 0 0 0 "EG" 1993
8 1994 0 33.6870967741935 0 0 0 "EG" 1994
8 1995 0 34.4306451612903 0 0 0 "EG" 1995
8 1996 0 34.3396551724138 0 0 0 "EG" 1996
8 1997 0 33.9258064516129 0 0 0 "EG" 1997
8 1998 0 36.1677419354839 0 0 0 "EG" 1998
8 2003 0 35.3795454545455 0 0 0 "EG" 2003
8 2004 0 34.15 0 0 0 "EG" 2004
9 1973 0 29.75 0 0 0 "EG" 1973
9 1974 0 30.7142857142857 0 0 0 "EG" 1974
9 1977 0 30.6111111111111 0 0 0 "EG" 1977
9 1978 0 28.9545454545455 0 0 0 "EG" 1978
9 1979 0 30.9230769230769 0 0 0 "EG" 1979
9 1980 0 30.8275862068966 0 0 0 "EG" 1980
9 1981 0 30.7826086956522 0 0 0 "EG" 1981
9 1990 0 29.65 0 0 0 "EG" 1990
9 1991 0 30.4535714285714 0 0 0 "EG" 1991
9 1992 0 30.1882352941176 0 0 0 "EG" 1992
9 1993 0 32.0541666666667 0 0 0 "EG" 1993
9 1994 0 31.7716666666667 0 0 0 "EG" 1994
9 1995 0 33.4816666666667 0 0 0 "EG" 1995
9 1996 0 34.13 0 0 0 "EG" 1996
9 1997 0 31.9833333333333 0 0 0 "EG" 1997
9 1998 0 33.645 0 0 0 "EG" 1998
9 1999 0 31.725 0 0 0 "EG" 1999
9 2002 0 33.6630434782609 0 0 0 "EG" 2002
9 2003 0 32.9130434782609 0 0 0 "EG" 2003
9 2004 0 32.5130434782609 0 0 0 "EG" 2004
9 2010 0 34.7 0 0 0 "EG" 2010
10 1973 0 29.5 0 0 0 "EG" 1973
10 1974 0 30 0 0 0 "EG" 1974
10 1976 0 32.5 0 0 0 "EG" 1976
10 1978 0 31.8333333333333 0 0 0 "EG" 1978
10 1979 0 28.5 0 0 0 "EG" 1979
10 1980 0 28.58 0 0 0 "EG" 1980
10 1981 0.08 29.48 0 0 0 "EG" 1981
10 1990 0 28.15 0 0 0 "EG" 1990
10 1991 0 28.3571428571429 0 0 0 "EG" 1991
10 1992 0 29.7979166666667 0 0 0 "EG" 1992
10 1993 0 30.785 0 0 0 "EG" 1993
10 1994 0.258064516129032 30.541935483871 0 0 0 "EG" 1994
10 1995 0 29.1096774193548 0 0 0 "EG" 1995
10 1996 0 28.5064516129032 0 0 0 "EG" 1996
10 1997 3.48387096774194 28.491935483871 0 0 0 "EG" 1997
10 1998 0 30.2661290322581 0 0 0 "EG" 1998
10 1999 0 29.6861111111111 0 0 0 "EG" 1999
10 2002 0 29.8190476190476 0 0 0 "EG" 2002
10 2003 0 30.4763157894737 0 0 0 "EG" 2003
10 2004 0 29.5055555555556 0 0 0 "EG" 2004
10 2012 0.6 28.7833333333333 0 0 0 "EG" 2012
11 1973 0 21.5 0 0 0 "EG" 1973
11 1976 0 16.5 0 0 0 "EG" 1976
11 1978 0 17 0 0 0 "EG" 1978
11 1979 0 24.2222222222222 0 0 0 "EG" 1979
11 1980 0 24.125 0 0 0 "EG" 1980
11 1981 0 18.8958333333333 0 0 0 "EG" 1981
11 1990 0 25.035 0 0 0 "EG" 1990
11 1991 0 22.271875 0 0 0 "EG" 1991
11 1992 0 21.0409090909091 0 0 0 "EG" 1992
11 1993 0 24.3555555555556 0 0 0 "EG" 1993
11 1994 0 20.8933333333333 0 0 0 "EG" 1994
11 1995 0 20.3116666666667 0 0 0 "EG" 1995
11 1996 3.3 22.9116666666667 0 0 0 "EG" 1996
11 1997 0 22.8983333333333 0 0 0 "EG" 1997
11 1998 0 24.64 0 0 0 "EG" 1998
11 1999 0.0727272727272727 23.9227272727273 0 0 0 "EG" 1999
11 2002 0 24.0522727272727 0 0 0 "EG" 2002
11 2003 0 23.2105263157895 0 0 0 "EG" 2003
11 2004 0 21.975 0 0 0 "EG" 2004
12 1973 0 17.125 0 0 0 "EG" 1973
12 1974 0 15.25 0 0 0 "EG" 1974
12 1976 0 19 0 0 0 "EG" 1976
12 1978 0 17.5 0 0 0 "EG" 1978
12 1979 0 15.0434782608696 0 0 0 "EG" 1979
12 1980 0 18.4473684210526 0 0 0 "EG" 1980
12 1981 0 17.90625 0 0 0 "EG" 1981
12 1990 0 21.6704545454545 0 0 0 "EG" 1990
12 1991 0 13.4 0 0 0 "EG" 1991
12 1992 0 15.7568181818182 0 0 0 "EG" 1992
12 1993 0 21.006 0 0 0 "EG" 1993
12 1994 0 15.1451612903226 0 0 0 "EG" 1994
12 1995 0 17.2483870967742 0 0 0 "EG" 1995
12 1996 0 18.6 0 0 0 "EG" 1996
12 1997 0 17.5741935483871 0 0 0 "EG" 1997
12 1998 0 18.4193548387097 0 0 0 "EG" 1998
12 1999 0 18.0733333333333 0 0 0 "EG" 1999
12 2002 0 18.0275 0 0 0 "EG" 2002
12 2003 0 17.6357142857143 0 0 0 "EG" 2003
12 2004 0 17.4652173913043 0 0 0 "EG" 2004
1 1979 0 17.5 0 0 0 "EG" 1979
1 1980 0 11 0 0 0 "EG" 1980
1 1981 0 11.5 0 0 0 "EG" 1981
1 1985 0 17.7 0 0 0 "EG" 1985
1 1988 1 12.4 0 0 0 "EG" 1988
1 1990 0 16.2 0 0 0 "EG" 1990
1 1991 0.0238095238095238 12.9595238095238 0 0 0 "EG" 1991
1 1992 0 12.6125 0 0 0 "EG" 1992
1 1993 0.176470588235294 12.8617647058824 0 0 0 "EG" 1993
1 1994 0.419354838709677 14.1967741935484 0 0 0 "EG" 1994
1 1995 0.0333333333333333 12.2316666666667 0 0 0 "EG" 1995
1 1996 0 13.8333333333333 0 0 0 "EG" 1996
1 1997 0 13.8933333333333 0 0 0 "EG" 1997
1 1998 0 13.7466666666667 0 0 0 "EG" 1998
1 2000 0 11.6571428571429 0 0 0 "EG" 2000
1 2003 0 14.6217391304348 0 0 0 "EG" 2003
1 2004 0 12.874 0 0 0 "EG" 2004
1 2005 0 14.2767857142857 0 0 0 "EG" 2005
1 2012 0.433333333333333 13.85 0 0 0 "EG" 2012
2 1979 0 16.45 0 0 0 "EG" 1979
2 1980 0 14 0 0 0 "EG" 1980
2 1982 2.03333333333333 13.5833333333333 0 0 0 "EG" 1982
2 1990 0.657142857142857 15.4357142857143 0 0 0 "EG" 1990
2 1991 0.0263157894736842 14.9605263157895 0 0 0 "EG" 1991
2 1992 0 12.135 0 0 0 "EG" 1992
2 1993 0 13.4916666666667 0 0 0 "EG" 1993
2 1994 0 14.5732142857143 0 0 0 "EG" 1994
2 1995 0.0357142857142857 15.1410714285714 0 0 0 "EG" 1995
2 1996 0 15.3862068965517 0 0 0 "EG" 1996
2 1997 0 13.7089285714286 0 0 0 "EG" 1997
2 1998 0 15.7160714285714 0 0 0 "EG" 1998
2 2000 0.25 13.075 0 0 0 "EG" 2000
2 2003 0 13.1666666666667 0 0 0 "EG" 2003
2 2004 0 15.625 0 0 0 "EG" 2004
2 2005 0.084 14.844 0 0 0 "EG" 2005
2 2011 5.95 15.45 0 0 0 "EG" 2011
2 2015 0 14 0 0 0 "EG" 2015
3 1979 0 17.9166666666667 0 0 0 "EG" 1979
3 1980 0 12 0 0 0 "EG" 1980
3 1982 0 15.25 0 0 0 "EG" 1982
3 1985 0.15 19.775 0 0 0 "EG" 1985
3 1987 0.5 16.25 0 0 0 "EG" 1987
3 1990 0 17.5175 0 0 0 "EG" 1990
3 1991 0.142857142857143 19.1714285714286 0 0 0 "EG" 1991
3 1992 0.0384615384615385 16.7211538461538 0 0 0 "EG" 1992
3 1993 0 16.247619047619 0 0 0 "EG" 1993
3 1994 0 17.1258064516129 0 0 0 "EG" 1994
3 1995 0 18.4709677419355 0 0 0 "EG" 1995
3 1996 0 18.0790322580645 0 0 0 "EG" 1996
3 1997 0.032258064516129 16.4064516129032 0 0 0 "EG" 1997
3 1998 0 15.9483870967742 0 0 0 "EG" 1998
3 2000 0 14.3 0 0 0 "EG" 2000
3 2003 0 15.9977272727273 0 0 0 "EG" 2003
3 2004 0 18.9 0 0 0 "EG" 2004
3 2005 0.0384615384615385 18.9076923076923 0 0 0 "EG" 2005
3 2009 0.5 15.9 0 0 0 "EG" 2009
4 1979 0 21.625 0 0 0 "EG" 1979
4 1985 0 18.1 0 0 0 "EG" 1985
4 1990 0 23.4607142857143 0 0 0 "EG" 1990
4 1991 0.192307692307692 23.5384615384615 0 0 0 "EG" 1991
4 1992 0.0892857142857143 20.7732142857143 0 0 0 "EG" 1992
4 1993 0 21.2236842105263 0 0 0 "EG" 1993
4 1994 0 23.8383333333333 0 0 0 "EG" 1994
4 1995 0 20.59 0 0 0 "EG" 1995
4 1996 0 20.9783333333333 0 0 0 "EG" 1996
4 1997 0 19.8533333333333 0 0 0 "EG" 1997
4 1998 0 23.845 0 0 0 "EG" 1998
4 2003 0 22.7590909090909 0 0 0 "EG" 2003
4 2004 0 22.3261904761905 0 0 0 "EG" 2004
4 2005 0 22.0655172413793 0 0 0 "EG" 2005
4 2011 0 25.1 0 0 0 "EG" 2011
4 2012 0 22.1 0 0 0 "EG" 2012
5 1979 0 23.5 0 0 0 "EG" 1979
5 1980 0 24.5 0 0 0 "EG" 1980
5 1981 0 26.3 0 0 0 "EG" 1981
5 1990 0 26.3657894736842 0 0 0 "EG" 1990
5 1991 0.1 24.1423076923077 0 0 0 "EG" 1991
5 1992 0 24.6134615384615 0 0 0 "EG" 1992
5 1993 0 22.6 0 0 0 "EG" 1993
5 1994 0 26.2774193548387 0 0 0 "EG" 1994
5 1995 0 24.7 0 0 0 "EG" 1995
5 1996 0 27.4483870967742 0 0 0 "EG" 1996
5 1997 0 26.7161290322581 0 0 0 "EG" 1997
5 1998 0 27.3564516129032 0 0 0 "EG" 1998
5 2003 0 26.5717391304348 0 0 0 "EG" 2003
5 2004 0 26.682 0 0 0 "EG" 2004
5 2005 0 25.7931034482759 0 0 0 "EG" 2005
5 2017 0 23.45 0 0 0 "EG" 2017
6 1979 0 29.5 0 0 0 "EG" 1979
6 1980 0 30 0 0 0 "EG" 1980
6 1981 0 26.9166666666667 0 0 0 "EG" 1981
6 1990 0 29.3157894736842 0 0 0 "EG" 1990
6 1991 0 29.6611111111111 0 0 0 "EG" 1991
6 1992 0 30.0921052631579 0 0 0 "EG" 1992
6 1994 0 28.185 0 0 0 "EG" 1994
6 1995 0 32.2416666666667 0 0 0 "EG" 1995
6 1996 0 28.7483333333333 0 0 0 "EG" 1996
6 1997 0 30.5016666666667 0 0 0 "EG" 1997
6 1998 0 29.0766666666667 0 0 0 "EG" 1998
6 2002 1.65 27.4 0 0 0 "EG" 2002
6 2003 0 30.3736842105263 0 0 0 "EG" 2003
6 2004 0 29.2642857142857 0 0 0 "EG" 2004
6 2005 0 29.4395833333333 0 0 0 "EG" 2005
6 2017 0 27.4 0 0 0 "EG" 2017
7 1979 0 28.125 0 0 0 "EG" 1979
7 1981 0 27.75 0 0 0 "EG" 1981
7 1990 0 30.392 0 0 0 "EG" 1990
7 1991 0 29.80625 0 0 0 "EG" 1991
7 1992 0 29.765 0 0 0 "EG" 1992
7 1994 0 30.2887096774194 0 0 0 "EG" 1994
7 1995 0 30.9274193548387 0 0 0 "EG" 1995
7 1996 0 29.5548387096774 0 0 0 "EG" 1996
7 1997 0 31.4064516129032 0 0 0 "EG" 1997
7 1998 0 31.0790322580645 0 0 0 "EG" 1998
7 2002 2.53333333333333 33.1166666666667 0 0 0 "EG" 2002
7 2003 0 30.6630434782609 0 0 0 "EG" 2003
7 2004 0 31.1134615384615 0 0 0 "EG" 2004
7 2005 0 30.728125 0 0 0 "EG" 2005
8 1979 0 29.5 0 0 0 "EG" 1979
8 1981 0 30 0 0 0 "EG" 1981
8 1989 0 30.4 0 0 0 "EG" 1989
8 1990 0 28.996875 0 0 0 "EG" 1990
8 1991 0 30.05 0 0 0 "EG" 1991
8 1992 0 30.1794117647059 0 0 0 "EG" 1992
8 1994 0 30.2145161290323 0 0 0 "EG" 1994
8 1995 0 31.308064516129 0 0 0 "EG" 1995
8 1996 0 30.8822580645161 0 0 0 "EG" 1996
8 1997 0 30.6370967741935 0 0 0 "EG" 1997
8 1998 0 32.0016129032258 0 0 0 "EG" 1998
8 2002 0 32.1 0 0 0 "EG" 2002
8 2003 0 31.0407407407407 0 0 0 "EG" 2003
8 2004 0 30.2 0 0 0 "EG" 2004
9 1981 0 27.375 0 0 0 "EG" 1981
9 1990 0 27.3083333333333 0 0 0 "EG" 1990
9 1991 0 27.3053571428571 0 0 0 "EG" 1991
9 1992 0 25.9882352941176 0 0 0 "EG" 1992
9 1994 0 29.015 0 0 0 "EG" 1994
9 1995 0 30.215 0 0 0 "EG" 1995
9 1996 0 30.2583333333333 0 0 0 "EG" 1996
9 1997 0 27.2383333333333 0 0 0 "EG" 1997
9 1998 0 29.03 0 0 0 "EG" 1998
9 1999 0 26.4 0 0 0 "EG" 1999
9 2002 0 30.3217391304348 0 0 0 "EG" 2002
9 2003 0 28.7538461538462 0 0 0 "EG" 2003
9 2004 0 27.534 0 0 0 "EG" 2004
9 2008 1 30.65 0 0 0 "EG" 2008
10 1980 0 21 0 0 0 "EG" 1980
10 1981 0 25.5714285714286 0 0 0 "EG" 1981
10 1987 0 19.6 0 0 0 "EG" 1987
10 1990 0 24.2473684210526 0 0 0 "EG" 1990
10 1991 0.0130434782608696 24.7695652173913 0 0 0 "EG" 1991
10 1992 0 24.295 0 0 0 "EG" 1992
10 1994 0 25.708064516129 0 0 0 "EG" 1994
10 1995 0 23.5516129032258 0 0 0 "EG" 1995
10 1996 0 22.6725806451613 0 0 0 "EG" 1996
10 1997 0 24.0451612903226 0 0 0 "EG" 1997
10 1998 0 24.2935483870968 0 0 0 "EG" 1998
10 1999 0 25.652 0 0 0 "EG" 1999
10 2002 0.692307692307692 24.4038461538462 0 0 0 "EG" 2002
10 2003 0 25.4875 0 0 0 "EG" 2003
10 2004 0 23.9217391304348 0 0 0 "EG" 2004
11 1979 0 18 0 0 0 "EG" 1979
11 1990 0 20.1944444444444 0 0 0 "EG" 1990
11 1991 0 17.8090909090909 0 0 0 "EG" 1991
11 1992 0 19.7175 0 0 0 "EG" 1992
11 1994 0.0333333333333333 18.3233333333333 0 0 0 "EG" 1994
11 1995 0 16.9233333333333 0 0 0 "EG" 1995
11 1996 0 19.3216666666667 0 0 0 "EG" 1996
11 1997 0 19.1 0 0 0 "EG" 1997
11 1998 0 17.5466666666667 0 0 0 "EG" 1998
11 1999 0 19.1875 0 0 0 "EG" 1999
11 2002 0 18.9772727272727 0 0 0 "EG" 2002
11 2003 0 19.2607142857143 0 0 0 "EG" 2003
11 2004 0 20.3019230769231 0 0 0 "EG" 2004
11 2011 0 14.7 0 0 0 "EG" 2011
12 1979 0 12.75 0 0 0 "EG" 1979
12 1983 4.1 14.8 0 0 0 "EG" 1983
12 1990 0 14.2394736842105 0 0 0 "EG" 1990
12 1991 0.176470588235294 12.3470588235294 0 0 0 "EG" 1991
12 1992 0.0277777777777778 12.8638888888889 0 0 0 "EG" 1992
12 1994 0 13.3064516129032 0 0 0 "EG" 1994
12 1995 0 13.9806451612903 0 0 0 "EG" 1995
12 1996 0 14.1145161290323 0 0 0 "EG" 1996
12 1997 0 14.2112903225806 0 0 0 "EG" 1997
12 1998 0 13.8741935483871 0 0 0 "EG" 1998
12 1999 0 14.6527777777778 0 0 0 "EG" 1999
12 2002 0 15.0147058823529 0 0 0 "EG" 2002
12 2003 0 14.3884615384615 0 0 0 "EG" 2003
12 2004 0 14.6288461538462 0 0 0 "EG" 2004
12 2016 0.5 12.375 0 0 0 "EG" 2016
1 1989 0 11.2 0 0 0 "EG" 1989
1 1991 0 13.4852941176471 0 0 0 "EG" 1991
1 1992 0 12.8526315789474 0 0 0 "EG" 1992
1 1993 0 12.95 0 0 0 "EG" 1993
1 1994 0 15.5112903225806 0 0 0 "EG" 1994
1 1995 0 13.455 0 0 0 "EG" 1995
1 1996 0 14.65 0 0 0 "EG" 1996
1 1997 0 15.7116666666667 0 0 0 "EG" 1997
1 1998 0 14.1283333333333 0 0 0 "EG" 1998
1 2000 0 15.575 0 0 0 "EG" 2000
1 2003 0 15.4822580645161 0 0 0 "EG" 2003
1 2004 0 13.69 0 0 0 "EG" 2004
1 2005 0 15.27 0 0 0 "EG" 2005
2 1990 0 14.7 0 0 0 "EG" 1990
2 1991 0.215789473684211 16.6236842105263 0 0 0 "EG" 1991
2 1992 0 12.7673913043478 0 0 0 "EG" 1992
2 1993 0 13.8555555555556 0 0 0 "EG" 1993
2 1994 0 14.7910714285714 0 0 0 "EG" 1994
2 1995 0 15.4910714285714 0 0 0 "EG" 1995
2 1996 0 16.4206896551724 0 0 0 "EG" 1996
2 1997 0 13.7821428571429 0 0 0 "EG" 1997
2 1998 0 16.0303571428571 0 0 0 "EG" 1998
2 2003 0 12.9104166666667 0 0 0 "EG" 2003
2 2004 0 16.6461538461538 0 0 0 "EG" 2004
2 2005 0 17.0407407407407 0 0 0 "EG" 2005
3 1990 0 18.7 0 0 0 "EG" 1990
3 1991 0 21.7285714285714 0 0 0 "EG" 1991
3 1992 0 17.6763157894737 0 0 0 "EG" 1992
3 1993 0 18.134 0 0 0 "EG" 1993
3 1994 0 18.2129032258064 0 0 0 "EG" 1994
3 1995 0 19.1435483870968 0 0 0 "EG" 1995
3 1996 0 19.1403225806452 0 0 0 "EG" 1996
3 1997 0 17.3064516129032 0 0 0 "EG" 1997
3 1998 0 16.8612903225806 0 0 0 "EG" 1998
3 2003 0 16.5816666666667 0 0 0 "EG" 2003
3 2004 0 21.5672413793103 0 0 0 "EG" 2004
3 2005 0 18.948 0 0 0 "EG" 2005
4 1990 0 27.405 0 0 0 "EG" 1990
4 1991 0 25.525 0 0 0 "EG" 1991
4 1992 0 22.71875 0 0 0 "EG" 1992
4 1993 0 24.3282608695652 0 0 0 "EG" 1993
4 1994 0 25.0116666666667 0 0 0 "EG" 1994
4 1995 0 22.8766666666667 0 0 0 "EG" 1995
4 1996 0 22.71 0 0 0 "EG" 1996
4 1997 0 23.285 0 0 0 "EG" 1997
4 1998 0 25.51 0 0 0 "EG" 1998
4 2003 0 25.0148148148148 0 0 0 "EG" 2003
4 2004 0 23.9267857142857 0 0 0 "EG" 2004
4 2005 0 25.6217391304348 0 0 0 "EG" 2005
5 1990 0 28.8333333333333 0 0 0 "EG" 1990
5 1991 0 28.6904761904762 0 0 0 "EG" 1991
5 1992 0 27.554347826087 0 0 0 "EG" 1992
5 1993 0 27.6230769230769 0 0 0 "EG" 1993
5 1994 0 28.158064516129 0 0 0 "EG" 1994
5 1995 0 26.9354838709677 0 0 0 "EG" 1995
5 1996 0 30.1354838709677 0 0 0 "EG" 1996
5 1997 0 28.5129032258065 0 0 0 "EG" 1997
5 1998 0 30.1435483870968 0 0 0 "EG" 1998
5 2003 0 29.2935483870968 0 0 0 "EG" 2003
5 2004 0 30.0962962962963 0 0 0 "EG" 2004
5 2005 0 27.2620689655172 0 0 0 "EG" 2005
5 2018 0 32.2 0 0 0 "EG" 2018
6 1990 0 29.0466666666667 0 0 0 "EG" 1990
6 1991 0 30.5363636363636 0 0 0 "EG" 1991
6 1992 0 32.9952380952381 0 0 0 "EG" 1992
6 1993 0 30.065 0 0 0 "EG" 1993
6 1994 0 30.1533333333333 0 0 0 "EG" 1994
6 1995 0 33.385 0 0 0 "EG" 1995
6 1996 0 30.1433333333333 0 0 0 "EG" 1996
6 1997 0 31.6583333333333 0 0 0 "EG" 1997
6 1998 0 30.0966666666667 0 0 0 "EG" 1998
6 2003 0 31.6083333333333 0 0 0 "EG" 2003
6 2004 0 30.7711538461538 0 0 0 "EG" 2004
6 2005 0 31.1092592592593 0 0 0 "EG" 2005
7 1990 0 30.0791666666667 0 0 0 "EG" 1990
7 1991 0 30.6788461538462 0 0 0 "EG" 1991
7 1992 0 31.3078947368421 0 0 0 "EG" 1992
7 1993 0 31.3630434782609 0 0 0 "EG" 1993
7 1994 0 31.5338709677419 0 0 0 "EG" 1994
7 1995 0 32.4177419354839 0 0 0 "EG" 1995
7 1996 0 31.3564516129032 0 0 0 "EG" 1996
7 1997 0 32.6048387096774 0 0 0 "EG" 1997
7 1998 0 32.5370967741936 0 0 0 "EG" 1998
7 2002 1.925 33.75 0 0 0 "EG" 2002
7 2003 0 31.975 0 0 0 "EG" 2003
7 2004 0 32.1568965517241 0 0 0 "EG" 2004
7 2005 0 31.55625 0 0 0 "EG" 2005
8 1990 0 28.4416666666667 0 0 0 "EG" 1990
8 1991 0 29.9895833333333 0 0 0 "EG" 1991
8 1992 0 31.3782608695652 0 0 0 "EG" 1992
8 1993 0 31.5865384615385 0 0 0 "EG" 1993
8 1994 0 31.3532258064516 0 0 0 "EG" 1994
8 1995 0 31.2983870967742 0 0 0 "EG" 1995
8 1996 0 31.3951612903226 0 0 0 "EG" 1996
8 1997 0 31.891935483871 0 0 0 "EG" 1997
8 1998 0 33.4983870967742 0 0 0 "EG" 1998
8 2002 0 31.225 0 0 0 "EG" 2002
8 2003 0 32.5666666666667 0 0 0 "EG" 2003
8 2004 0 31.4032258064516 0 0 0 "EG" 2004
9 1987 0 27.5 0 0 0 "EG" 1987
9 1990 0 27.8166666666667 0 0 0 "EG" 1990
9 1991 0 28.3136363636364 0 0 0 "EG" 1991
9 1992 0 27.7931034482759 0 0 0 "EG" 1992
9 1993 2.69615384615385 29.3019230769231 0 0 0 "EG" 1993
9 1994 0 30.515 0 0 0 "EG" 1994
9 1995 0 30.6866666666667 0 0 0 "EG" 1995
9 1996 0 31.81 0 0 0 "EG" 1996
9 1997 3.3 28.6533333333333 0 0 0 "EG" 1997
9 1998 0 31.3616666666667 0 0 0 "EG" 1998
9 1999 0 28.875 0 0 0 "EG" 1999
9 2002 0 30.5851851851852 0 0 0 "EG" 2002
9 2003 0 30.6464285714286 0 0 0 "EG" 2003
9 2004 0 29.0923076923077 0 0 0 "EG" 2004
10 1990 0 24.1 0 0 0 "EG" 1990
10 1991 0 25.4142857142857 0 0 0 "EG" 1991
10 1992 0 26.9884615384615 0 0 0 "EG" 1992
10 1993 0 27.2833333333333 0 0 0 "EG" 1993
10 1994 0 28.0451612903226 0 0 0 "EG" 1994
10 1995 0 26.2112903225806 0 0 0 "EG" 1995
10 1996 0 24.7354838709677 0 0 0 "EG" 1996
10 1997 0 24.5177419354839 0 0 0 "EG" 1997
10 1998 0 26.6645161290323 0 0 0 "EG" 1998
10 1999 0 27.1884615384615 0 0 0 "EG" 1999
10 2002 0 25.6303571428571 0 0 0 "EG" 2002
10 2003 0 27.0566666666667 0 0 0 "EG" 2003
10 2004 0 26.0759259259259 0 0 0 "EG" 2004
11 1990 0 19.525 0 0 0 "EG" 1990
11 1991 0 19.7152173913043 0 0 0 "EG" 1991
11 1992 0 19.71875 0 0 0 "EG" 1992
11 1993 0 21.5 0 0 0 "EG" 1993
11 1994 0 18.2916666666667 0 0 0 "EG" 1994
11 1995 0 17.9816666666667 0 0 0 "EG" 1995
11 1996 0.0333333333333333 20.3 0 0 0 "EG" 1996
11 1997 0 20.1966666666667 0 0 0 "EG" 1997
11 1998 0 20.6516666666667 0 0 0 "EG" 1998
11 1999 0 21.3527777777778 0 0 0 "EG" 1999
11 2002 0 21.0535714285714 0 0 0 "EG" 2002
11 2003 0 20.8862068965517 0 0 0 "EG" 2003
11 2004 0 20.7576923076923 0 0 0 "EG" 2004
12 1990 0 17.6638888888889 0 0 0 "EG" 1990
12 1991 0 12.9875 0 0 0 "EG" 1991
12 1992 0 13.5839285714286 0 0 0 "EG" 1992
12 1993 0 17.45 0 0 0 "EG" 1993
12 1994 0 13.3306451612903 0 0 0 "EG" 1994
12 1995 0 14.8290322580645 0 0 0 "EG" 1995
12 1996 0 15.108064516129 0 0 0 "EG" 1996
12 1997 0 14.5306451612903 0 0 0 "EG" 1997
12 1998 0 15.7338709677419 0 0 0 "EG" 1998
12 1999 0 15.8875 0 0 0 "EG" 1999
12 2002 0 16.026 0 0 0 "EG" 2002
12 2003 0 14.6785714285714 0 0 0 "EG" 2003
12 2004 0 15.1883333333333 0 0 0 "EG" 2004
12 2016 36.05 15.625 0 0 0 "EG" 2016
1 1991 0 16.4347826086957 0 0 0 "EG" 1991
1 1992 0 14.5736842105263 0 0 0 "EG" 1992
1 1993 0 15.4904761904762 0 0 0 "EG" 1993
1 1994 0.0967741935483871 18.2435483870968 0 0 0 "EG" 1994
1 1995 0 16.525 0 0 0 "EG" 1995
1 1996 0 16.1316666666667 0 0 0 "EG" 1996
1 1997 0.0333333333333333 17.9733333333333 0 0 0 "EG" 1997
1 1998 0 16.5316666666667 0 0 0 "EG" 1998
1 2000 0 16.925 0 0 0 "EG" 2000
1 2003 0 18.1807692307692 0 0 0 "EG" 2003
1 2004 0 16.1857142857143 0 0 0 "EG" 2004
1 2005 0 16.3975 0 0 0 "EG" 2005
1 2013 1 16.65 0 0 0 "EG" 2013
2 1990 0 17.2 0 0 0 "EG" 1990
2 1991 0 17.2558823529412 0 0 0 "EG" 1991
2 1992 0 14.8647058823529 0 0 0 "EG" 1992
2 1993 0 15.268 0 0 0 "EG" 1993
2 1994 0 17.1964285714286 0 0 0 "EG" 1994
2 1995 0 17.6303571428571 0 0 0 "EG" 1995
2 1996 0 17.6379310344828 0 0 0 "EG" 1996
2 1997 0 16.2875 0 0 0 "EG" 1997
2 1998 0 17.5982142857143 0 0 0 "EG" 1998
2 2003 0 15.8730769230769 0 0 0 "EG" 2003
2 2004 0 17.4142857142857 0 0 0 "EG" 2004
2 2005 0 17.9111111111111 0 0 0 "EG" 2005
2 2009 0 18.7 0 0 0 "EG" 2009
3 1990 0 18.9083333333333 0 0 0 "EG" 1990
3 1991 0.2125 20.4083333333333 0 0 0 "EG" 1991
3 1992 0 17.965 0 0 0 "EG" 1992
3 1993 0 18.0318181818182 0 0 0 "EG" 1993
3 1994 0 19.6387096774194 0 0 0 "EG" 1994
3 1995 0.032258064516129 20.508064516129 0 0 0 "EG" 1995
3 1996 0 19.3435483870968 0 0 0 "EG" 1996
3 1997 0 18.658064516129 0 0 0 "EG" 1997
3 1998 0 18.7435483870968 0 0 0 "EG" 1998
3 2001 0 22.7 0 0 0 "EG" 2001
3 2003 0 18.0842105263158 0 0 0 "EG" 2003
3 2004 0 20.4894736842105 0 0 0 "EG" 2004
3 2005 0 19.7035714285714 0 0 0 "EG" 2005
4 1990 0 24.1604166666667 0 0 0 "EG" 1990
4 1991 0 25.0954545454545 0 0 0 "EG" 1991
4 1992 0 21.7613636363636 0 0 0 "EG" 1992
4 1993 0 23.1461538461538 0 0 0 "EG" 1993
4 1994 0 25.1583333333333 0 0 0 "EG" 1994
4 1995 0 22.05 0 0 0 "EG" 1995
4 1996 0 22.175 0 0 0 "EG" 1996
4 1997 0 21.94 0 0 0 "EG" 1997
4 1998 0 24.735 0 0 0 "EG" 1998
4 2003 0 23.0083333333333 0 0 0 "EG" 2003
4 2004 0 23.5352941176471 0 0 0 "EG" 2004
4 2005 0 24.9704545454545 0 0 0 "EG" 2005
4 2011 0 28.4 0 0 0 "EG" 2011
4 2017 1 26.7 0 0 0 "EG" 2017
5 1990 0 26.8882352941176 0 0 0 "EG" 1990
5 1991 0 27.7673913043478 0 0 0 "EG" 1991
5 1992 0 26.5695652173913 0 0 0 "EG" 1992
5 1993 0 26.9195652173913 0 0 0 "EG" 1993
5 1994 0 27.9612903225806 0 0 0 "EG" 1994
5 1995 0.032258064516129 26.7612903225806 0 0 0 "EG" 1995
5 1996 0 28.608064516129 0 0 0 "EG" 1996
5 1997 0 28.1048387096774 0 0 0 "EG" 1997
5 1998 0 28.3548387096774 0 0 0 "EG" 1998
5 2001 0 26.3 0 0 0 "EG" 2001
5 2003 0 29.056 0 0 0 "EG" 2003
5 2004 0 28.1138888888889 0 0 0 "EG" 2004
5 2005 0 26.838 0 0 0 "EG" 2005
5 2014 0 25.3 0 0 0 "EG" 2014
6 1990 0 29.902380952381 0 0 0 "EG" 1990
6 1991 0 30.6166666666667 0 0 0 "EG" 1991
6 1992 0 30.7145833333333 0 0 0 "EG" 1992
6 1993 0 30.5645833333333 0 0 0 "EG" 1993
6 1994 0 29.5916666666667 0 0 0 "EG" 1994
6 1995 0 32.1883333333333 0 0 0 "EG" 1995
6 1996 0 29.2633333333333 0 0 0 "EG" 1996
6 1997 0 30.9166666666667 0 0 0 "EG" 1997
6 1998 0 29.9566666666667 0 0 0 "EG" 1998
6 2002 2.8 34.9 0 0 0 "EG" 2002
6 2003 0 31.58125 0 0 0 "EG" 2003
6 2004 0 30.3095238095238 0 0 0 "EG" 2004
6 2005 0 30.2578947368421 0 0 0 "EG" 2005
7 1990 0 30.9941176470588 0 0 0 "EG" 1990
7 1991 0 30.8681818181818 0 0 0 "EG" 1991
7 1992 0 30.7633333333333 0 0 0 "EG" 1992
7 1993 0 31.3409090909091 0 0 0 "EG" 1993
7 1994 0 31.7193548387097 0 0 0 "EG" 1994
7 1995 0 32.4209677419355 0 0 0 "EG" 1995
7 1996 0 30.9887096774194 0 0 0 "EG" 1996
7 1997 0 31.8854838709677 0 0 0 "EG" 1997
7 1998 0 32.2483870967742 0 0 0 "EG" 1998
7 2002 1.53333333333333 34.25 0 0 0 "EG" 2002
7 2003 0 32.1653846153846 0 0 0 "EG" 2003
7 2004 0 32.9210526315789 0 0 0 "EG" 2004
7 2005 0 31.7230769230769 0 0 0 "EG" 2005
8 1990 0 30.0794117647059 0 0 0 "EG" 1990
8 1991 0 30.654347826087 0 0 0 "EG" 1991
8 1992 0 31.4769230769231 0 0 0 "EG" 1992
8 1993 0 31.9681818181818 0 0 0 "EG" 1993
8 1994 0 31.8145161290323 0 0 0 "EG" 1994
8 1995 0 32.05 0 0 0 "EG" 1995
8 1996 0 31.4161290322581 0 0 0 "EG" 1996
8 1997 0 31.8790322580645 0 0 0 "EG" 1997
8 1998 0 33.3854838709677 0 0 0 "EG" 1998
8 2003 0 32.6142857142857 0 0 0 "EG" 2003
8 2004 0 31.5825 0 0 0 "EG" 2004
9 1990 0 27.109375 0 0 0 "EG" 1990
9 1991 0 28.2206896551724 0 0 0 "EG" 1991
9 1992 0 28.5535714285714 0 0 0 "EG" 1992
9 1993 0 29.572 0 0 0 "EG" 1993
9 1994 0 30.995 0 0 0 "EG" 1994
9 1995 0 30.8916666666667 0 0 0 "EG" 1995
9 1996 0 30.675 0 0 0 "EG" 1996
9 1997 0 28.7133333333333 0 0 0 "EG" 1997
9 1998 0 30.9766666666667 0 0 0 "EG" 1998
9 2002 0 30.9760869565217 0 0 0 "EG" 2002
9 2003 0 29.7357142857143 0 0 0 "EG" 2003
9 2004 0 29.2875 0 0 0 "EG" 2004
9 2007 0 31.45 0 0 0 "EG" 2007
9 2010 0 30.95 0 0 0 "EG" 2010
10 1990 0 26.1035714285714 0 0 0 "EG" 1990
10 1991 0 26.5340909090909 0 0 0 "EG" 1991
10 1992 0 26.604347826087 0 0 0 "EG" 1992
10 1993 0 28.1386363636364 0 0 0 "EG" 1993
10 1994 0 29.4467741935484 0 0 0 "EG" 1994
10 1995 0 25.6564516129032 0 0 0 "EG" 1995
10 1996 0 26.2822580645161 0 0 0 "EG" 1996
10 1997 0 26.0629032258065 0 0 0 "EG" 1997
10 1998 0 27.0790322580645 0 0 0 "EG" 1998
10 1999 0 27.0652173913043 0 0 0 "EG" 1999
10 2002 0 27.2444444444444 0 0 0 "EG" 2002
10 2003 0 26.86875 0 0 0 "EG" 2003
10 2004 3.32777777777778 27.0666666666667 0 0 0 "EG" 2004
11 1990 0 24.3794117647059 0 0 0 "EG" 1990
11 1991 0 22.4526315789474 0 0 0 "EG" 1991
11 1992 0 21.2333333333333 0 0 0 "EG" 1992
11 1993 0 23.0022727272727 0 0 0 "EG" 1993
11 1994 0.1 21.905 0 0 0 "EG" 1994
11 1995 0 20.7616666666667 0 0 0 "EG" 1995
11 1996 2.03333333333333 22.605 0 0 0 "EG" 1996
11 1997 0 22.5383333333333 0 0 0 "EG" 1997
11 1998 0 23.1583333333333 0 0 0 "EG" 1998
11 1999 0 22.5 0 0 0 "EG" 1999
11 2002 0 22.9323529411765 0 0 0 "EG" 2002
11 2003 0 22.134375 0 0 0 "EG" 2003
11 2004 0 22.8386363636364 0 0 0 "EG" 2004
12 1990 0 19.953125 0 0 0 "EG" 1990
12 1991 0 15.5638888888889 0 0 0 "EG" 1991
12 1992 0 16.1722222222222 0 0 0 "EG" 1992
12 1993 0 19.8388888888889 0 0 0 "EG" 1993
12 1994 0 16.6822580645161 0 0 0 "EG" 1994
12 1995 0 17.791935483871 0 0 0 "EG" 1995
12 1996 0 19.7709677419355 0 0 0 "EG" 1996
12 1997 0 18.2854838709677 0 0 0 "EG" 1997
12 1998 0 18.8112903225806 0 0 0 "EG" 1998
12 1999 0 18.6142857142857 0 0 0 "EG" 1999
12 2002 0 18 0 0 0 "EG" 2002
12 2003 0 17.8058823529412 0 0 0 "EG" 2003
12 2004 0 17.9475 0 0 0 "EG" 2004
12 2010 66 18.9 0 0 0 "EG" 2010
12 2016 0 18.8 0 0 0 "EG" 2016
1 1996 0.075 14.45 0 0 0 "EG" 1996
1 1997 0.157894736842105 13.0657894736842 0 0 0 "EG" 1997
1 1998 0 12.0277777777778 0 0 0 "EG" 1998
1 2000 2.92307692307692 10.2923076923077 0 0 0 "EG" 2000
1 2001 0 13.3 0 0 0 "EG" 2001
1 2002 1.67 10.085 0 0 0 "EG" 2002
1 2003 0.164 14.28 0 0 0 "EG" 2003
1 2004 0.316666666666667 12.0625 0 0 0 "EG" 2004
1 2005 0.0785714285714286 12.0142857142857 0 0 0 "EG" 2005
1 2006 0.625 9.4125 0 0 0 "EG" 2006
1 2008 1.57777777777778 11.7111111111111 0 0 0 "EG" 2008
1 2009 0 13.7 0 0 0 "EG" 2009
1 2011 8.9 13.25 0 0 0 "EG" 2011
1 2012 0 12.25 0 0 0 "EG" 2012
1 2015 1.7 8.26666666666667 0 0 0 "EG" 2015
1 2016 0.433333333333333 10.1666666666667 0 0 0 "EG" 2016
1 2019 0.15 10.55 0 0 0 "EG" 2019
2 1997 0 12.9714285714286 0 0 0 "EG" 1997
2 1998 0.285714285714286 11.1642857142857 0 0 0 "EG" 1998
2 2000 0.983333333333333 11.5416666666667 0 0 0 "EG" 2000
2 2002 0.15 12.75 0 0 0 "EG" 2002
2 2003 0.234782608695652 11.4847826086957 0 0 0 "EG" 2003
2 2004 1.21666666666667 13.8958333333333 0 0 0 "EG" 2004
2 2005 0.394444444444444 12.6611111111111 0 0 0 "EG" 2005
2 2006 0.65 14.1 0 0 0 "EG" 2006
2 2007 0.875 11.4875 0 0 0 "EG" 2007
2 2008 1.91666666666667 8.76666666666667 0 0 0 "EG" 2008
2 2009 0.333333333333333 12.0666666666667 0 0 0 "EG" 2009
2 2010 0.5 14.9 0 0 0 "EG" 2010
2 2011 6.7 12.35 0 0 0 "EG" 2011
2 2012 0 9.95 0 0 0 "EG" 2012
2 2015 0 9.3 0 0 0 "EG" 2015
3 1996 0 16.725 0 0 0 "EG" 1996
3 1997 0 11.8 0 0 0 "EG" 1997
3 1998 0 13.7846153846154 0 0 0 "EG" 1998
3 2000 0 10.9 0 0 0 "EG" 2000
3 2002 0 12.4 0 0 0 "EG" 2002
3 2003 0.0454545454545455 12.9954545454545 0 0 0 "EG" 2003
3 2004 0 15.1708333333333 0 0 0 "EG" 2004
3 2005 0 16.206 0 0 0 "EG" 2005
3 2006 0 13.3 0 0 0 "EG" 2006
3 2008 3 13.5 0 0 0 "EG" 2008
3 2009 0.433333333333333 12.6166666666667 0 0 0 "EG" 2009
3 2011 0 7.95 0 0 0 "EG" 2011
4 1996 0 16.1285714285714 0 0 0 "EG" 1996
4 1997 0 17.325 0 0 0 "EG" 1997
4 1998 0 17.79 0 0 0 "EG" 1998
4 2000 0.4 17.4625 0 0 0 "EG" 2000
4 2003 0.0227272727272727 16.15 0 0 0 "EG" 2003
4 2004 0.0166666666666667 17.2138888888889 0 0 0 "EG" 2004
4 2005 0.3 16.1176470588235 0 0 0 "EG" 2005
4 2007 0.4 16.48 0 0 0 "EG" 2007
4 2011 5.5 16.05 0 0 0 "EG" 2011
4 2017 0 15.5 0 0 0 "EG" 2017
5 1996 0 20.3145833333333 0 0 0 "EG" 1996
5 1997 0 19.671875 0 0 0 "EG" 1997
5 1998 0.0454545454545455 20.1318181818182 0 0 0 "EG" 1998
5 2003 0 20.38 0 0 0 "EG" 2003
5 2004 0 21.0966666666667 0 0 0 "EG" 2004
5 2005 0 20.92 0 0 0 "EG" 2005
5 2009 0 16.45 0 0 0 "EG" 2009
6 1996 0 22.55 0 0 0 "EG" 1996
6 1997 0 23.7916666666667 0 0 0 "EG" 1997
6 1998 0 24.012 0 0 0 "EG" 1998
6 2002 0 27.2 0 0 0 "EG" 2002
6 2003 0 24.9931818181818 0 0 0 "EG" 2003
6 2004 0 23.2583333333333 0 0 0 "EG" 2004
6 2005 0 23.0520833333333 0 0 0 "EG" 2005
6 2014 0 22.7 0 0 0 "EG" 2014
7 1996 0 25.4931818181818 0 0 0 "EG" 1996
7 1997 0 26.2263157894737 0 0 0 "EG" 1997
7 1998 0 26.4636363636364 0 0 0 "EG" 1998
7 2002 0.75 26.95 0 0 0 "EG" 2002
7 2003 0 26.5103448275862 0 0 0 "EG" 2003
7 2004 0 25.9739130434783 0 0 0 "EG" 2004
7 2005 0 25.3366666666667 0 0 0 "EG" 2005
8 1996 0 26.0826086956522 0 0 0 "EG" 1996
8 1997 0 25.4088235294118 0 0 0 "EG" 1997
8 1998 0 26.652380952381 0 0 0 "EG" 1998
8 2002 0 26 0 0 0 "EG" 2002
8 2003 0 27.0103448275862 0 0 0 "EG" 2003
8 2004 0 25.8 0 0 0 "EG" 2004
9 1996 4.37619047619048 26.0857142857143 0 0 0 "EG" 1996
9 1997 0 22.782 0 0 0 "EG" 1997
9 1998 0 26.2346153846154 0 0 0 "EG" 1998
9 1999 0 23.65 0 0 0 "EG" 1999
9 2000 6.1 21.7 0 0 0 "EG" 2000
9 2002 0 26.554347826087 0 0 0 "EG" 2002
9 2003 0 24.7458333333333 0 0 0 "EG" 2003
9 2004 0 24.075 0 0 0 "EG" 2004
9 2007 0.833333333333333 22.4833333333333 0 0 0 "EG" 2007
9 2014 0.3 22.75 0 0 0 "EG" 2014
10 1996 0.153846153846154 20.45 0 0 0 "EG" 1996
10 1997 0.554545454545455 20.1204545454545 0 0 0 "EG" 1997
10 1998 0 21.8625 0 0 0 "EG" 1998
10 1999 0 22.1595238095238 0 0 0 "EG" 1999
10 2002 0.0818181818181818 21.4931818181818 0 0 0 "EG" 2002
10 2003 0 22.8590909090909 0 0 0 "EG" 2003
10 2004 0 21.8222222222222 0 0 0 "EG" 2004
10 2005 0 19.7 0 0 0 "EG" 2005
10 2008 4.68 19.77 0 0 0 "EG" 2008
10 2011 0 16.8 0 0 0 "EG" 2011
10 2014 0 21.65 0 0 0 "EG" 2014
10 2015 2.02857142857143 20.6571428571429 0 0 0 "EG" 2015
10 2016 70.1 22.55 0 0 0 "EG" 2016
10 2018 0.3 25.1 0 0 0 "EG" 2018
11 1996 0 18.05 0 0 0 "EG" 1996
11 1997 0 17.5354166666667 0 0 0 "EG" 1997
11 1998 0 17.5375 0 0 0 "EG" 1998
11 1999 0.117647058823529 19.0882352941176 0 0 0 "EG" 1999
11 2001 0 16.575 0 0 0 "EG" 2001
11 2002 0.0384615384615385 17.8673076923077 0 0 0 "EG" 2002
11 2003 0 18.3272727272727 0 0 0 "EG" 2003
11 2004 0 19.35 0 0 0 "EG" 2004
11 2005 0.125 16.75 0 0 0 "EG" 2005
11 2009 2.05 15.7 0 0 0 "EG" 2009
11 2011 2.05 13.575 0 0 0 "EG" 2011
11 2015 1.5 17.6 0 0 0 "EG" 2015
11 2016 0.25 17.925 0 0 0 "EG" 2016
11 2018 6.45 16.95 0 0 0 "EG" 2018
12 1995 0 13.6909090909091 0 0 0 "EG" 1995
12 1996 0 14.5684210526316 0 0 0 "EG" 1996
12 1997 0.25 13.1833333333333 0 0 0 "EG" 1997
12 1998 4.42 13.24 0 0 0 "EG" 1998
12 1999 0 13.1666666666667 0 0 0 "EG" 1999
12 2000 4.58 15.29 0 0 0 "EG" 2000
12 2002 0.0238095238095238 14.4261904761905 0 0 0 "EG" 2002
12 2003 0 14.35 0 0 0 "EG" 2003
12 2004 0 14.3770833333333 0 0 0 "EG" 2004
12 2005 0.15 10.85 0 0 0 "EG" 2005
12 2006 2.8 14.0625 0 0 0 "EG" 2006
12 2007 0 14.475 0 0 0 "EG" 2007
12 2008 4.5 11.95 0 0 0 "EG" 2008
12 2010 0.3 13.15 0 0 0 "EG" 2010
12 2015 3.63333333333333 14.1444444444444 0 0 0 "EG" 2015
12 2016 1.5 12.35 0 0 0 "EG" 2016
12 2018 1.35 14.875 0 0 0 "EG" 2018
1 1974 3.61875 13.09375 0 0 0 "EG" 1974
1 1975 0.1 13.5 0 0 0 "EG" 1975
1 1977 0 14.3 0 0 0 "EG" 1977
1 1979 0 14.3333333333333 0 0 0 "EG" 1979
1 1980 0.417647058823529 12.9411764705882 0 0 0 "EG" 1980
1 1981 2.72352941176471 12.2058823529412 0 0 0 "EG" 1981
1 1983 7.88333333333333 12.8416666666667 0 0 0 "EG" 1983
1 1984 0.26 14.33 0 0 0 "EG" 1984
1 1986 1.35 15.2375 0 0 0 "EG" 1986
1 1987 2.7 11.4833333333333 0 0 0 "EG" 1987
1 1988 7.1 14.7 0 0 0 "EG" 1988
1 1989 2.74 12.12 0 0 0 "EG" 1989
1 1990 2.83333333333333 14.0833333333333 0 0 0 "EG" 1990
1 1991 0.776923076923077 14.6 0 0 0 "EG" 1991
1 1992 2.82857142857143 13.6142857142857 0 0 0 "EG" 1992
1 1993 2.5875 12.78125 0 0 0 "EG" 1993
1 1994 0.142857142857143 15.0535714285714 0 0 0 "EG" 1994
1 1995 0.364285714285714 12.9928571428571 0 0 0 "EG" 1995
1 1996 1.64117647058824 12.9647058823529 0 0 0 "EG" 1996
1 1997 2.08823529411765 13.9823529411765 0 0 0 "EG" 1997
1 1998 2.3 13.7571428571429 0 0 0 "EG" 1998
1 2000 2.0125 12.18125 0 0 0 "EG" 2000
1 2001 4.25 14.7125 0 0 0 "EG" 2001
1 2002 0.877777777777778 13.0611111111111 0 0 0 "EG" 2002
1 2003 0.86 15.0966666666667 0 0 0 "EG" 2003
1 2004 3.26875 13.0875 0 0 0 "EG" 2004
1 2005 2.235 13.675 0 0 0 "EG" 2005
1 2006 6.4 11.97 0 0 0 "EG" 2006
1 2007 0 12.8 0 0 0 "EG" 2007
1 2008 2.87777777777778 13.8833333333333 0 0 0 "EG" 2008
1 2009 2.5 13.825 0 0 0 "EG" 2009
1 2010 9.9 14.5 0 0 0 "EG" 2010
1 2011 2.70909090909091 15.1636363636364 0 0 0 "EG" 2011
1 2012 3.56428571428571 12.6642857142857 0 0 0 "EG" 2012
1 2013 10.82 12.91 0 0 0 "EG" 2013
1 2014 2 12.5 0 0 0 "EG" 2014
1 2015 6.275 11.7625 0 0 0 "EG" 2015
1 2016 3.05 12.3125 0 0 0 "EG" 2016
1 2017 2.03333333333333 12.0833333333333 0 0 0 "EG" 2017
1 2018 4.3 14.25 0 0 0 "EG" 2018
1 2019 1 17.225 0 0 0 "EG" 2019
2 1974 0 14.1071428571429 0 0 0 "EG" 1974
2 1977 1.66666666666667 15.7777777777778 0 0 0 "EG" 1977
2 1979 0.671428571428571 16.0714285714286 0 0 0 "EG" 1979
2 1980 1.64444444444444 13.4444444444444 0 0 0 "EG" 1980
2 1981 0.4 13.75 0 0 0 "EG" 1981
2 1982 0.95 12.83125 0 0 0 "EG" 1982
2 1983 1 12.2625 0 0 0 "EG" 1983
2 1985 13.45 13.45 0 0 0 "EG" 1985
2 1986 2.13333333333333 14.1833333333333 0 0 0 "EG" 1986
2 1988 3.08571428571429 12.5285714285714 0 0 0 "EG" 1988
2 1989 0.2 11.7833333333333 0 0 0 "EG" 1989
2 1990 1.40769230769231 13.2615384615385 0 0 0 "EG" 1990
2 1991 0.758333333333333 14.7625 0 0 0 "EG" 1991
2 1992 4.36 12.22 0 0 0 "EG" 1992
2 1993 0.285714285714286 12.3857142857143 0 0 0 "EG" 1993
2 1994 0.882352941176471 13.7264705882353 0 0 0 "EG" 1994
2 1995 1.59444444444444 14.725 0 0 0 "EG" 1995
2 1996 0.304761904761905 14.2880952380952 0 0 0 "EG" 1996
2 1997 1.52777777777778 13.2916666666667 0 0 0 "EG" 1997
2 1998 2.01666666666667 14.4361111111111 0 0 0 "EG" 1998
2 2001 2.03333333333333 12.7666666666667 0 0 0 "EG" 2001
2 2002 5.525 14.275 0 0 0 "EG" 2002
2 2003 4.27692307692308 12.8076923076923 0 0 0 "EG" 2003
2 2004 1.06666666666667 14.0733333333333 0 0 0 "EG" 2004
2 2005 1.4047619047619 13.7642857142857 0 0 0 "EG" 2005
2 2006 1.5 11.45 0 0 0 "EG" 2006
2 2007 3.45 13.925 0 0 0 "EG" 2007
2 2008 5.15 11.625 0 0 0 "EG" 2008
2 2009 0.266666666666667 14.1166666666667 0 0 0 "EG" 2009
2 2010 1.7 14.65 0 0 0 "EG" 2010
2 2011 2.55 15.5 0 0 0 "EG" 2011
2 2012 2.725 12.45 0 0 0 "EG" 2012
2 2013 7.5 13.85 0 0 0 "EG" 2013
2 2014 1.36666666666667 13.9166666666667 0 0 0 "EG" 2014
2 2015 0.25 12.9 0 0 0 "EG" 2015
2 2016 5.45 11.175 0 0 0 "EG" 2016
2 2017 2.55 13.775 0 0 0 "EG" 2017
2 2018 3.225 15.875 0 0 0 "EG" 2018
3 1974 1.51052631578947 16.8684210526316 0 0 0 "EG" 1974
3 1977 0.08125 16.1875 0 0 0 "EG" 1977
3 1979 0.03 19.45 0 0 0 "EG" 1979
3 1980 0.417647058823529 15.0882352941176 0 0 0 "EG" 1980
3 1981 0.131578947368421 16.6052631578947 0 0 0 "EG" 1981
3 1982 2 12.9 0 0 0 "EG" 1982
3 1983 2.78 11.96 0 0 0 "EG" 1983
3 1984 0.333333333333333 16.5666666666667 0 0 0 "EG" 1984
3 1985 0 19.6 0 0 0 "EG" 1985
3 1986 0.166666666666667 16.5166666666667 0 0 0 "EG" 1986
3 1987 1.96666666666667 12.9666666666667 0 0 0 "EG" 1987
3 1988 0.75 15.35 0 0 0 "EG" 1988
3 1989 1 15.025 0 0 0 "EG" 1989
3 1990 0.1 15.405 0 0 0 "EG" 1990
3 1991 1.72142857142857 17.175 0 0 0 "EG" 1991
3 1992 0.0176470588235294 14.7117647058824 0 0 0 "EG" 1992
3 1993 0 14.4166666666667 0 0 0 "EG" 1993
3 1994 0.0833333333333333 15.8166666666667 0 0 0 "EG" 1994
3 1995 0.3 15.6882352941176 0 0 0 "EG" 1995
3 1996 0.1875 15.93125 0 0 0 "EG" 1996
3 1997 0.38 14.56 0 0 0 "EG" 1997
3 1998 1.28571428571429 13.9428571428571 0 0 0 "EG" 1998
3 2000 1.1 13.7571428571429 0 0 0 "EG" 2000
3 2002 0.275 14.4125 0 0 0 "EG" 2002
3 2003 0.0769230769230769 15.1115384615385 0 0 0 "EG" 2003
3 2004 0 17.465 0 0 0 "EG" 2004
3 2005 0.205882352941176 15.9029411764706 0 0 0 "EG" 2005
3 2007 0 13.6 0 0 0 "EG" 2007
3 2009 1 14.775 0 0 0 "EG" 2009
3 2011 2.2 14.425 0 0 0 "EG" 2011
3 2012 1.5 13.525 0 0 0 "EG" 2012
3 2014 8.9 14.65 0 0 0 "EG" 2014
3 2015 0 16.85 0 0 0 "EG" 2015
3 2016 0 16 0 0 0 "EG" 2016
3 2018 0.666666666666667 17.5833333333333 0 0 0 "EG" 2018
4 1974 0 19.0357142857143 0 0 0 "EG" 1974
4 1977 0.0666666666666667 18.9 0 0 0 "EG" 1977
4 1978 0 19.1666666666667 0 0 0 "EG" 1978
4 1979 0.0555555555555556 18.2833333333333 0 0 0 "EG" 1979
4 1980 0 18.2894736842105 0 0 0 "EG" 1980
4 1981 0 20.9285714285714 0 0 0 "EG" 1981
4 1982 0 23.1 0 0 0 "EG" 1982
4 1983 0.333333333333333 15.05 0 0 0 "EG" 1983
4 1985 1 20.1125 0 0 0 "EG" 1985
4 1986 5.1 17.5 0 0 0 "EG" 1986
4 1988 0 18.2 0 0 0 "EG" 1988
4 1990 0.181818181818182 18.7772727272727 0 0 0 "EG" 1990
4 1991 0.125 20.225 0 0 0 "EG" 1991
4 1992 0.0769230769230769 17.4653846153846 0 0 0 "EG" 1992
4 1993 0 20.0115384615385 0 0 0 "EG" 1993
4 1994 0.214285714285714 19.3428571428571 0 0 0 "EG" 1994
4 1995 0.157894736842105 18.3868421052632 0 0 0 "EG" 1995
4 1996 0 18.46 0 0 0 "EG" 1996
4 1997 0.244444444444444 16.475 0 0 0 "EG" 1997
4 1998 0.0357142857142857 19.0821428571429 0 0 0 "EG" 1998
4 2001 0.8 26.15 0 0 0 "EG" 2001
4 2003 0 18.134375 0 0 0 "EG" 2003
4 2004 0 18.6333333333333 0 0 0 "EG" 2004
4 2005 0.142857142857143 18.4321428571429 0 0 0 "EG" 2005
4 2006 3 16.4 0 0 0 "EG" 2006
4 2007 2.55 17 0 0 0 "EG" 2007
4 2011 0.433333333333333 18.6666666666667 0 0 0 "EG" 2011
4 2017 0.3 19.35 0 0 0 "EG" 2017
5 1974 0 19.9285714285714 0 0 0 "EG" 1974
5 1977 0 22.25 0 0 0 "EG" 1977
5 1978 0 22.96875 0 0 0 "EG" 1978
5 1979 0.0384615384615385 21.7307692307692 0 0 0 "EG" 1979
5 1980 0 22.125 0 0 0 "EG" 1980
5 1981 0 20.725 0 0 0 "EG" 1981
5 1986 2.46666666666667 19.1 0 0 0 "EG" 1986
5 1990 0 21.9 0 0 0 "EG" 1990
5 1991 0.89 20.98 0 0 0 "EG" 1991
5 1992 0.0230769230769231 20.75 0 0 0 "EG" 1992
5 1993 0.0588235294117647 20.0176470588235 0 0 0 "EG" 1993
5 1994 0 21.98125 0 0 0 "EG" 1994
5 1995 0 20.9975 0 0 0 "EG" 1995
5 1996 0 22.496875 0 0 0 "EG" 1996
5 1997 0 21.4263157894737 0 0 0 "EG" 1997
5 1998 0 21.8552631578947 0 0 0 "EG" 1998
5 2000 2.05 18.325 0 0 0 "EG" 2000
5 2001 0 19.9 0 0 0 "EG" 2001
5 2003 0 22.7477272727273 0 0 0 "EG" 2003
5 2004 0 21.3970588235294 0 0 0 "EG" 2004
5 2005 0 21.6764705882353 0 0 0 "EG" 2005
5 2007 0 20.3 0 0 0 "EG" 2007
5 2011 0.333333333333333 19.8833333333333 0 0 0 "EG" 2011
6 1973 0 23.7142857142857 0 0 0 "EG" 1973
6 1974 0 24.0227272727273 0 0 0 "EG" 1974
6 1977 0 26.0357142857143 0 0 0 "EG" 1977
6 1978 0 23.7222222222222 0 0 0 "EG" 1978
6 1979 0 26 0 0 0 "EG" 1979
6 1980 0 24.2142857142857 0 0 0 "EG" 1980
6 1981 0 24.25 0 0 0 "EG" 1981
6 1986 0 24 0 0 0 "EG" 1986
6 1990 0 23.64 0 0 0 "EG" 1990
6 1991 0 24.45 0 0 0 "EG" 1991
6 1992 0 24.6166666666667 0 0 0 "EG" 1992
6 1993 0 24.9076923076923 0 0 0 "EG" 1993
6 1994 0 24.2805555555556 0 0 0 "EG" 1994
6 1995 0 26.255 0 0 0 "EG" 1995
6 1996 0 24.925 0 0 0 "EG" 1996
6 1997 0 25.0323529411765 0 0 0 "EG" 1997
6 1998 0 25.7764705882353 0 0 0 "EG" 1998
6 2002 1.5 23.7 0 0 0 "EG" 2002
6 2003 0 25.315625 0 0 0 "EG" 2003
6 2004 0 24.4805555555556 0 0 0 "EG" 2004
6 2005 0 24.63 0 0 0 "EG" 2005
7 1973 0 26.5 0 0 0 "EG" 1973
7 1974 0 26.2647058823529 0 0 0 "EG" 1974
7 1977 0.181818181818182 26.4090909090909 0 0 0 "EG" 1977
7 1978 0 26 0 0 0 "EG" 1978
7 1979 0 26.0666666666667 0 0 0 "EG" 1979
7 1980 0 25.9583333333333 0 0 0 "EG" 1980
7 1981 0 26.6666666666667 0 0 0 "EG" 1981
7 1990 0 26.0666666666667 0 0 0 "EG" 1990
7 1991 0 25.8107142857143 0 0 0 "EG" 1991
7 1992 0 26.1166666666667 0 0 0 "EG" 1992
7 1993 0 25.9807692307692 0 0 0 "EG" 1993
7 1994 0 26.5058823529412 0 0 0 "EG" 1994
7 1995 0 27.008 0 0 0 "EG" 1995
7 1996 0 26.2388888888889 0 0 0 "EG" 1996
7 1997 0 26.8394736842105 0 0 0 "EG" 1997
7 1998 0 26.43 0 0 0 "EG" 1998
7 2003 0 27.3181818181818 0 0 0 "EG" 2003
7 2004 0 27.175 0 0 0 "EG" 2004
7 2005 0 27.0227272727273 0 0 0 "EG" 2005
8 1973 0 26.6052631578947 0 0 0 "EG" 1973
8 1974 0 26.4 0 0 0 "EG" 1974
8 1977 0 27.25 0 0 0 "EG" 1977
8 1979 0 26 0 0 0 "EG" 1979
8 1980 0 26.7884615384615 0 0 0 "EG" 1980
8 1981 0 26.8695652173913 0 0 0 "EG" 1981
8 1986 0 24.75 0 0 0 "EG" 1986
8 1990 0 26.26 0 0 0 "EG" 1990
8 1991 0 26.9666666666667 0 0 0 "EG" 1991
8 1992 0 26.0083333333333 0 0 0 "EG" 1992
8 1993 0 26.4153846153846 0 0 0 "EG" 1993
8 1994 0 26.85625 0 0 0 "EG" 1994
8 1995 0 26.7472222222222 0 0 0 "EG" 1995
8 1996 0 26.8886363636364 0 0 0 "EG" 1996
8 1997 0 26.412 0 0 0 "EG" 1997
8 1998 0 28.5791666666667 0 0 0 "EG" 1998
8 2002 0 26.05 0 0 0 "EG" 2002
8 2003 0 27.5055555555556 0 0 0 "EG" 2003
8 2004 0 27.125 0 0 0 "EG" 2004
9 1973 0 25.5 0 0 0 "EG" 1973
9 1974 0 26.2272727272727 0 0 0 "EG" 1974
9 1976 0 22.3333333333333 0 0 0 "EG" 1976
9 1977 0 26.4545454545455 0 0 0 "EG" 1977
9 1978 0 23.625 0 0 0 "EG" 1978
9 1979 0 24.875 0 0 0 "EG" 1979
9 1980 0 25.5416666666667 0 0 0 "EG" 1980
9 1981 0 25.0869565217391 0 0 0 "EG" 1981
9 1983 1 23.55 0 0 0 "EG" 1983
9 1986 0.125 26.05 0 0 0 "EG" 1986
9 1990 0 25.6388888888889 0 0 0 "EG" 1990
9 1991 0 24.25 0 0 0 "EG" 1991
9 1992 0 25.1777777777778 0 0 0 "EG" 1992
9 1993 0 25.1733333333333 0 0 0 "EG" 1993
9 1994 0 26.2538461538462 0 0 0 "EG" 1994
9 1995 0 25.5361111111111 0 0 0 "EG" 1995
9 1996 0 26.3136363636364 0 0 0 "EG" 1996
9 1997 0 24.1892857142857 0 0 0 "EG" 1997
9 1998 0 26.1730769230769 0 0 0 "EG" 1998
9 1999 0 26.4 0 0 0 "EG" 1999
9 2002 0 26.8131578947368 0 0 0 "EG" 2002
9 2003 0 26.2175 0 0 0 "EG" 2003
9 2004 0 26.209375 0 0 0 "EG" 2004
10 1973 0 23.2272727272727 0 0 0 "EG" 1973
10 1974 0 23.65 0 0 0 "EG" 1974
10 1976 2 22.7142857142857 0 0 0 "EG" 1976
10 1978 0 23.6666666666667 0 0 0 "EG" 1978
10 1979 0 22.8333333333333 0 0 0 "EG" 1979
10 1980 0 22.5555555555556 0 0 0 "EG" 1980
10 1981 0 23.3125 0 0 0 "EG" 1981
10 1982 0 24.55 0 0 0 "EG" 1982
10 1983 2.7 21.075 0 0 0 "EG" 1983
10 1986 0 22.5 0 0 0 "EG" 1986
10 1987 1.35 21.875 0 0 0 "EG" 1987
10 1988 1.5 18.075 0 0 0 "EG" 1988
10 1989 1.5 20.375 0 0 0 "EG" 1989
10 1990 0 22.6142857142857 0 0 0 "EG" 1990
10 1991 0 22.7909090909091 0 0 0 "EG" 1991
10 1992 0 22.7657894736842 0 0 0 "EG" 1992
10 1993 0.406666666666667 24.88 0 0 0 "EG" 1993
10 1994 2.84736842105263 24.2394736842105 0 0 0 "EG" 1994
10 1995 0 21.9307692307692 0 0 0 "EG" 1995
10 1996 1.10952380952381 22.197619047619 0 0 0 "EG" 1996
10 1997 0.358823529411765 22.2 0 0 0 "EG" 1997
10 1998 0.03125 23.015625 0 0 0 "EG" 1998
10 1999 0 23.1791666666667 0 0 0 "EG" 1999
10 2000 22.1 17.825 0 0 0 "EG" 2000
10 2001 1.5 21.25 0 0 0 "EG" 2001
10 2002 0.117647058823529 23.5588235294118 0 0 0 "EG" 2002
10 2003 0 22.84375 0 0 0 "EG" 2003
10 2004 0 22.8 0 0 0 "EG" 2004
10 2006 1 20.475 0 0 0 "EG" 2006
10 2008 2.58333333333333 21.5583333333333 0 0 0 "EG" 2008
10 2011 1 21.775 0 0 0 "EG" 2011
10 2014 3.95 22.3 0 0 0 "EG" 2014
10 2015 4.45 20.575 0 0 0 "EG" 2015
10 2018 0.4 24.05 0 0 0 "EG" 2018
11 1973 0.825 17.6666666666667 0 0 0 "EG" 1973
11 1974 0.323529411764706 18.7941176470588 0 0 0 "EG" 1974
11 1976 2.63636363636364 18.9090909090909 0 0 0 "EG" 1976
11 1978 0.125 18.25 0 0 0 "EG" 1978
11 1979 0.546153846153846 19.7692307692308 0 0 0 "EG" 1979
11 1980 0 20.7692307692308 0 0 0 "EG" 1980
11 1981 0.668181818181818 17.9090909090909 0 0 0 "EG" 1981
11 1982 2.5 18.85 0 0 0 "EG" 1982
11 1983 0 19.1 0 0 0 "EG" 1983
11 1984 0.15 19.25 0 0 0 "EG" 1984
11 1986 11.4285714285714 17.6571428571429 0 0 0 "EG" 1986
11 1987 0 15.35 0 0 0 "EG" 1987
11 1988 0.5 18.625 0 0 0 "EG" 1988
11 1989 1.78 16.76 0 0 0 "EG" 1989
11 1990 0 20.3111111111111 0 0 0 "EG" 1990
11 1991 3.53076923076923 18.0615384615385 0 0 0 "EG" 1991
11 1992 0 19.73125 0 0 0 "EG" 1992
11 1993 0.3 18.6529411764706 0 0 0 "EG" 1993
11 1994 5.33333333333333 18.5966666666667 0 0 0 "EG" 1994
11 1995 1 17.2225 0 0 0 "EG" 1995
11 1996 0.604347826086957 19.5 0 0 0 "EG" 1996
11 1997 0.717391304347826 18.45 0 0 0 "EG" 1997
11 1998 2.28571428571429 18.65 0 0 0 "EG" 1998
11 1999 0 20.2 0 0 0 "EG" 1999
11 2000 23.1 17.25 0 0 0 "EG" 2000
11 2001 0.25 16.775 0 0 0 "EG" 2001
11 2002 0.2 19.1033333333333 0 0 0 "EG" 2002
11 2003 0.0866666666666667 19.81 0 0 0 "EG" 2003
11 2004 2.00714285714286 20.025 0 0 0 "EG" 2004
11 2005 0.125 17.3625 0 0 0 "EG" 2005
11 2006 0.66 17.78 0 0 0 "EG" 2006
11 2007 8.9 17.5 0 0 0 "EG" 2007
11 2008 1 20.35 0 0 0 "EG" 2008
11 2009 0.4 19.375 0 0 0 "EG" 2009
11 2011 0.25 16.675 0 0 0 "EG" 2011
11 2012 2.63333333333333 19.6 0 0 0 "EG" 2012
11 2014 2.63333333333333 19.4666666666667 0 0 0 "EG" 2014
11 2015 7.36666666666667 20.85 0 0 0 "EG" 2015
11 2017 1 19.125 0 0 0 "EG" 2017
11 2018 5 20.025 0 0 0 "EG" 2018
12 1973 0.358823529411765 15.1176470588235 0 0 0 "EG" 1973
12 1974 2.42 13.9 0 0 0 "EG" 1974
12 1976 0 16.1666666666667 0 0 0 "EG" 1976
12 1978 3.05 14.5 0 0 0 "EG" 1978
12 1979 2.145 14.75 0 0 0 "EG" 1979
12 1980 0.385 15.125 0 0 0 "EG" 1980
12 1981 0 16.0714285714286 0 0 0 "EG" 1981
12 1982 1.35 14.525 0 0 0 "EG" 1982
12 1983 0.3 14.25 0 0 0 "EG" 1983
12 1985 0 15.9 0 0 0 "EG" 1985
12 1986 2.94285714285714 13.8642857142857 0 0 0 "EG" 1986
12 1987 4.45 14.4 0 0 0 "EG" 1987
12 1988 1.3 14.5375 0 0 0 "EG" 1988
12 1989 2.1 15.1777777777778 0 0 0 "EG" 1989
12 1990 0 15.9681818181818 0 0 0 "EG" 1990
12 1991 8.52222222222222 13.1055555555556 0 0 0 "EG" 1991
12 1992 2.64166666666667 13.9375 0 0 0 "EG" 1992
12 1993 1.54545454545455 16.8136363636364 0 0 0 "EG" 1993
12 1994 2.1 14.6131578947368 0 0 0 "EG" 1994
12 1995 0.358823529411765 13.9264705882353 0 0 0 "EG" 1995
12 1996 0.684210526315789 14.8868421052632 0 0 0 "EG" 1996
12 1997 0.0571428571428571 14.2357142857143 0 0 0 "EG" 1997
12 1998 0.2 17.03 0 0 0 "EG" 1998
12 1999 1.18333333333333 15.5166666666667 0 0 0 "EG" 1999
12 2000 2.74444444444444 15.8166666666667 0 0 0 "EG" 2000
12 2001 8.02 14.23 0 0 0 "EG" 2001
12 2002 1.51176470588235 15.1882352941176 0 0 0 "EG" 2002
12 2003 0.778571428571429 14.6071428571429 0 0 0 "EG" 2003
12 2004 2.94285714285714 14.2678571428571 0 0 0 "EG" 2004
12 2006 1.525 14.85 0 0 0 "EG" 2006
12 2007 1.48333333333333 14.9 0 0 0 "EG" 2007
12 2008 0 13.85 0 0 0 "EG" 2008
12 2009 1.06666666666667 16.7583333333333 0 0 0 "EG" 2009
12 2010 0 13.1 0 0 0 "EG" 2010
12 2011 2 15.6 0 0 0 "EG" 2011
12 2012 8.45 15.39375 0 0 0 "EG" 2012
12 2013 2.05 14.75 0 0 0 "EG" 2013
12 2014 0.25 16.65 0 0 0 "EG" 2014
12 2016 6.86666666666667 14.3833333333333 0 0 0 "EG" 2016
12 2018 8.33333333333333 15.025 0 0 0 "EG" 2018
1 1988 2.66 12.14 0 0 0 "EG" 1988
1 1989 3.23333333333333 11.8 0 0 0 "EG" 1989
1 1990 3.65454545454545 13.0090909090909 0 0 0 "EG" 1990
1 1991 1.59166666666667 12.7479166666667 0 0 0 "EG" 1991
1 1992 0.142857142857143 11.8821428571429 0 0 0 "EG" 1992
1 1993 0.0526315789473684 11.2473684210526 0 0 0 "EG" 1993
1 1996 0.53 13.66 0 0 0 "EG" 1996
1 1997 1.23181818181818 13.9704545454545 0 0 0 "EG" 1997
1 1998 0.626315789473684 13.8263157894737 0 0 0 "EG" 1998
1 2000 0.725 12.8916666666667 0 0 0 "EG" 2000
1 2001 2.15 13.375 0 0 0 "EG" 2001
1 2002 2.64545454545455 11.6 0 0 0 "EG" 2002
1 2003 0.438461538461538 15.2711538461538 0 0 0 "EG" 2003
1 2004 0.830769230769231 13.7019230769231 0 0 0 "EG" 2004
1 2005 0.136363636363636 13.9 0 0 0 "EG" 2005
1 2006 7.025 11.75 0 0 0 "EG" 2006
1 2007 2.24 12.68 0 0 0 "EG" 2007
1 2008 2.8 11.925 0 0 0 "EG" 2008
1 2009 0.5 10.75 0 0 0 "EG" 2009
1 2011 0 13.6333333333333 0 0 0 "EG" 2011
1 2012 4.06666666666667 10.8 0 0 0 "EG" 2012
1 2015 0.25 9.9 0 0 0 "EG" 2015
1 2016 2.84 9.32 0 0 0 "EG" 2016
1 2018 1 12.8 0 0 0 "EG" 2018
2 1986 0 14.4333333333333 0 0 0 "EG" 1986
2 1987 0 12.8 0 0 0 "EG" 1987
2 1988 1.175 13.1 0 0 0 "EG" 1988
2 1989 2.58 10.11 0 0 0 "EG" 1989
2 1990 0.6 13.6875 0 0 0 "EG" 1990
2 1991 0.307142857142857 14.0071428571429 0 0 0 "EG" 1991
2 1992 1.92307692307692 12.0692307692308 0 0 0 "EG" 1992
2 1993 0.55 12.0027777777778 0 0 0 "EG" 1993
2 1994 0 16.5 0 0 0 "EG" 1994
2 1996 0.0869565217391304 14.8717391304348 0 0 0 "EG" 1996
2 1997 0.726086956521739 12.7239130434783 0 0 0 "EG" 1997
2 1998 0.359090909090909 14.7363636363636 0 0 0 "EG" 1998
2 2000 0.25 13.45 0 0 0 "EG" 2000
2 2001 3.27142857142857 13.1857142857143 0 0 0 "EG" 2001
2 2002 1.22 14.53 0 0 0 "EG" 2002
2 2003 0.181818181818182 13.9204545454545 0 0 0 "EG" 2003
2 2004 0.619047619047619 14.7857142857143 0 0 0 "EG" 2004
2 2005 0.136842105263158 13.8421052631579 0 0 0 "EG" 2005
2 2006 3.34 13.14 0 0 0 "EG" 2006
2 2008 2.11666666666667 11.9083333333333 0 0 0 "EG" 2008
2 2009 0 15.45 0 0 0 "EG" 2009
2 2010 2.04 14.22 0 0 0 "EG" 2010
2 2011 1.52857142857143 15.0714285714286 0 0 0 "EG" 2011
2 2012 0.766666666666667 10.7833333333333 0 0 0 "EG" 2012
2 2015 1 9.6 0 0 0 "EG" 2015
2 2016 3 12.85 0 0 0 "EG" 2016
2 2017 0 10.7 0 0 0 "EG" 2017
3 1987 0.1 12.525 0 0 0 "EG" 1987
3 1988 0.672727272727273 14.7181818181818 0 0 0 "EG" 1988
3 1989 2.03333333333333 14.0333333333333 0 0 0 "EG" 1989
3 1990 0.628571428571429 15.05 0 0 0 "EG" 1990
3 1991 0.0166666666666667 16.9055555555556 0 0 0 "EG" 1991
3 1992 0.186363636363636 14.3931818181818 0 0 0 "EG" 1992
3 1993 0.594117647058824 14.9705882352941 0 0 0 "EG" 1993
3 1994 0 16 0 0 0 "EG" 1994
3 1996 0.572727272727273 15.8431818181818 0 0 0 "EG" 1996
3 1997 0.304 14.698 0 0 0 "EG" 1997
3 1998 0.0833333333333333 15.0694444444444 0 0 0 "EG" 1998
3 2000 3.55 14.85 0 0 0 "EG" 2000
3 2001 4.33333333333333 17.9833333333333 0 0 0 "EG" 2001
3 2003 1.56818181818182 14.1068181818182 0 0 0 "EG" 2003
3 2004 0 16.6854166666667 0 0 0 "EG" 2004
3 2005 0.195238095238095 15.8952380952381 0 0 0 "EG" 2005
3 2007 0.25 15.3375 0 0 0 "EG" 2007
3 2009 1.33333333333333 13.65 0 0 0 "EG" 2009
3 2010 1.18 16.84 0 0 0 "EG" 2010
3 2011 7.63333333333333 12.55 0 0 0 "EG" 2011
3 2012 0.25 12.625 0 0 0 "EG" 2012
3 2014 0.5 17.3 0 0 0 "EG" 2014
4 1986 13.95 15.825 0 0 0 "EG" 1986
4 1987 0 14.7 0 0 0 "EG" 1987
4 1988 0.125 20.75 0 0 0 "EG" 1988
4 1990 0.355 18.925 0 0 0 "EG" 1990
4 1991 0 19.2275 0 0 0 "EG" 1991
4 1992 0.0125 16.8520833333333 0 0 0 "EG" 1992
4 1993 0 19.042 0 0 0 "EG" 1993
4 1994 0.0833333333333333 19.725 0 0 0 "EG" 1994
4 1996 0.0833333333333333 17.3444444444444 0 0 0 "EG" 1996
4 1997 0.025 18 0 0 0 "EG" 1997
4 1998 0 21.1928571428571 0 0 0 "EG" 1998
4 2001 0.8 29.95 0 0 0 "EG" 2001
4 2002 0 17.75 0 0 0 "EG" 2002
4 2003 0.025 18.7675 0 0 0 "EG" 2003
4 2004 0.04 18.638 0 0 0 "EG" 2004
4 2005 0.0136363636363636 19.0727272727273 0 0 0 "EG" 2005
4 2007 0.25 17.45 0 0 0 "EG" 2007
4 2008 0 19.25 0 0 0 "EG" 2008
4 2010 0 18.9 0 0 0 "EG" 2010
4 2011 1 19.7 0 0 0 "EG" 2011
4 2013 0 16.65 0 0 0 "EG" 2013
4 2016 3 18.6 0 0 0 "EG" 2016
5 1986 0 19.8 0 0 0 "EG" 1986
5 1990 1.81428571428571 20.5404761904762 0 0 0 "EG" 1990
5 1991 0 21.4333333333333 0 0 0 "EG" 1991
5 1992 0.0130434782608696 21.0565217391304 0 0 0 "EG" 1992
5 1993 0 20.8020833333333 0 0 0 "EG" 1993
5 1994 0 21.1125 0 0 0 "EG" 1994
5 1995 0 21.4633333333333 0 0 0 "EG" 1995
5 1996 0 22.5227272727273 0 0 0 "EG" 1996
5 1997 0 20.44 0 0 0 "EG" 1997
5 1998 0 21.775 0 0 0 "EG" 1998
5 2001 0.333333333333333 22.7166666666667 0 0 0 "EG" 2001
5 2002 0 22 0 0 0 "EG" 2002
5 2003 0 23.1153846153846 0 0 0 "EG" 2003
5 2004 0.0192307692307692 21.8596153846154 0 0 0 "EG" 2004
5 2005 0 21.124 0 0 0 "EG" 2005
5 2007 0 21.2 0 0 0 "EG" 2007
5 2011 0.5 19.3375 0 0 0 "EG" 2011
6 1990 0 23.5111111111111 0 0 0 "EG" 1990
6 1991 0 23.4886363636364 0 0 0 "EG" 1991
6 1992 0 24.4208333333333 0 0 0 "EG" 1992
6 1993 0 24.5416666666667 0 0 0 "EG" 1993
6 1994 0 24.025 0 0 0 "EG" 1994
6 1995 0 25.05 0 0 0 "EG" 1995
6 1996 0 23.3634615384615 0 0 0 "EG" 1996
6 1998 0 24.5185185185185 0 0 0 "EG" 1998
6 2002 0.5 26.1 0 0 0 "EG" 2002
6 2003 0 24.506 0 0 0 "EG" 2003
6 2004 0 24.3310344827586 0 0 0 "EG" 2004
6 2005 0 24.3153846153846 0 0 0 "EG" 2005
7 1989 0 25.35 0 0 0 "EG" 1989
7 1990 0 25.9782608695652 0 0 0 "EG" 1990
7 1991 0 25.4840909090909 0 0 0 "EG" 1991
7 1992 0 25.3363636363636 0 0 0 "EG" 1992
7 1993 0 26.4296296296296 0 0 0 "EG" 1993
7 1994 0 25.88 0 0 0 "EG" 1994
7 1995 0 26.732 0 0 0 "EG" 1995
7 1996 0 26.0875 0 0 0 "EG" 1996
7 1998 0 27.1607142857143 0 0 0 "EG" 1998
7 2002 0.65 28.8625 0 0 0 "EG" 2002
7 2003 0 26.8172413793103 0 0 0 "EG" 2003
7 2004 0 26.8173076923077 0 0 0 "EG" 2004
7 2005 0 26.625 0 0 0 "EG" 2005
8 1990 0 25.7 0 0 0 "EG" 1990
8 1991 0 26.0541666666667 0 0 0 "EG" 1991
8 1992 0 26.0952380952381 0 0 0 "EG" 1992
8 1993 0 26.7413043478261 0 0 0 "EG" 1993
8 1994 0 26.3766666666667 0 0 0 "EG" 1994
8 1995 0 26.60625 0 0 0 "EG" 1995
8 1996 0 26.2384615384615 0 0 0 "EG" 1996
8 1997 0 25.2727272727273 0 0 0 "EG" 1997
8 1998 0 28.1153846153846 0 0 0 "EG" 1998
8 2002 0 26.35 0 0 0 "EG" 2002
8 2003 0 26.95 0 0 0 "EG" 2003
8 2004 0 26.8892857142857 0 0 0 "EG" 2004
9 1990 0 24.4647058823529 0 0 0 "EG" 1990
9 1991 0 23.8555555555556 0 0 0 "EG" 1991
9 1992 0 24.5675 0 0 0 "EG" 1992
9 1994 0 26.4576923076923 0 0 0 "EG" 1994
9 1995 0 25.5541666666667 0 0 0 "EG" 1995
9 1996 0 25.7086956521739 0 0 0 "EG" 1996
9 1997 0 24.0958333333333 0 0 0 "EG" 1997
9 1998 0 26.3833333333333 0 0 0 "EG" 1998
9 1999 0 27.025 0 0 0 "EG" 1999
9 2002 0 26.2 0 0 0 "EG" 2002
9 2003 0 25.3741379310345 0 0 0 "EG" 2003
9 2004 0 25.1711538461538 0 0 0 "EG" 2004
9 2005 0 25.3 0 0 0 "EG" 2005
9 2010 0 26.25 0 0 0 "EG" 2010
10 1986 1 21.1 0 0 0 "EG" 1986
10 1987 1.9125 19.7375 0 0 0 "EG" 1987
10 1990 0.0230769230769231 22.8576923076923 0 0 0 "EG" 1990
10 1991 0 23.175 0 0 0 "EG" 1991
10 1992 0 22.3326086956522 0 0 0 "EG" 1992
10 1993 0 24.8 0 0 0 "EG" 1993
10 1994 0.0384615384615385 26.2807692307692 0 0 0 "EG" 1994
10 1995 0 21.9152173913043 0 0 0 "EG" 1995
10 1996 0.0277777777777778 22.3111111111111 0 0 0 "EG" 1996
10 1997 0.782142857142857 22.5125 0 0 0 "EG" 1997
10 1998 0 22.996 0 0 0 "EG" 1998
10 1999 0.45 23.2363636363636 0 0 0 "EG" 1999
10 2000 3.55 22.55 0 0 0 "EG" 2000
10 2002 0.0952380952380952 23.2214285714286 0 0 0 "EG" 2002
10 2003 0 23.0954545454545 0 0 0 "EG" 2003
10 2004 0 23.434 0 0 0 "EG" 2004
10 2007 3 24.15 0 0 0 "EG" 2007
10 2008 0 20.15 0 0 0 "EG" 2008
10 2009 0.266666666666667 23.4666666666667 0 0 0 "EG" 2009
10 2011 0 22.5 0 0 0 "EG" 2011
10 2015 2 25.95 0 0 0 "EG" 2015
11 1986 0.128571428571429 16.0428571428571 0 0 0 "EG" 1986
11 1987 0 17.6 0 0 0 "EG" 1987
11 1988 1.5 16.95 0 0 0 "EG" 1988
11 1989 2.05 17.05 0 0 0 "EG" 1989
11 1990 0 20.3147058823529 0 0 0 "EG" 1990
11 1991 0 18.7261904761905 0 0 0 "EG" 1991
11 1992 0 19.3052631578947 0 0 0 "EG" 1992
11 1993 0 17.6 0 0 0 "EG" 1993
11 1995 0.195238095238095 17.5047619047619 0 0 0 "EG" 1995
11 1996 0 19.2634615384615 0 0 0 "EG" 1996
11 1997 0.0625 19.1291666666667 0 0 0 "EG" 1997
11 1998 0 19.8447368421053 0 0 0 "EG" 1998
11 1999 0 19.625 0 0 0 "EG" 1999
11 2000 1 18.3125 0 0 0 "EG" 2000
11 2001 0.666666666666667 15.45 0 0 0 "EG" 2001
11 2002 0 19.6739130434783 0 0 0 "EG" 2002
11 2003 0.0769230769230769 19.0326923076923 0 0 0 "EG" 2003
11 2004 1.68636363636364 20.3272727272727 0 0 0 "EG" 2004
11 2006 0 16.55 0 0 0 "EG" 2006
11 2008 2 19.9 0 0 0 "EG" 2008
11 2012 2.025 17.9125 0 0 0 "EG" 2012
11 2015 0.25 21.275 0 0 0 "EG" 2015
11 2017 0 15.9 0 0 0 "EG" 2017
12 1985 4.45 14.7 0 0 0 "EG" 1985
12 1986 0 14.1 0 0 0 "EG" 1986
12 1987 0.9 14.1777777777778 0 0 0 "EG" 1987
12 1988 4.85 13.6625 0 0 0 "EG" 1988
12 1989 7 12.975 0 0 0 "EG" 1989
12 1990 0 15.7342105263158 0 0 0 "EG" 1990
12 1991 0.135294117647059 12.7352941176471 0 0 0 "EG" 1991
12 1992 1.90666666666667 12.95 0 0 0 "EG" 1992
12 1995 0.0909090909090909 13.65 0 0 0 "EG" 1995
12 1996 0.0769230769230769 15.8326923076923 0 0 0 "EG" 1996
12 1997 0.3625 15.15625 0 0 0 "EG" 1997
12 1998 7.29285714285714 15.9821428571429 0 0 0 "EG" 1998
12 1999 0 15.3194444444444 0 0 0 "EG" 1999
12 2000 5.2 15.0375 0 0 0 "EG" 2000
12 2001 0 16.0833333333333 0 0 0 "EG" 2001
12 2002 0.678947368421053 15.3026315789474 0 0 0 "EG" 2002
12 2003 0.232142857142857 14.5589285714286 0 0 0 "EG" 2003
12 2004 0.825925925925926 13.8333333333333 0 0 0 "EG" 2004
12 2005 0.25 12.85 0 0 0 "EG" 2005
12 2006 10.64 12.5 0 0 0 "EG" 2006
12 2007 0 17.3 0 0 0 "EG" 2007
12 2008 0 13.35 0 0 0 "EG" 2008
12 2009 1 15.8 0 0 0 "EG" 2009
12 2010 1 18.95 0 0 0 "EG" 2010
12 2012 0 14.6 0 0 0 "EG" 2012
12 2014 0.3 15.55 0 0 0 "EG" 2014
12 2015 8.63333333333333 16.4166666666667 0 0 0 "EG" 2015
1 1974 0 12 0 0 0 "EG" 1974
1 1981 0 13 0 0 0 "EG" 1981
1 1989 2 11.75 0 0 0 "EG" 1989
1 1990 2 12.3 0 0 0 "EG" 1990
1 1991 0.105263157894737 11.7342105263158 0 0 0 "EG" 1991
1 1992 0 11.3826086956522 0 0 0 "EG" 1992
1 1993 0.037037037037037 11.3648148148148 0 0 0 "EG" 1993
1 1994 0 13.8365384615385 0 0 0 "EG" 1994
1 1995 0 11.5944444444444 0 0 0 "EG" 1995
1 1996 0 13.4673076923077 0 0 0 "EG" 1996
1 1997 0 13.4566666666667 0 0 0 "EG" 1997
1 1998 0 12.8142857142857 0 0 0 "EG" 1998
1 2000 0 13.1 0 0 0 "EG" 2000
1 2003 0 14.4962962962963 0 0 0 "EG" 2003
1 2004 0 13.148275862069 0 0 0 "EG" 2004
1 2005 0 13.2410714285714 0 0 0 "EG" 2005
1 2011 2.55 13.325 0 0 0 "EG" 2011
1 2013 0 8.8 0 0 0 "EG" 2013
2 1974 0 10 0 0 0 "EG" 1974
2 1990 0 14.475 0 0 0 "EG" 1990
2 1991 0 14.1264705882353 0 0 0 "EG" 1991
2 1992 0.166666666666667 11.6 0 0 0 "EG" 1992
2 1993 0.0238095238095238 12.5714285714286 0 0 0 "EG" 1993
2 1994 0 13.7275 0 0 0 "EG" 1994
2 1995 0.0576923076923077 14.0884615384615 0 0 0 "EG" 1995
2 1996 0 14.4447368421053 0 0 0 "EG" 1996
2 1997 0.130434782608696 11.8173913043478 0 0 0 "EG" 1997
2 1998 0.0384615384615385 14.5923076923077 0 0 0 "EG" 1998
2 2002 0.5 15.95 0 0 0 "EG" 2002
2 2003 0 12.902 0 0 0 "EG" 2003
2 2004 0 13.9296296296296 0 0 0 "EG" 2004
2 2005 0.0192307692307692 14.3230769230769 0 0 0 "EG" 2005
3 1974 0 15.5 0 0 0 "EG" 1974
3 1980 0 15.6666666666667 0 0 0 "EG" 1980
3 1988 0 17.6 0 0 0 "EG" 1988
3 1990 0.1 16.4475 0 0 0 "EG" 1990
3 1991 0.45 19.7916666666667 0 0 0 "EG" 1991
3 1992 0 15.4375 0 0 0 "EG" 1992
3 1993 0 16.6961538461538 0 0 0 "EG" 1993
3 1994 0 16.634 0 0 0 "EG" 1994
3 1995 0 17.3261904761905 0 0 0 "EG" 1995
3 1996 0 16.845652173913 0 0 0 "EG" 1996
3 1997 0 15.3233333333333 0 0 0 "EG" 1997
3 1998 0 15.1307692307692 0 0 0 "EG" 1998
3 2001 0.5 17.575 0 0 0 "EG" 2001
3 2003 0 15.4583333333333 0 0 0 "EG" 2003
3 2004 0 17.9465517241379 0 0 0 "EG" 2004
3 2005 0 17.4923076923077 0 0 0 "EG" 2005
3 2006 0.5 17 0 0 0 "EG" 2006
3 2014 0.5 17.25 0 0 0 "EG" 2014
3 2015 0.5 21.9 0 0 0 "EG" 2015
4 1974 0 23 0 0 0 "EG" 1974
4 1980 0 24.75 0 0 0 "EG" 1980
4 1990 0 21.5 0 0 0 "EG" 1990
4 1991 0 21.9738095238095 0 0 0 "EG" 1991
4 1992 0 20.4535714285714 0 0 0 "EG" 1992
4 1993 0 21.8555555555556 0 0 0 "EG" 1993
4 1994 0 22.056 0 0 0 "EG" 1994
4 1995 0 21.1880952380952 0 0 0 "EG" 1995
4 1996 0 20.3160714285714 0 0 0 "EG" 1996
4 1997 0 20.385 0 0 0 "EG" 1997
4 1998 0 23.29375 0 0 0 "EG" 1998
4 2003 0 21.875 0 0 0 "EG" 2003
4 2004 0 21.9365384615385 0 0 0 "EG" 2004
4 2005 0 21.5037037037037 0 0 0 "EG" 2005
4 2011 0 29.25 0 0 0 "EG" 2011
4 2014 25.5666666666667 23.6166666666667 0 0 0 "EG" 2014
5 1979 0 26.25 0 0 0 "EG" 1979
5 1980 0 24.7857142857143 0 0 0 "EG" 1980
5 1981 0 23.5 0 0 0 "EG" 1981
5 1990 0 28.7 0 0 0 "EG" 1990
5 1991 0 26.2045454545455 0 0 0 "EG" 1991
5 1992 0 25.5759259259259 0 0 0 "EG" 1992
5 1993 0.0185185185185185 25.0907407407407 0 0 0 "EG" 1993
5 1994 0 25.8173913043478 0 0 0 "EG" 1994
5 1995 0 24.7711538461538 0 0 0 "EG" 1995
5 1996 0.1 26.985 0 0 0 "EG" 1996
5 1997 0 25.89375 0 0 0 "EG" 1997
5 1998 0 26.8351851851852 0 0 0 "EG" 1998
5 2003 0 27.5433333333333 0 0 0 "EG" 2003
5 2004 0 26.8821428571429 0 0 0 "EG" 2004
5 2005 0 25.0942307692308 0 0 0 "EG" 2005
5 2006 0 23.45 0 0 0 "EG" 2006
6 1973 0 26.5 0 0 0 "EG" 1973
6 1974 0 26.875 0 0 0 "EG" 1974
6 1979 0 26 0 0 0 "EG" 1979
6 1980 0 26.6666666666667 0 0 0 "EG" 1980
6 1990 0 27.6657894736842 0 0 0 "EG" 1990
6 1991 0 27.88 0 0 0 "EG" 1991
6 1992 0 29.212962962963 0 0 0 "EG" 1992
6 1993 0 27.9928571428571 0 0 0 "EG" 1993
6 1994 0 27.7590909090909 0 0 0 "EG" 1994
6 1995 0 30.0462962962963 0 0 0 "EG" 1995
6 1996 0 27.6519230769231 0 0 0 "EG" 1996
6 1997 0 29.3613636363636 0 0 0 "EG" 1997
6 1998 0 27.85 0 0 0 "EG" 1998
6 2003 0 29.2851851851852 0 0 0 "EG" 2003
6 2004 0 27.9410714285714 0 0 0 "EG" 2004
6 2005 0 28.5293103448276 0 0 0 "EG" 2005
7 1973 1.02 29.6 0 0 0 "EG" 1973
7 1974 0 25.5 0 0 0 "EG" 1974
7 1979 0 27.5 0 0 0 "EG" 1979
7 1980 0 29 0 0 0 "EG" 1980
7 1981 0 30.5 0 0 0 "EG" 1981
7 1990 0.1875 28.753125 0 0 0 "EG" 1990
7 1991 0 27.7630434782609 0 0 0 "EG" 1991
7 1992 0 28.1851851851852 0 0 0 "EG" 1992
7 1993 0 28.3673913043478 0 0 0 "EG" 1993
7 1994 0 29.247619047619 0 0 0 "EG" 1994
7 1995 0 29.438 0 0 0 "EG" 1995
7 1996 0 28.3413793103448 0 0 0 "EG" 1996
7 1997 0 28.95 0 0 0 "EG" 1997
7 1998 0 29.47 0 0 0 "EG" 1998
7 2002 1.825 31.925 0 0 0 "EG" 2002
7 2003 0 29.0482142857143 0 0 0 "EG" 2003
7 2004 0 29.3777777777778 0 0 0 "EG" 2004
7 2005 0 29.125 0 0 0 "EG" 2005
8 1973 0 26.9 0 0 0 "EG" 1973
8 1980 0 30.5 0 0 0 "EG" 1980
8 1981 0 29.5 0 0 0 "EG" 1981
8 1990 0 27.6026315789474 0 0 0 "EG" 1990
8 1991 0 27.987037037037 0 0 0 "EG" 1991
8 1992 0 28.6538461538462 0 0 0 "EG" 1992
8 1993 0 29.0416666666667 0 0 0 "EG" 1993
8 1994 1.325 28.2428571428571 0 0 0 "EG" 1994
8 1995 0 28.6596153846154 0 0 0 "EG" 1995
8 1996 0 28.548275862069 0 0 0 "EG" 1996
8 1997 0 28.5525 0 0 0 "EG" 1997
8 1998 0 30.1 0 0 0 "EG" 1998
8 2003 0 29.0965517241379 0 0 0 "EG" 2003
8 2004 0 28.3586206896552 0 0 0 "EG" 2004
9 1980 0 24.75 0 0 0 "EG" 1980
9 1990 0 26.3147058823529 0 0 0 "EG" 1990
9 1991 0 26.3521739130435 0 0 0 "EG" 1991
9 1992 0 25.7553571428571 0 0 0 "EG" 1992
9 1993 0 26.7625 0 0 0 "EG" 1993
9 1994 0 28.378 0 0 0 "EG" 1994
9 1995 0 27.9604166666667 0 0 0 "EG" 1995
9 1996 0 28.2660714285714 0 0 0 "EG" 1996
9 1997 0 26.4659090909091 0 0 0 "EG" 1997
9 1998 0 28.2660714285714 0 0 0 "EG" 1998
9 1999 0 28.2666666666667 0 0 0 "EG" 1999
9 2002 0 28.8648148148148 0 0 0 "EG" 2002
9 2003 0 27.5844827586207 0 0 0 "EG" 2003
9 2004 0 27.4 0 0 0 "EG" 2004
10 1973 0 24.5 0 0 0 "EG" 1973
10 1976 0 24.5 0 0 0 "EG" 1976
10 1980 0 26 0 0 0 "EG" 1980
10 1981 0 23.5 0 0 0 "EG" 1981
10 1990 0 23.65 0 0 0 "EG" 1990
10 1991 0 23.7326086956522 0 0 0 "EG" 1991
10 1992 0 25.05 0 0 0 "EG" 1992
10 1993 0 25.9314814814815 0 0 0 "EG" 1993
10 1994 0 26.3461538461538 0 0 0 "EG" 1994
10 1995 0 22.956 0 0 0 "EG" 1995
10 1996 1.06666666666667 22.5616666666667 0 0 0 "EG" 1996
10 1997 0 23.6 0 0 0 "EG" 1997
10 1998 0 24.7423076923077 0 0 0 "EG" 1998
10 1999 0 24.1962962962963 0 0 0 "EG" 1999
10 2002 0 24.3086206896552 0 0 0 "EG" 2002
10 2003 0 24.6155172413793 0 0 0 "EG" 2003
10 2004 0 24.7685185185185 0 0 0 "EG" 2004
11 1973 0 17.5 0 0 0 "EG" 1973
11 1976 0 23 0 0 0 "EG" 1976
11 1980 0 18.5 0 0 0 "EG" 1980
11 1986 0 17.3 0 0 0 "EG" 1986
11 1990 0 19.2041666666667 0 0 0 "EG" 1990
11 1991 0 17.9431818181818 0 0 0 "EG" 1991
11 1992 0 18.365 0 0 0 "EG" 1992
11 1993 0 19.3333333333333 0 0 0 "EG" 1993
11 1994 0.05 17.4825 0 0 0 "EG" 1994
11 1995 0 16.29375 0 0 0 "EG" 1995
11 1996 0.170833333333333 18.8645833333333 0 0 0 "EG" 1996
11 1997 0 19.2461538461538 0 0 0 "EG" 1997
11 1998 0 19.17 0 0 0 "EG" 1998
11 1999 0 19.31 0 0 0 "EG" 1999
11 2002 0 19.3888888888889 0 0 0 "EG" 2002
11 2003 0 19.3879310344828 0 0 0 "EG" 2003
11 2004 0 20.0888888888889 0 0 0 "EG" 2004
11 2016 52.3 18.25 0 0 0 "EG" 2016
12 1981 0 15 0 0 0 "EG" 1981
12 1988 2 15 0 0 0 "EG" 1988
12 1990 0 15.4117647058824 0 0 0 "EG" 1990
12 1991 0 11.4934782608696 0 0 0 "EG" 1991
12 1992 0 12.8 0 0 0 "EG" 1992
12 1993 5.42307692307692 15.4307692307692 0 0 0 "EG" 1993
12 1994 0 12.2057692307692 0 0 0 "EG" 1994
12 1995 0 13.0964285714286 0 0 0 "EG" 1995
12 1996 0 13.9833333333333 0 0 0 "EG" 1996
12 1997 0 13.8879310344828 0 0 0 "EG" 1997
12 1998 0 15.7730769230769 0 0 0 "EG" 1998
12 1999 0 15.021875 0 0 0 "EG" 1999
12 2000 0.25 14.45 0 0 0 "EG" 2000
12 2002 0 14.7775862068966 0 0 0 "EG" 2002
12 2003 0 13.6266666666667 0 0 0 "EG" 2003
12 2004 0 14.022 0 0 0 "EG" 2004
12 2006 0 16 0 0 0 "EG" 2006
12 2013 0.5 12.525 0 0 0 "EG" 2013
12 2016 0.4 11.9 0 0 0 "EG" 2016
1 2005 0 14.7966666666667 0 0 0 "EG" 2005
1 2008 1.4 12.65 0 0 0 "EG" 2008
1 2010 0.166666666666667 17.55 0 0 0 "EG" 2010
2 2005 0 17.255 0 0 0 "EG" 2005
3 2005 0 20.26 0 0 0 "EG" 2005
3 2014 0 19.65 0 0 0 "EG" 2014
4 2005 0 26.03 0 0 0 "EG" 2005
5 2004 0 33.03125 0 0 0 "EG" 2004
5 2005 0 29.2357142857143 0 0 0 "EG" 2005
6 2004 0 31.8 0 0 0 "EG" 2004
6 2005 0 33.1 0 0 0 "EG" 2005
7 2004 0 33.5272727272727 0 0 0 "EG" 2004
7 2005 0 32.65 0 0 0 "EG" 2005
8 2004 0 31.5911764705882 0 0 0 "EG" 2004
9 2004 0 31.09375 0 0 0 "EG" 2004
10 2004 0 27.8066666666667 0 0 0 "EG" 2004
11 2004 0 21.9033333333333 0 0 0 "EG" 2004
12 2004 0 16.321875 0 0 0 "EG" 2004
1 1993 0 12.4285714285714 0 0 0 "EG" 1993
1 1994 0 14.5666666666667 0 0 0 "EG" 1994
1 1997 0 14.5266666666667 0 0 0 "EG" 1997
1 1998 0 13.425 0 0 0 "EG" 1998
1 2000 0 12.6714285714286 0 0 0 "EG" 2000
1 2003 0 13.8965517241379 0 0 0 "EG" 2003
1 2004 0 12.2788461538462 0 0 0 "EG" 2004
1 2005 0 12.8068965517241 0 0 0 "EG" 2005
1 2007 0.8 12.85 0 0 0 "EG" 2007
1 2008 0.5 11.25 0 0 0 "EG" 2008
1 2012 0 12.05 0 0 0 "EG" 2012
2 1993 0 13.5638888888889 0 0 0 "EG" 1993
2 1994 0 13.2142857142857 0 0 0 "EG" 1994
2 1997 0 12.54 0 0 0 "EG" 1997
2 1998 0 15.4875 0 0 0 "EG" 1998
2 2003 0 13.2942307692308 0 0 0 "EG" 2003
2 2004 0 14.6333333333333 0 0 0 "EG" 2004
2 2005 0.188888888888889 14.2759259259259 0 0 0 "EG" 2005
3 1993 0 17.745 0 0 0 "EG" 1993
3 1994 0 16.3875 0 0 0 "EG" 1994
3 1997 0 18.8916666666667 0 0 0 "EG" 1997
3 1998 0 16.0307692307692 0 0 0 "EG" 1998
3 2003 0 15.246 0 0 0 "EG" 2003
3 2004 0.0185185185185185 19.3314814814815 0 0 0 "EG" 2004
3 2005 0 17.7576923076923 0 0 0 "EG" 2005
4 1993 0 22.4642857142857 0 0 0 "EG" 1993
4 1994 0 22.5833333333333 0 0 0 "EG" 1994
4 1995 0 24.25 0 0 0 "EG" 1995
4 1996 0 21.5 0 0 0 "EG" 1996
4 1997 0 19.02 0 0 0 "EG" 1997
4 1998 0 24.3913043478261 0 0 0 "EG" 1998
4 2003 0 22.06 0 0 0 "EG" 2003
4 2004 0 21.922 0 0 0 "EG" 2004
4 2005 0 23.3 0 0 0 "EG" 2005
5 1993 0 26.1921052631579 0 0 0 "EG" 1993
5 1994 0 26.1617647058824 0 0 0 "EG" 1994
5 1995 0 24.7928571428571 0 0 0 "EG" 1995
5 1996 0 29.2888888888889 0 0 0 "EG" 1996
5 1997 0 27.715 0 0 0 "EG" 1997
5 1998 0 29.4291666666667 0 0 0 "EG" 1998
5 2003 0 27.2230769230769 0 0 0 "EG" 2003
5 2004 0 27.725 0 0 0 "EG" 2004
5 2005 0 25.2034482758621 0 0 0 "EG" 2005
5 2007 0 24 0 0 0 "EG" 2007
6 1993 0 29.2652173913043 0 0 0 "EG" 1993
6 1994 0 28.4075 0 0 0 "EG" 1994
6 1995 0 31.1363636363636 0 0 0 "EG" 1995
6 1996 0 28.7071428571429 0 0 0 "EG" 1996
6 1997 0 30.1125 0 0 0 "EG" 1997
6 1998 0 28.912 0 0 0 "EG" 1998
6 2003 0 30.0259259259259 0 0 0 "EG" 2003
6 2004 0 28.3903846153846 0 0 0 "EG" 2004
6 2005 0 28.5574074074074 0 0 0 "EG" 2005
7 1993 0 29.7583333333333 0 0 0 "EG" 1993
7 1994 0 31.3333333333333 0 0 0 "EG" 1994
7 1995 0 30.8285714285714 0 0 0 "EG" 1995
7 1996 0 29.9323529411765 0 0 0 "EG" 1996
7 1997 0 31.175 0 0 0 "EG" 1997
7 1998 0 31.8576923076923 0 0 0 "EG" 1998
7 2002 1.65 33.65 0 0 0 "EG" 2002
7 2003 0 30.7258620689655 0 0 0 "EG" 2003
7 2004 0 30.5589285714286 0 0 0 "EG" 2004
7 2005 0 29.8088235294118 0 0 0 "EG" 2005
8 1993 0 30.2666666666667 0 0 0 "EG" 1993
8 1994 0 30.6444444444444 0 0 0 "EG" 1994
8 1995 0 30.8 0 0 0 "EG" 1995
8 1996 0 31.3352941176471 0 0 0 "EG" 1996
8 1997 0 30.3 0 0 0 "EG" 1997
8 1998 0 32.5025 0 0 0 "EG" 1998
8 2002 0 30.575 0 0 0 "EG" 2002
8 2003 0 30.262 0 0 0 "EG" 2003
8 2004 0 29.6172413793103 0 0 0 "EG" 2004
9 1993 0 28.3166666666667 0 0 0 "EG" 1993
9 1994 0 28.6916666666667 0 0 0 "EG" 1994
9 1995 0 29.8277777777778 0 0 0 "EG" 1995
9 1996 0 30.0461538461538 0 0 0 "EG" 1996
9 1997 0 27.6142857142857 0 0 0 "EG" 1997
9 1998 0 29.9411764705882 0 0 0 "EG" 1998
9 2002 0 28.95 0 0 0 "EG" 2002
9 2003 0 28.2017857142857 0 0 0 "EG" 2003
9 2004 0 26.8327586206897 0 0 0 "EG" 2004
10 1993 0 27.75 0 0 0 "EG" 1993
10 1994 0 27.425 0 0 0 "EG" 1994
10 1995 0 24.8785714285714 0 0 0 "EG" 1995
10 1996 0 24.5 0 0 0 "EG" 1996
10 1997 0 25.3666666666667 0 0 0 "EG" 1997
10 1998 0 24.3119047619048 0 0 0 "EG" 1998
10 1999 0 22.15 0 0 0 "EG" 1999
10 2002 0 23.8759259259259 0 0 0 "EG" 2002
10 2003 0 24.9314814814815 0 0 0 "EG" 2003
10 2004 0 23.8 0 0 0 "EG" 2004
10 2006 2.05 21.125 0 0 0 "EG" 2006
11 1994 0 18.1 0 0 0 "EG" 1994
11 1996 2.38 19.58 0 0 0 "EG" 1996
11 1997 0 19.025 0 0 0 "EG" 1997
11 1998 0 19.8318181818182 0 0 0 "EG" 1998
11 1999 0 19.4416666666667 0 0 0 "EG" 1999
11 2002 0 19.466 0 0 0 "EG" 2002
11 2003 0 18.83 0 0 0 "EG" 2003
11 2004 0 19.2288461538462 0 0 0 "EG" 2004
12 1976 0 13 0 0 0 "EG" 1976
12 1993 0 17.925 0 0 0 "EG" 1993
12 1996 0 14.15 0 0 0 "EG" 1996
12 1997 0 13.8 0 0 0 "EG" 1997
12 1998 0 15.7416666666667 0 0 0 "EG" 1998
12 1999 0 12.65 0 0 0 "EG" 1999
12 2002 0 14.1461538461538 0 0 0 "EG" 2002
12 2003 0 13.0017857142857 0 0 0 "EG" 2003
12 2004 0 13.3725806451613 0 0 0 "EG" 2004
1 1991 0 14.096875 0 0 0 "EG" 1991
1 1992 0 13.1088235294118 0 0 0 "EG" 1992
1 1993 0 13.9375 0 0 0 "EG" 1993
1 1994 0 16.5 0 0 0 "EG" 1994
1 1995 0 14.1576923076923 0 0 0 "EG" 1995
1 1996 1.03448275862069 15.5396551724138 0 0 0 "EG" 1996
1 1997 0 16.488 0 0 0 "EG" 1997
1 1998 0 14.325 0 0 0 "EG" 1998
1 2000 0 15.6 0 0 0 "EG" 2000
1 2003 0 16.932 0 0 0 "EG" 2003
1 2004 0 14.3096153846154 0 0 0 "EG" 2004
1 2005 0 14.7034482758621 0 0 0 "EG" 2005
2 1990 0 13.8545454545455 0 0 0 "EG" 1990
2 1991 0 17.57 0 0 0 "EG" 1991
2 1992 0 12.45 0 0 0 "EG" 1992
2 1993 0 15.054 0 0 0 "EG" 1993
2 1994 0 15.945652173913 0 0 0 "EG" 1994
2 1995 0 16.10625 0 0 0 "EG" 1995
2 1996 0 17.14375 0 0 0 "EG" 1996
2 1997 0 13.276 0 0 0 "EG" 1997
2 1998 0 16.7714285714286 0 0 0 "EG" 1998
2 2003 0 14.8865384615385 0 0 0 "EG" 2003
2 2004 0 17.4653846153846 0 0 0 "EG" 2004
2 2005 0 17.0847826086957 0 0 0 "EG" 2005
2 2009 0 16.9 0 0 0 "EG" 2009
3 1990 0 17.8033333333333 0 0 0 "EG" 1990
3 1991 0 20.3818181818182 0 0 0 "EG" 1991
3 1992 0 19.3431818181818 0 0 0 "EG" 1992
3 1993 0 19.6327586206897 0 0 0 "EG" 1993
3 1994 0 18.8891304347826 0 0 0 "EG" 1994
3 1995 0 20.387037037037 0 0 0 "EG" 1995
3 1996 0 20.4357142857143 0 0 0 "EG" 1996
3 1997 0 17.9620689655172 0 0 0 "EG" 1997
3 1998 0 17.6630434782609 0 0 0 "EG" 1998
3 2003 0 18.0517857142857 0 0 0 "EG" 2003
3 2004 0 22.151724137931 0 0 0 "EG" 2004
3 2005 0 19.9910714285714 0 0 0 "EG" 2005
3 2014 0.5 22.75 0 0 0 "EG" 2014
4 1985 0 19.3 0 0 0 "EG" 1985
4 1990 0 26.0444444444444 0 0 0 "EG" 1990
4 1991 0 27.2307692307692 0 0 0 "EG" 1991
4 1992 0 23.8826086956522 0 0 0 "EG" 1992
4 1993 0 26.1153846153846 0 0 0 "EG" 1993
4 1994 0 25.4404761904762 0 0 0 "EG" 1994
4 1995 0 24.2522727272727 0 0 0 "EG" 1995
4 1996 0 23.9833333333333 0 0 0 "EG" 1996
4 1997 0 23.412962962963 0 0 0 "EG" 1997
4 1998 0 26.556 0 0 0 "EG" 1998
4 2003 0 25.951724137931 0 0 0 "EG" 2003
4 2004 0 25.852 0 0 0 "EG" 2004
4 2005 0 26.3035714285714 0 0 0 "EG" 2005
5 1990 0 31.09 0 0 0 "EG" 1990
5 1991 0 31.1088235294118 0 0 0 "EG" 1991
5 1992 0 28.504 0 0 0 "EG" 1992
5 1993 0 29.8895833333333 0 0 0 "EG" 1993
5 1994 1.53461538461538 29.3807692307692 0 0 0 "EG" 1994
5 1995 0 29.0130434782609 0 0 0 "EG" 1995
5 1996 0 32.3314814814815 0 0 0 "EG" 1996
5 1997 0 29.732 0 0 0 "EG" 1997
5 1998 0 30.8826923076923 0 0 0 "EG" 1998
5 2003 0 31.045 0 0 0 "EG" 2003
5 2004 0 31.7759259259259 0 0 0 "EG" 2004
5 2005 0 28.7583333333333 0 0 0 "EG" 2005
6 1973 0 30.5 0 0 0 "EG" 1973
6 1990 0 31.4571428571429 0 0 0 "EG" 1990
6 1991 1.15384615384615 32.2384615384615 0 0 0 "EG" 1991
6 1992 0 34.104 0 0 0 "EG" 1992
6 1993 0 32.0089285714286 0 0 0 "EG" 1993
6 1994 0 30.798275862069 0 0 0 "EG" 1994
6 1995 0 35.1565217391304 0 0 0 "EG" 1995
6 1996 0 31.456 0 0 0 "EG" 1996
6 1997 0 32.2425925925926 0 0 0 "EG" 1997
6 1998 0 31.1809523809524 0 0 0 "EG" 1998
6 2003 0 32.6178571428571 0 0 0 "EG" 2003
6 2004 0 31.3666666666667 0 0 0 "EG" 2004
6 2005 0 31.9888888888889 0 0 0 "EG" 2005
7 1973 0 30.5 0 0 0 "EG" 1973
7 1990 0 31.1892857142857 0 0 0 "EG" 1990
7 1991 0 31.3578947368421 0 0 0 "EG" 1991
7 1992 0 32.4210526315789 0 0 0 "EG" 1992
7 1993 0 32.2666666666667 0 0 0 "EG" 1993
7 1994 0.125 32.4895833333333 0 0 0 "EG" 1994
7 1995 0 33.4446428571429 0 0 0 "EG" 1995
7 1996 0 32.4827586206897 0 0 0 "EG" 1996
7 1997 0 33.238 0 0 0 "EG" 1997
7 1998 0 32.4018518518519 0 0 0 "EG" 1998
7 2002 1.325 36.5375 0 0 0 "EG" 2002
7 2003 0 32.2892857142857 0 0 0 "EG" 2003
7 2004 0 32.5589285714286 0 0 0 "EG" 2004
7 2005 0 32.475 0 0 0 "EG" 2005
8 1987 0 34 0 0 0 "EG" 1987
8 1990 0 29.6333333333333 0 0 0 "EG" 1990
8 1991 0 30.4925 0 0 0 "EG" 1991
8 1992 0 32.6285714285714 0 0 0 "EG" 1992
8 1993 0 32.2961538461538 0 0 0 "EG" 1993
8 1994 0 31.8083333333333 0 0 0 "EG" 1994
8 1995 0 32.9183333333333 0 0 0 "EG" 1995
8 1996 0 32.6134615384615 0 0 0 "EG" 1996
8 1997 0 32.532 0 0 0 "EG" 1997
8 1998 0 34.8055555555556 0 0 0 "EG" 1998
8 2002 0 33.35 0 0 0 "EG" 2002
8 2003 0 32.9303571428571 0 0 0 "EG" 2003
8 2004 0 31.9035714285714 0 0 0 "EG" 2004
9 1973 0 30 0 0 0 "EG" 1973
9 1990 0 29.071875 0 0 0 "EG" 1990
9 1991 0 29.6521739130435 0 0 0 "EG" 1991
9 1992 0 28.9517857142857 0 0 0 "EG" 1992
9 1993 0 31.378 0 0 0 "EG" 1993
9 1994 0 31.225 0 0 0 "EG" 1994
9 1995 0 32.3954545454545 0 0 0 "EG" 1995
9 1996 0 32.3478260869565 0 0 0 "EG" 1996
9 1997 0 29.2178571428571 0 0 0 "EG" 1997
9 1998 0 32.025 0 0 0 "EG" 1998
9 1999 0 27.625 0 0 0 "EG" 1999
9 2002 0 32.375 0 0 0 "EG" 2002
9 2003 0 31.1133333333333 0 0 0 "EG" 2003
9 2004 0 29.318 0 0 0 "EG" 2004
10 1973 0 28.5 0 0 0 "EG" 1973
10 1990 0 25.3642857142857 0 0 0 "EG" 1990
10 1991 0 27.9568181818182 0 0 0 "EG" 1991
10 1992 0 28.2895833333333 0 0 0 "EG" 1992
10 1993 0 28.7462962962963 0 0 0 "EG" 1993
10 1994 0 29.9019230769231 0 0 0 "EG" 1994
10 1995 0 26.6689655172414 0 0 0 "EG" 1995
10 1996 0 26.3703703703704 0 0 0 "EG" 1996
10 1997 0 25.3942307692308 0 0 0 "EG" 1997
10 1998 0 27.7534482758621 0 0 0 "EG" 1998
10 1999 0 27.2115384615385 0 0 0 "EG" 1999
10 2002 0 27.3482142857143 0 0 0 "EG" 2002
10 2003 0 27.9533333333333 0 0 0 "EG" 2003
10 2004 0 27.8465517241379 0 0 0 "EG" 2004
11 1990 0 22.225 0 0 0 "EG" 1990
11 1991 0 20.61 0 0 0 "EG" 1991
11 1992 0 20.9738095238095 0 0 0 "EG" 1992
11 1993 0 23.0869565217391 0 0 0 "EG" 1993
11 1994 0 18.715 0 0 0 "EG" 1994
11 1995 0 18.4708333333333 0 0 0 "EG" 1995
11 1996 0 20.9 0 0 0 "EG" 1996
11 1997 0 20.5388888888889 0 0 0 "EG" 1997
11 1998 0 21.5809523809524 0 0 0 "EG" 1998
11 1999 0 21.9342105263158 0 0 0 "EG" 1999
11 2002 0 22.4673076923077 0 0 0 "EG" 2002
11 2003 0 21.1846153846154 0 0 0 "EG" 2003
11 2004 0 21.001724137931 0 0 0 "EG" 2004
12 1988 0 16.75 0 0 0 "EG" 1988
12 1990 0 18.8571428571429 0 0 0 "EG" 1990
12 1991 0 12.7642857142857 0 0 0 "EG" 1991
12 1992 0 14.22 0 0 0 "EG" 1992
12 1993 0 18.7551724137931 0 0 0 "EG" 1993
12 1994 0 14.3222222222222 0 0 0 "EG" 1994
12 1995 0 16.0608695652174 0 0 0 "EG" 1995
12 1996 1 16.2833333333333 0 0 0 "EG" 1996
12 1997 0 14.9258620689655 0 0 0 "EG" 1997
12 1998 0 17.5076923076923 0 0 0 "EG" 1998
12 1999 0 16.5214285714286 0 0 0 "EG" 1999
12 2002 0 16.052 0 0 0 "EG" 2002
12 2003 0 16.212 0 0 0 "EG" 2003
12 2004 0 16.14375 0 0 0 "EG" 2004
1 2004 0 19.2448275862069 0 0 0 "EG" 2004
1 2005 0 18.2517857142857 0 0 0 "EG" 2005
1 2019 0 21.85 0 0 0 "EG" 2019
2 2004 0 19.7739130434783 0 0 0 "EG" 2004
2 2005 0 18.8058823529412 0 0 0 "EG" 2005
2 2018 0 21.85 0 0 0 "EG" 2018
3 2003 0 20.05 0 0 0 "EG" 2003
3 2004 0 22.0145833333333 0 0 0 "EG" 2004
3 2005 0 22.606 0 0 0 "EG" 2005
3 2014 0 24 0 0 0 "EG" 2014
4 2004 0 25.0782608695652 0 0 0 "EG" 2004
4 2005 0 25.5538461538462 0 0 0 "EG" 2005
4 2017 0 29.35 0 0 0 "EG" 2017
5 2003 0 29.3333333333333 0 0 0 "EG" 2003
5 2004 0 28.9678571428571 0 0 0 "EG" 2004
5 2005 0 27.658 0 0 0 "EG" 2005
5 2017 0 27.2 0 0 0 "EG" 2017
6 2003 0 30.7925925925926 0 0 0 "EG" 2003
6 2004 0 30.1333333333333 0 0 0 "EG" 2004
6 2005 0 31.5333333333333 0 0 0 "EG" 2005
7 2003 0 32.4770833333333 0 0 0 "EG" 2003
7 2004 0 32.7791666666667 0 0 0 "EG" 2004
7 2005 0 32.1115384615385 0 0 0 "EG" 2005
8 2003 0 33.2071428571429 0 0 0 "EG" 2003
8 2004 0 32.7851851851852 0 0 0 "EG" 2004
9 2003 0 30.987037037037 0 0 0 "EG" 2003
9 2004 0 30.345652173913 0 0 0 "EG" 2004
10 2003 0 27.3425925925926 0 0 0 "EG" 2003
10 2004 0 28.0066666666667 0 0 0 "EG" 2004
11 2003 0 24.6395833333333 0 0 0 "EG" 2003
11 2004 0 25.1333333333333 0 0 0 "EG" 2004
11 2015 0 23.7 0 0 0 "EG" 2015
11 2018 22.1 25.1 0 0 0 "EG" 2018
12 2003 0 21.7 0 0 0 "EG" 2003
12 2004 0 20.9904761904762 0 0 0 "EG" 2004
12 2010 17.55 23.7 0 0 0 "EG" 2010
