"MONTH" "YEAR" "ave_precip_mo" "ave_mo_t" "opium_t" "mj_t" "coca_t" "fips" "year"
1 1970 13.8709677419355 26.1064516129032 0 0 0 "FG" 1970
1 1971 16.6774193548387 25.5790322580645 0 0 0 "FG" 1971
1 1972 13.4516129032258 25.5096774193548 0 0 0 "FG" 1972
1 1973 3.7741935483871 26.2661290322581 0 0 0 "FG" 1973
1 1974 26 25.2209677419355 0 0 0 "FG" 1974
1 1975 9.16129032258065 25.3548387096774 0 0 0 "FG" 1975
1 1976 26.7096774193548 25.4483870967742 0 0 0 "FG" 1976
1 1977 8.32258064516129 26.0048387096774 0 0 0 "FG" 1977
1 1978 12.4516129032258 25.6516129032258 0 0 0 "FG" 1978
1 1979 9.38709677419355 25.9774193548387 0 0 0 "FG" 1979
1 1980 14.1935483870968 26.1903225806452 0 0 0 "FG" 1980
1 1981 10.7096774193548 26.1290322580645 0 0 0 "FG" 1981
1 1982 10.7741935483871 25.9822580645161 0 0 0 "FG" 1982
1 1983 8.03225806451613 26.708064516129 0 0 0 "FG" 1983
1 1984 24.7096774193548 25.6854838709677 0 0 0 "FG" 1984
1 1985 7 25.9838709677419 0 0 0 "FG" 1985
1 1986 19.1935483870968 26.2032258064516 0 0 0 "FG" 1986
1 1987 7.25806451612903 26.8274193548387 0 0 0 "FG" 1987
1 1988 12.4516129032258 26.6096774193548 0 0 0 "FG" 1988
1 1989 23.9677419354839 25.6645161290323 0 0 0 "FG" 1989
1 1990 24.9677419354839 25.8741935483871 0 0 0 "FG" 1990
1 1991 11.7741935483871 26.7209677419355 0 0 0 "FG" 1991
1 1992 7.06451612903226 25.8451612903226 0 0 0 "FG" 1992
1 1993 14.9354838709677 25.591935483871 0 0 0 "FG" 1993
1 1994 14.3225806451613 25.6096774193548 0 0 0 "FG" 1994
1 1995 5.61290322580645 26.1403225806452 0 0 0 "FG" 1995
1 1996 19.6129032258065 26.208064516129 0 0 0 "FG" 1996
1 1997 29.2903225806452 25.7838709677419 0 0 0 "FG" 1997
1 1998 5.7741935483871 26.991935483871 0 0 0 "FG" 1998
1 1999 13.0645161290323 26.1274193548387 0 0 0 "FG" 1999
1 2000 28 25.558064516129 0 0 0 "FG" 2000
1 2001 1.2625 26.2375 0 0 0 "FG" 2001
1 2002 0.666666666666667 27.35 0 0 0 "FG" 2002
1 2003 3.61333333333333 26.44 0 0 0 "FG" 2003
1 2004 6.6 26.5125 0 0 0 "FG" 2004
1 2005 18.45 27.415625 0 0 0 "FG" 2005
1 2006 26.6684210526316 26.3 0 0 0 "FG" 2006
1 2007 6.815 27.1675 0 0 0 "FG" 2007
1 2008 9.96 26.38 0 0 0 "FG" 2008
1 2009 26.9 26.45 0 0 0 "FG" 2009
1 2010 4.64 27.06 0 0 0 "FG" 2010
1 2011 4.91818181818182 26.6772727272727 0 0 0 "FG" 2011
1 2012 18.32 26.47 0 0 0 "FG" 2012
1 2013 2.68571428571429 27.2071428571429 0 0 0 "FG" 2013
1 2014 19.9 25.9666666666667 0 0 0 "FG" 2014
1 2015 8.15384615384615 27.1076923076923 0 0 0 "FG" 2015
1 2016 0.855555555555556 27.0666666666667 0 0 0 "FG" 2016
1 2017 10.025 26.7625 0 0 0 "FG" 2017
1 2018 1.68333333333333 27.4 0 0 0 "FG" 2018
1 2019 4.76666666666667 25.65 0 0 0 "FG" 2019
2 1970 15.2857142857143 26.0267857142857 0 0 0 "FG" 1970
2 1971 20.75 25.3392857142857 0 0 0 "FG" 1971
2 1972 19.4137931034483 25.2120689655172 0 0 0 "FG" 1972
2 1973 7.03571428571429 26.3964285714286 0 0 0 "FG" 1973
2 1974 13.0357142857143 25.2875 0 0 0 "FG" 1974
2 1975 14.2142857142857 25.4482142857143 0 0 0 "FG" 1975
2 1976 21.1379310344828 25.1431034482759 0 0 0 "FG" 1976
2 1977 10.3571428571429 25.7767857142857 0 0 0 "FG" 1977
2 1978 8.03571428571429 26.1982142857143 0 0 0 "FG" 1978
2 1979 5.92857142857143 26.3160714285714 0 0 0 "FG" 1979
2 1980 0.793103448275862 25.8913793103448 0 0 0 "FG" 1980
2 1981 20 25.7857142857143 0 0 0 "FG" 1981
2 1982 9.85714285714286 26.1178571428571 0 0 0 "FG" 1982
2 1983 10.5 26.1428571428571 0 0 0 "FG" 1983
2 1984 3.86206896551724 26.4396551724138 0 0 0 "FG" 1984
2 1985 9.10714285714286 25.8446428571429 0 0 0 "FG" 1985
2 1986 5.67857142857143 26.5910714285714 0 0 0 "FG" 1986
2 1987 5.28571428571429 27.0803571428571 0 0 0 "FG" 1987
2 1988 9.10344827586207 26.6724137931034 0 0 0 "FG" 1988
2 1989 23.1785714285714 25.8875 0 0 0 "FG" 1989
2 1990 6.64285714285714 26.0928571428571 0 0 0 "FG" 1990
2 1991 7.57142857142857 26.7875 0 0 0 "FG" 1991
2 1992 15.8275862068966 25.9293103448276 0 0 0 "FG" 1992
2 1993 10.4642857142857 25.7571428571429 0 0 0 "FG" 1993
2 1994 9.07142857142857 25.9375 0 0 0 "FG" 1994
2 1995 2.46428571428571 25.8357142857143 0 0 0 "FG" 1995
2 1996 18.7931034482759 26.0431034482759 0 0 0 "FG" 1996
2 1997 21.6428571428571 25.7535714285714 0 0 0 "FG" 1997
2 1998 5.25 27.6357142857143 0 0 0 "FG" 1998
2 1999 18.2857142857143 26.2017857142857 0 0 0 "FG" 1999
2 2000 15.5172413793103 25.5637931034483 0 0 0 "FG" 2000
2 2001 0.5 26.45 0 0 0 "FG" 2001
2 2002 0.45 26.8125 0 0 0 "FG" 2002
2 2003 2.51428571428571 26.6678571428571 0 0 0 "FG" 2003
2 2004 3.75625 26.796875 0 0 0 "FG" 2004
2 2005 7.3 27.3733333333333 0 0 0 "FG" 2005
2 2006 10.3294117647059 26.6823529411765 0 0 0 "FG" 2006
2 2007 3.85238095238095 26.5880952380952 0 0 0 "FG" 2007
2 2008 16.2705882352941 26.2264705882353 0 0 0 "FG" 2008
2 2009 11.3285714285714 26.9357142857143 0 0 0 "FG" 2009
2 2010 6.91538461538462 27.3 0 0 0 "FG" 2010
2 2011 18.8 26.4214285714286 0 0 0 "FG" 2011
2 2012 21.6666666666667 25.9916666666667 0 0 0 "FG" 2012
2 2013 20.1428571428571 26.55 0 0 0 "FG" 2013
2 2014 13.1666666666667 26.7388888888889 0 0 0 "FG" 2014
2 2015 10.1125 26.7625 0 0 0 "FG" 2015
2 2016 2.74 27.59 0 0 0 "FG" 2016
2 2017 5.1 26.6730769230769 0 0 0 "FG" 2017
2 2018 12.9 25.8375 0 0 0 "FG" 2018
3 1970 27.8064516129032 25.7967741935484 0 0 0 "FG" 1970
3 1971 28.5161290322581 25.6112903225806 0 0 0 "FG" 1971
3 1972 7.48387096774194 25.9645161290323 0 0 0 "FG" 1972
3 1973 11.5483870967742 26.5822580645161 0 0 0 "FG" 1973
3 1974 13.2903225806452 25.5048387096774 0 0 0 "FG" 1974
3 1975 7.58064516129032 25.658064516129 0 0 0 "FG" 1975
3 1976 24.741935483871 25.5403225806452 0 0 0 "FG" 1976
3 1977 8.64516129032258 26.2903225806452 0 0 0 "FG" 1977
3 1978 11.9032258064516 25.791935483871 0 0 0 "FG" 1978
3 1979 21.9354838709677 25.9 0 0 0 "FG" 1979
3 1980 12.6774193548387 25.8693548387097 0 0 0 "FG" 1980
3 1981 2.67741935483871 26.258064516129 0 0 0 "FG" 1981
3 1982 20.7096774193548 26.2290322580645 0 0 0 "FG" 1982
3 1983 11.4838709677419 26.9516129032258 0 0 0 "FG" 1983
3 1984 8.35483870967742 26.1548387096774 0 0 0 "FG" 1984
3 1985 11 26.2403225806452 0 0 0 "FG" 1985
3 1986 7.51612903225806 26.4693548387097 0 0 0 "FG" 1986
3 1987 1.35483870967742 26.7177419354839 0 0 0 "FG" 1987
3 1988 8.90322580645161 26.4709677419355 0 0 0 "FG" 1988
3 1989 27.258064516129 25.7064516129032 0 0 0 "FG" 1989
3 1990 16.4193548387097 26.6161290322581 0 0 0 "FG" 1990
3 1991 5.25806451612903 26.5241935483871 0 0 0 "FG" 1991
3 1992 10.1290322580645 26.358064516129 0 0 0 "FG" 1992
3 1993 10.9032258064516 25.9935483870968 0 0 0 "FG" 1993
3 1994 16.1935483870968 26.0064516129032 0 0 0 "FG" 1994
3 1995 11.258064516129 26.15 0 0 0 "FG" 1995
3 1996 15.8064516129032 26.3903225806452 0 0 0 "FG" 1996
3 1997 8.32258064516129 26.1629032258065 0 0 0 "FG" 1997
3 1998 3.61290322580645 27.4629032258065 0 0 0 "FG" 1998
3 1999 10.1935483870968 26.4596774193548 0 0 0 "FG" 1999
3 2000 8.64516129032258 26.1612903225806 0 0 0 "FG" 2000
3 2001 0.925 26.6833333333333 0 0 0 "FG" 2001
3 2002 0 26.25 0 0 0 "FG" 2002
3 2003 8.53125 26.709375 0 0 0 "FG" 2003
3 2004 8.37777777777778 27.0666666666667 0 0 0 "FG" 2004
3 2005 4.5 27.290625 0 0 0 "FG" 2005
3 2006 12.688 26.978 0 0 0 "FG" 2006
3 2007 14.528 26.76 0 0 0 "FG" 2007
3 2008 6.73846153846154 25.9076923076923 0 0 0 "FG" 2008
3 2009 17.1133333333333 27.2366666666667 0 0 0 "FG" 2009
3 2010 6.62 28.22 0 0 0 "FG" 2010
3 2011 13.29 26.89 0 0 0 "FG" 2011
3 2012 4.52222222222222 27 0 0 0 "FG" 2012
3 2013 5.64285714285714 27.6607142857143 0 0 0 "FG" 2013
3 2014 3.43333333333333 26.9444444444444 0 0 0 "FG" 2014
3 2015 8.01428571428571 26.4928571428571 0 0 0 "FG" 2015
3 2016 4.38461538461539 27.5730769230769 0 0 0 "FG" 2016
3 2017 5.67142857142857 27.1 0 0 0 "FG" 2017
3 2018 2.4 27.4833333333333 0 0 0 "FG" 2018
4 1970 24.8666666666667 26.2133333333333 0 0 0 "FG" 1970
4 1971 14.8333333333333 25.8 0 0 0 "FG" 1971
4 1972 17.0666666666667 25.8816666666667 0 0 0 "FG" 1972
4 1973 10.9 26.4983333333333 0 0 0 "FG" 1973
4 1974 9.53333333333333 25.5633333333333 0 0 0 "FG" 1974
4 1975 9.9 25.9983333333333 0 0 0 "FG" 1975
4 1976 25.5333333333333 25.805 0 0 0 "FG" 1976
4 1977 16.7 26.39 0 0 0 "FG" 1977
4 1978 8.96666666666667 26.5666666666667 0 0 0 "FG" 1978
4 1979 19.4666666666667 26.645 0 0 0 "FG" 1979
4 1980 21.6666666666667 26.3633333333333 0 0 0 "FG" 1980
4 1981 15.2 26.7466666666667 0 0 0 "FG" 1981
4 1982 17.1 26.45 0 0 0 "FG" 1982
4 1983 25.6 27.0416666666667 0 0 0 "FG" 1983
4 1984 10.2333333333333 26.6783333333333 0 0 0 "FG" 1984
4 1985 5.56666666666667 26.5283333333333 0 0 0 "FG" 1985
4 1986 3.33333333333333 27.175 0 0 0 "FG" 1986
4 1987 11.9666666666667 27.3266666666667 0 0 0 "FG" 1987
4 1988 6.93333333333333 27.185 0 0 0 "FG" 1988
4 1989 13 26.7833333333333 0 0 0 "FG" 1989
4 1990 30.8666666666667 26.3816666666667 0 0 0 "FG" 1990
4 1991 7.16666666666667 27.3683333333333 0 0 0 "FG" 1991
4 1992 12.3666666666667 26.7966666666667 0 0 0 "FG" 1992
4 1993 16.6 26.3316666666667 0 0 0 "FG" 1993
4 1994 24.2666666666667 25.9283333333333 0 0 0 "FG" 1994
4 1995 3.46666666666667 27.16 0 0 0 "FG" 1995
4 1996 4.2 26.8883333333333 0 0 0 "FG" 1996
4 1997 9 26.68 0 0 0 "FG" 1997
4 1998 21.2333333333333 27.56 0 0 0 "FG" 1998
4 1999 15.1333333333333 26.4916666666667 0 0 0 "FG" 1999
4 2000 29.1333333333333 26.06 0 0 0 "FG" 2000
4 2001 0.125 27.1375 0 0 0 "FG" 2001
4 2002 1.7 27.1833333333333 0 0 0 "FG" 2002
4 2003 10.7285714285714 27.225 0 0 0 "FG" 2003
4 2004 6.08571428571429 27.55 0 0 0 "FG" 2004
4 2005 23.2727272727273 27.1681818181818 0 0 0 "FG" 2005
4 2006 19.7090909090909 26.6318181818182 0 0 0 "FG" 2006
4 2007 15.5947368421053 27.0736842105263 0 0 0 "FG" 2007
4 2008 11.3380952380952 26.8571428571429 0 0 0 "FG" 2008
4 2009 10.94 27.1566666666667 0 0 0 "FG" 2009
4 2010 13.6538461538462 28.1076923076923 0 0 0 "FG" 2010
4 2011 2.075 27.4541666666667 0 0 0 "FG" 2011
4 2012 10.43 27.32 0 0 0 "FG" 2012
4 2013 26.6857142857143 27.4857142857143 0 0 0 "FG" 2013
4 2014 2.4 27.6107142857143 0 0 0 "FG" 2014
4 2015 2.12 27.44 0 0 0 "FG" 2015
4 2016 17.7333333333333 27.75 0 0 0 "FG" 2016
4 2017 2.5 27.41 0 0 0 "FG" 2017
4 2018 1.62 27.57 0 0 0 "FG" 2018
5 1970 20.7096774193548 26.4177419354839 0 0 0 "FG" 1970
5 1971 21.3870967741935 25.7806451612903 0 0 0 "FG" 1971
5 1972 21.4516129032258 26.0451612903226 0 0 0 "FG" 1972
5 1973 30.5161290322581 25.9790322580645 0 0 0 "FG" 1973
5 1974 10.4193548387097 25.9806451612903 0 0 0 "FG" 1974
5 1975 12.5806451612903 25.9951612903226 0 0 0 "FG" 1975
5 1976 29.9354838709677 25.6483870967742 0 0 0 "FG" 1976
5 1977 22.7096774193548 26.0677419354839 0 0 0 "FG" 1977
5 1978 14.5483870967742 26.5387096774194 0 0 0 "FG" 1978
5 1979 13.0645161290323 26.4629032258065 0 0 0 "FG" 1979
5 1980 17.1612903225806 26.3951612903226 0 0 0 "FG" 1980
5 1981 15.9354838709677 26.2048387096774 0 0 0 "FG" 1981
5 1982 24.741935483871 26.0903225806452 0 0 0 "FG" 1982
5 1983 12.741935483871 27.4145161290323 0 0 0 "FG" 1983
5 1984 32.8387096774194 25.6532258064516 0 0 0 "FG" 1984
5 1985 18.6774193548387 26.6516129032258 0 0 0 "FG" 1985
5 1986 18.8709677419355 26.6790322580645 0 0 0 "FG" 1986
5 1987 13.6129032258065 27.0548387096774 0 0 0 "FG" 1987
5 1988 16.1935483870968 26.7838709677419 0 0 0 "FG" 1988
5 1989 20.0322580645161 26.3806451612903 0 0 0 "FG" 1989
5 1990 28.5483870967742 26.8870967741935 0 0 0 "FG" 1990
5 1991 18.741935483871 26.941935483871 0 0 0 "FG" 1991
5 1992 13.7741935483871 26.808064516129 0 0 0 "FG" 1992
5 1993 18.5806451612903 26.5096774193548 0 0 0 "FG" 1993
5 1994 22.1935483870968 25.9467741935484 0 0 0 "FG" 1994
5 1995 14.0322580645161 26.8741935483871 0 0 0 "FG" 1995
5 1996 16.8709677419355 26.7709677419355 0 0 0 "FG" 1996
5 1997 20.3870967741935 26.3983870967742 0 0 0 "FG" 1997
5 1998 13.3870967741935 27.4774193548387 0 0 0 "FG" 1998
5 1999 18.1935483870968 26.4774193548387 0 0 0 "FG" 1999
5 2000 18.1612903225806 26.4096774193548 0 0 0 "FG" 2000
5 2001 1.65 27.2416666666667 0 0 0 "FG" 2001
5 2002 1.39 27.28 0 0 0 "FG" 2002
5 2003 16.5 27.065 0 0 0 "FG" 2003
5 2004 8.42857142857143 27.6214285714286 0 0 0 "FG" 2004
5 2005 15.9 27.575 0 0 0 "FG" 2005
5 2006 19.6904761904762 26.7809523809524 0 0 0 "FG" 2006
5 2007 23.1368421052632 26.9894736842105 0 0 0 "FG" 2007
5 2008 29.8 26.6730769230769 0 0 0 "FG" 2008
5 2009 2.98333333333333 27.3027777777778 0 0 0 "FG" 2009
5 2010 33 27.8333333333333 0 0 0 "FG" 2010
5 2011 26.8571428571429 27.5607142857143 0 0 0 "FG" 2011
5 2012 15.8307692307692 27.2961538461538 0 0 0 "FG" 2012
5 2013 15.07 27.395 0 0 0 "FG" 2013
5 2014 2.17777777777778 27.3555555555556 0 0 0 "FG" 2014
5 2015 18.9 27.0409090909091 0 0 0 "FG" 2015
5 2016 4.33333333333333 27.9083333333333 0 0 0 "FG" 2016
5 2017 0.4 26.7 0 0 0 "FG" 2017
6 1970 14.3 26.11 0 0 0 "FG" 1970
6 1971 25.5 25.515 0 0 0 "FG" 1971
6 1972 19.5666666666667 26.05 0 0 0 "FG" 1972
6 1973 21.9666666666667 26.0683333333333 0 0 0 "FG" 1973
6 1974 16.3666666666667 25.3433333333333 0 0 0 "FG" 1974
6 1975 26.7333333333333 25.1566666666667 0 0 0 "FG" 1975
6 1976 19.4 25.7716666666667 0 0 0 "FG" 1976
6 1977 11.2666666666667 25.8716666666667 0 0 0 "FG" 1977
6 1978 13.3 25.9366666666667 0 0 0 "FG" 1978
6 1979 10.1666666666667 26.1533333333333 0 0 0 "FG" 1979
6 1980 13.3 26.5133333333333 0 0 0 "FG" 1980
6 1981 12.6666666666667 26.2516666666667 0 0 0 "FG" 1981
6 1982 10.0666666666667 26.49 0 0 0 "FG" 1982
6 1983 9.86666666666667 27.0033333333333 0 0 0 "FG" 1983
6 1984 13.7333333333333 26.1433333333333 0 0 0 "FG" 1984
6 1985 22.6333333333333 25.9683333333333 0 0 0 "FG" 1985
6 1986 16.5333333333333 26.1083333333333 0 0 0 "FG" 1986
6 1987 9.76666666666667 27.0933333333333 0 0 0 "FG" 1987
6 1988 14.4 26.77 0 0 0 "FG" 1988
6 1989 23.7 26.1266666666667 0 0 0 "FG" 1989
6 1990 13.6 26.7283333333333 0 0 0 "FG" 1990
6 1991 21 26.7733333333333 0 0 0 "FG" 1991
6 1992 7.43333333333333 26.425 0 0 0 "FG" 1992
6 1993 15 26.1783333333333 0 0 0 "FG" 1993
6 1994 11.7333333333333 26.065 0 0 0 "FG" 1994
6 1995 10.8 26.755 0 0 0 "FG" 1995
6 1996 15.1 26.41 0 0 0 "FG" 1996
6 1997 9.13333333333333 26.6633333333333 0 0 0 "FG" 1997
6 1998 11.1666666666667 27.055 0 0 0 "FG" 1998
6 1999 14.2333333333333 26.3966666666667 0 0 0 "FG" 1999
6 2000 13.8666666666667 26.29 0 0 0 "FG" 2000
6 2001 3.8 27.15 0 0 0 "FG" 2001
6 2002 9.14444444444444 26.7833333333333 0 0 0 "FG" 2002
6 2003 14.175 27.08125 0 0 0 "FG" 2003
6 2004 11.2 26.7833333333333 0 0 0 "FG" 2004
6 2005 11.8 27.55 0 0 0 "FG" 2005
6 2006 23.0736842105263 26.5842105263158 0 0 0 "FG" 2006
6 2007 12.8842105263158 26.8447368421053 0 0 0 "FG" 2007
6 2008 9.02272727272727 26.8931818181818 0 0 0 "FG" 2008
6 2009 12.16875 27.28125 0 0 0 "FG" 2009
6 2010 4.19090909090909 27.5727272727273 0 0 0 "FG" 2010
6 2011 9.51666666666667 27.275 0 0 0 "FG" 2011
6 2012 7.35555555555556 27.3111111111111 0 0 0 "FG" 2012
6 2013 10.16 27.18 0 0 0 "FG" 2013
6 2014 12.5818181818182 27.5954545454545 0 0 0 "FG" 2014
6 2015 19.1 27.4166666666667 0 0 0 "FG" 2015
6 2016 13.7125 27.44375 0 0 0 "FG" 2016
6 2017 14.2333333333333 27.6666666666667 0 0 0 "FG" 2017
7 1970 8.51612903225806 26.2290322580645 0 0 0 "FG" 1970
7 1971 8.58064516129032 25.7790322580645 0 0 0 "FG" 1971
7 1972 5.38709677419355 26.2564516129032 0 0 0 "FG" 1972
7 1973 9.54838709677419 26.308064516129 0 0 0 "FG" 1973
7 1974 8.74193548387097 25.6096774193548 0 0 0 "FG" 1974
7 1975 11.2903225806452 25.708064516129 0 0 0 "FG" 1975
7 1976 7.35483870967742 25.8370967741935 0 0 0 "FG" 1976
7 1977 10.1935483870968 25.8887096774194 0 0 0 "FG" 1977
7 1978 6.41935483870968 26.4548387096774 0 0 0 "FG" 1978
7 1979 14.1290322580645 26.1854838709677 0 0 0 "FG" 1979
7 1980 5.83870967741935 26.5564516129032 0 0 0 "FG" 1980
7 1981 12.6451612903226 26.0193548387097 0 0 0 "FG" 1981
7 1982 5.64516129032258 26.3064516129032 0 0 0 "FG" 1982
7 1983 4.58064516129032 27.1032258064516 0 0 0 "FG" 1983
7 1984 10.9032258064516 26.2870967741936 0 0 0 "FG" 1984
7 1985 8.35483870967742 26.3 0 0 0 "FG" 1985
7 1986 6.06451612903226 26.3387096774194 0 0 0 "FG" 1986
7 1987 10.1290322580645 27.0935483870968 0 0 0 "FG" 1987
7 1988 5.67741935483871 26.4403225806452 0 0 0 "FG" 1988
7 1989 7.38709677419355 26.5612903225806 0 0 0 "FG" 1989
7 1990 5.32258064516129 26.6032258064516 0 0 0 "FG" 1990
7 1991 9.70967741935484 26.4661290322581 0 0 0 "FG" 1991
7 1992 5.74193548387097 25.8403225806452 0 0 0 "FG" 1992
7 1993 6.80645161290323 26.4290322580645 0 0 0 "FG" 1993
7 1994 9.12903225806452 26.3096774193548 0 0 0 "FG" 1994
7 1995 8.09677419354839 26.4661290322581 0 0 0 "FG" 1995
7 1996 10.2903225806452 26.7016129032258 0 0 0 "FG" 1996
7 1997 5.80645161290323 26.708064516129 0 0 0 "FG" 1997
7 1998 5.96774193548387 27.2016129032258 0 0 0 "FG" 1998
7 1999 7.51612903225806 26.7258064516129 0 0 0 "FG" 1999
7 2000 6.09677419354839 26.4725806451613 0 0 0 "FG" 2000
7 2001 6.14285714285714 27.3 0 0 0 "FG" 2001
7 2002 0.525 27.1625 0 0 0 "FG" 2002
7 2003 9.25 26.87 0 0 0 "FG" 2003
7 2004 6.38333333333333 27.0833333333333 0 0 0 "FG" 2004
7 2005 4.84545454545455 27.3818181818182 0 0 0 "FG" 2005
7 2006 10.395 26.935 0 0 0 "FG" 2006
7 2007 7.64782608695652 27.1217391304348 0 0 0 "FG" 2007
7 2008 18.5882352941176 26.5676470588235 0 0 0 "FG" 2008
7 2009 4.64285714285714 26.9678571428571 0 0 0 "FG" 2009
7 2010 8.34166666666667 27.4 0 0 0 "FG" 2010
7 2011 6.4875 27.396875 0 0 0 "FG" 2011
7 2012 10.11 27.125 0 0 0 "FG" 2012
7 2013 6.11428571428571 27.4357142857143 0 0 0 "FG" 2013
7 2014 0.5 27.005 0 0 0 "FG" 2014
7 2015 5.64615384615385 27.4576923076923 0 0 0 "FG" 2015
7 2016 3.10909090909091 27.5681818181818 0 0 0 "FG" 2016
7 2017 12 27.3333333333333 0 0 0 "FG" 2017
7 2018 15.1666666666667 27.3833333333333 0 0 0 "FG" 2018
8 1970 4.80645161290323 26.1774193548387 0 0 0 "FG" 1970
8 1971 5.83870967741935 26.0370967741936 0 0 0 "FG" 1971
8 1972 5.12903225806452 26.258064516129 0 0 0 "FG" 1972
8 1973 7.48387096774194 26.3983870967742 0 0 0 "FG" 1973
8 1974 5 25.9322580645161 0 0 0 "FG" 1974
8 1975 7.64516129032258 25.8903225806452 0 0 0 "FG" 1975
8 1976 3 25.9403225806452 0 0 0 "FG" 1976
8 1977 5.90322580645161 26.508064516129 0 0 0 "FG" 1977
8 1978 8.93548387096774 26.2 0 0 0 "FG" 1978
8 1979 4 26.5935483870968 0 0 0 "FG" 1979
8 1980 5.41935483870968 26.5870967741935 0 0 0 "FG" 1980
8 1981 7 26.4241935483871 0 0 0 "FG" 1981
8 1982 4.19354838709677 26.541935483871 0 0 0 "FG" 1982
8 1983 2.35483870967742 26.9822580645161 0 0 0 "FG" 1983
8 1984 5.51612903225806 26.55 0 0 0 "FG" 1984
8 1985 7.54838709677419 26.2338709677419 0 0 0 "FG" 1985
8 1986 4.54838709677419 26.7887096774194 0 0 0 "FG" 1986
8 1987 5.16129032258065 27.2338709677419 0 0 0 "FG" 1987
8 1988 9.19354838709677 27.2838709677419 0 0 0 "FG" 1988
8 1989 2.45161290322581 26.9290322580645 0 0 0 "FG" 1989
8 1990 4.80645161290323 27.0338709677419 0 0 0 "FG" 1990
8 1991 7.67741935483871 26.3193548387097 0 0 0 "FG" 1991
8 1992 2.90322580645161 26.541935483871 0 0 0 "FG" 1992
8 1993 8.25806451612903 26.4596774193548 0 0 0 "FG" 1993
8 1994 4.96774193548387 26.4354838709677 0 0 0 "FG" 1994
8 1995 5.29032258064516 27.2225806451613 0 0 0 "FG" 1995
8 1996 5.2258064516129 26.8435483870968 0 0 0 "FG" 1996
8 1997 2.06451612903226 26.8838709677419 0 0 0 "FG" 1997
8 1998 3.80645161290323 27.6467741935484 0 0 0 "FG" 1998
8 1999 5.58064516129032 26.9758064516129 0 0 0 "FG" 1999
8 2000 5.03225806451613 26.9387096774194 0 0 0 "FG" 2000
8 2001 3.66923076923077 27.0269230769231 0 0 0 "FG" 2001
8 2002 1.3 27.0571428571429 0 0 0 "FG" 2002
8 2003 1 27.5289473684211 0 0 0 "FG" 2003
8 2004 2.125 27.121875 0 0 0 "FG" 2004
8 2005 6.88181818181818 27.3681818181818 0 0 0 "FG" 2005
8 2006 3.31666666666667 27.4625 0 0 0 "FG" 2006
8 2007 6.25454545454545 27.4818181818182 0 0 0 "FG" 2007
8 2008 2.956 27.58 0 0 0 "FG" 2008
8 2009 3.36 27.5833333333333 0 0 0 "FG" 2009
8 2010 6.5 27.8692307692308 0 0 0 "FG" 2010
8 2011 6.97647058823529 27.5382352941176 0 0 0 "FG" 2011
8 2012 4.05454545454545 27.4681818181818 0 0 0 "FG" 2012
8 2013 1.99090909090909 27.6409090909091 0 0 0 "FG" 2013
8 2014 13.0727272727273 27.3454545454545 0 0 0 "FG" 2014
8 2015 8.41818181818182 27.8545454545455 0 0 0 "FG" 2015
8 2016 6.33 27.645 0 0 0 "FG" 2016
8 2017 1.03333333333333 28.0625 0 0 0 "FG" 2017
8 2018 1.78 27.34 0 0 0 "FG" 2018
9 1970 1.53333333333333 26.6033333333333 0 0 0 "FG" 1970
9 1971 1.9 26.225 0 0 0 "FG" 1971
9 1972 2.13333333333333 26.785 0 0 0 "FG" 1972
9 1973 4.7 26.6333333333333 0 0 0 "FG" 1973
9 1974 4 26.1816666666667 0 0 0 "FG" 1974
9 1975 7.13333333333333 25.905 0 0 0 "FG" 1975
9 1976 0.133333333333333 26.3816666666667 0 0 0 "FG" 1976
9 1977 4.36666666666667 26.6883333333333 0 0 0 "FG" 1977
9 1978 2.7 26.49 0 0 0 "FG" 1978
9 1979 4.03333333333333 26.5183333333333 0 0 0 "FG" 1979
9 1980 2.33333333333333 26.795 0 0 0 "FG" 1980
9 1981 2.36666666666667 26.935 0 0 0 "FG" 1981
9 1982 2.3 26.7583333333333 0 0 0 "FG" 1982
9 1983 2.13333333333333 27.12 0 0 0 "FG" 1983
9 1984 4.4 26.4733333333333 0 0 0 "FG" 1984
9 1985 2.9 26.84 0 0 0 "FG" 1985
9 1986 0.3 27.2116666666667 0 0 0 "FG" 1986
9 1987 0.6 27.455 0 0 0 "FG" 1987
9 1988 2.83333333333333 27.0066666666667 0 0 0 "FG" 1988
9 1989 1.06666666666667 27.105 0 0 0 "FG" 1989
9 1990 0.666666666666667 27.4183333333333 0 0 0 "FG" 1990
9 1991 2.76666666666667 26.7683333333333 0 0 0 "FG" 1991
9 1992 0.133333333333333 26.5083333333333 0 0 0 "FG" 1992
9 1993 0.8 26.4933333333333 0 0 0 "FG" 1993
9 1994 1.43333333333333 26.805 0 0 0 "FG" 1994
9 1995 1.96666666666667 27.105 0 0 0 "FG" 1995
9 1996 1.36666666666667 27.2166666666667 0 0 0 "FG" 1996
9 1997 0.133333333333333 27.2833333333333 0 0 0 "FG" 1997
9 1998 1.73333333333333 27.6583333333333 0 0 0 "FG" 1998
9 1999 2.56666666666667 27.3433333333333 0 0 0 "FG" 1999
9 2000 2.9 27.1166666666667 0 0 0 "FG" 2000
9 2001 1.31538461538462 27.4307692307692 0 0 0 "FG" 2001
9 2002 1.37222222222222 27.2944444444444 0 0 0 "FG" 2002
9 2003 2.34117647058824 27.7676470588235 0 0 0 "FG" 2003
9 2004 2.61578947368421 27.6394736842105 0 0 0 "FG" 2004
9 2005 5.24 27.69 0 0 0 "FG" 2005
9 2006 0.854166666666667 27.4458333333333 0 0 0 "FG" 2006
9 2007 1.21818181818182 27.4090909090909 0 0 0 "FG" 2007
9 2008 0.633333333333333 27.75 0 0 0 "FG" 2008
9 2009 0 27.7214285714286 0 0 0 "FG" 2009
9 2010 2.35454545454545 27.8954545454545 0 0 0 "FG" 2010
9 2011 1.78181818181818 27.4590909090909 0 0 0 "FG" 2011
9 2012 0.0625 27.703125 0 0 0 "FG" 2012
9 2013 4.12 27.785 0 0 0 "FG" 2013
9 2014 8.36666666666667 27.5 0 0 0 "FG" 2014
9 2015 0.141666666666667 28.1458333333333 0 0 0 "FG" 2015
9 2016 3.275 27.6375 0 0 0 "FG" 2016
9 2017 0.1 28.5666666666667 0 0 0 "FG" 2017
9 2018 1 27.7277777777778 0 0 0 "FG" 2018
10 1970 1.19354838709677 26.7467741935484 0 0 0 "FG" 1970
10 1971 4.90322580645161 26.3290322580645 0 0 0 "FG" 1971
10 1972 1.38709677419355 26.6532258064516 0 0 0 "FG" 1972
10 1973 9.67741935483871 26.9161290322581 0 0 0 "FG" 1973
10 1974 5.32258064516129 26.1564516129032 0 0 0 "FG" 1974
10 1975 1.48387096774194 26.3274193548387 0 0 0 "FG" 1975
10 1976 0.0967741935483871 26.408064516129 0 0 0 "FG" 1976
10 1977 2.90322580645161 26.8225806451613 0 0 0 "FG" 1977
10 1978 3.54838709677419 26.7516129032258 0 0 0 "FG" 1978
10 1979 1.19354838709677 27.0193548387097 0 0 0 "FG" 1979
10 1980 3.67741935483871 26.7903225806452 0 0 0 "FG" 1980
10 1981 3.83870967741935 26.7822580645161 0 0 0 "FG" 1981
10 1982 0.645161290322581 26.7887096774194 0 0 0 "FG" 1982
10 1983 0.870967741935484 26.9725806451613 0 0 0 "FG" 1983
10 1984 7.2258064516129 26.8387096774194 0 0 0 "FG" 1984
10 1985 2.96774193548387 26.8354838709677 0 0 0 "FG" 1985
10 1986 2.64516129032258 26.9403225806452 0 0 0 "FG" 1986
10 1987 1.48387096774194 27.6306451612903 0 0 0 "FG" 1987
10 1988 4.35483870967742 27.1290322580645 0 0 0 "FG" 1988
10 1989 4.09677419354839 27.1806451612903 0 0 0 "FG" 1989
10 1990 2.70967741935484 27.4661290322581 0 0 0 "FG" 1990
10 1991 0.67741935483871 26.4129032258065 0 0 0 "FG" 1991
10 1992 1.03225806451613 26.7983870967742 0 0 0 "FG" 1992
10 1993 2.45161290322581 26.8177419354839 0 0 0 "FG" 1993
10 1994 1.7741935483871 26.8677419354839 0 0 0 "FG" 1994
10 1995 1.45161290322581 27.0790322580645 0 0 0 "FG" 1995
10 1996 0.612903225806452 27.2112903225806 0 0 0 "FG" 1996
10 1997 0.225806451612903 27.8354838709677 0 0 0 "FG" 1997
10 1998 3.45161290322581 27.5629032258065 0 0 0 "FG" 1998
10 1999 1.35483870967742 27.5112903225806 0 0 0 "FG" 1999
10 2000 1.90322580645161 27.5645161290323 0 0 0 "FG" 2000
10 2001 0.942857142857143 27.5071428571429 0 0 0 "FG" 2001
10 2002 0.338095238095238 27.1095238095238 0 0 0 "FG" 2002
10 2003 1.17222222222222 27.5638888888889 0 0 0 "FG" 2003
10 2004 1.73157894736842 27.7447368421053 0 0 0 "FG" 2004
10 2005 1.67142857142857 27.7785714285714 0 0 0 "FG" 2005
10 2006 3.19583333333333 27.7333333333333 0 0 0 "FG" 2006
10 2007 1.72916666666667 27.5083333333333 0 0 0 "FG" 2007
10 2008 0.358823529411765 27.7088235294118 0 0 0 "FG" 2008
10 2009 1.8125 27.578125 0 0 0 "FG" 2009
10 2010 1.61538461538462 28.2538461538462 0 0 0 "FG" 2010
10 2011 6.1 27.7821428571429 0 0 0 "FG" 2011
10 2012 1.46923076923077 27.6730769230769 0 0 0 "FG" 2012
10 2013 7.52142857142857 27.4928571428571 0 0 0 "FG" 2013
10 2014 0.75 27.945 0 0 0 "FG" 2014
10 2015 3.49285714285714 27.95 0 0 0 "FG" 2015
10 2016 0.0857142857142857 27.7892857142857 0 0 0 "FG" 2016
10 2017 0.32 27.7933333333333 0 0 0 "FG" 2017
10 2018 0.433333333333333 27.8111111111111 0 0 0 "FG" 2018
11 1970 4.06666666666667 25.1733333333333 0 0 0 "FG" 1970
11 1971 4.2 25.97 0 0 0 "FG" 1971
11 1972 5.53333333333333 26.65 0 0 0 "FG" 1972
11 1973 6.96666666666667 26.285 0 0 0 "FG" 1973
11 1974 6.96666666666667 25.8783333333333 0 0 0 "FG" 1974
11 1975 4.63333333333333 26.115 0 0 0 "FG" 1975
11 1976 3.5 26.5333333333333 0 0 0 "FG" 1976
11 1977 7.26666666666667 26.5216666666667 0 0 0 "FG" 1977
11 1978 3.76666666666667 26.5166666666667 0 0 0 "FG" 1978
11 1979 3.63333333333333 26.6416666666667 0 0 0 "FG" 1979
11 1980 11.0666666666667 26.2466666666667 0 0 0 "FG" 1980
11 1981 4.43333333333333 26.8633333333333 0 0 0 "FG" 1981
11 1982 2.5 26.4766666666667 0 0 0 "FG" 1982
11 1983 1.96666666666667 26.855 0 0 0 "FG" 1983
11 1984 6.8 26.415 0 0 0 "FG" 1984
11 1985 5.43333333333333 26.8883333333333 0 0 0 "FG" 1985
11 1986 9.6 26.6666666666667 0 0 0 "FG" 1986
11 1987 2.6 27.3483333333333 0 0 0 "FG" 1987
11 1988 5.26666666666667 26.75 0 0 0 "FG" 1988
11 1989 6.43333333333333 26.94 0 0 0 "FG" 1989
11 1990 4.26666666666667 27.2966666666667 0 0 0 "FG" 1990
11 1991 0.8 26.3983333333333 0 0 0 "FG" 1991
11 1992 4.03333333333333 26.305 0 0 0 "FG" 1992
11 1993 3.36666666666667 26.835 0 0 0 "FG" 1993
11 1994 13.1333333333333 26.3583333333333 0 0 0 "FG" 1994
11 1995 4.33333333333333 27.0183333333333 0 0 0 "FG" 1995
11 1996 10.6 26.7433333333333 0 0 0 "FG" 1996
11 1997 1.56666666666667 27.5833333333333 0 0 0 "FG" 1997
11 1998 4.96666666666667 27.0583333333333 0 0 0 "FG" 1998
11 1999 0.9 27.1783333333333 0 0 0 "FG" 1999
11 2000 4.83333333333333 27.1633333333333 0 0 0 "FG" 2000
11 2001 0 27.075 0 0 0 "FG" 2001
11 2002 4.26470588235294 27.1529411764706 0 0 0 "FG" 2002
11 2003 4.01666666666667 27.5111111111111 0 0 0 "FG" 2003
11 2004 1.41304347826087 27.3565217391304 0 0 0 "FG" 2004
11 2005 2.82105263157895 27.6631578947368 0 0 0 "FG" 2005
11 2006 6.375 27.135 0 0 0 "FG" 2006
11 2007 3.284 27.196 0 0 0 "FG" 2007
11 2008 0.714285714285714 27.6142857142857 0 0 0 "FG" 2008
11 2009 1.49375 27.434375 0 0 0 "FG" 2009
11 2010 1.075 27.5208333333333 0 0 0 "FG" 2010
11 2011 10.6416666666667 27.125 0 0 0 "FG" 2011
11 2012 1.35454545454545 27.7045454545455 0 0 0 "FG" 2012
11 2013 3.76153846153846 27.3269230769231 0 0 0 "FG" 2013
11 2014 7.73076923076923 27.5576923076923 0 0 0 "FG" 2014
11 2015 1.31333333333333 27.6966666666667 0 0 0 "FG" 2015
11 2016 1.15833333333333 27.8208333333333 0 0 0 "FG" 2016
11 2017 2.33636363636364 27.5681818181818 0 0 0 "FG" 2017
11 2018 1.6 27.99 0 0 0 "FG" 2018
12 1970 10.5161290322581 25.9741935483871 0 0 0 "FG" 1970
12 1971 10.1290322580645 25.4677419354839 0 0 0 "FG" 1971
12 1972 10.8709677419355 26.1983870967742 0 0 0 "FG" 1972
12 1973 9.25806451612903 25.6693548387097 0 0 0 "FG" 1973
12 1974 13.6774193548387 25.5145161290323 0 0 0 "FG" 1974
12 1975 6.2258064516129 25.8967741935484 0 0 0 "FG" 1975
12 1976 16.9354838709677 26.0451612903226 0 0 0 "FG" 1976
12 1977 14.1612903225806 26.1822580645161 0 0 0 "FG" 1977
12 1978 20.7741935483871 25.7225806451613 0 0 0 "FG" 1978
12 1979 11.8709677419355 26.2870967741935 0 0 0 "FG" 1979
12 1980 10.5806451612903 25.9661290322581 0 0 0 "FG" 1980
12 1981 12.6451612903226 26.508064516129 0 0 0 "FG" 1981
12 1982 6.35483870967742 26.3435483870968 0 0 0 "FG" 1982
12 1983 16.2258064516129 26.1741935483871 0 0 0 "FG" 1983
12 1984 11.2258064516129 26.3516129032258 0 0 0 "FG" 1984
12 1985 14.7741935483871 26.2709677419355 0 0 0 "FG" 1985
12 1986 14 26.5467741935484 0 0 0 "FG" 1986
12 1987 8.96774193548387 27.2258064516129 0 0 0 "FG" 1987
12 1988 16.1935483870968 26.3032258064516 0 0 0 "FG" 1988
12 1989 10.4838709677419 26.5177419354839 0 0 0 "FG" 1989
12 1990 8.19354838709677 26.9951612903226 0 0 0 "FG" 1990
12 1991 6.7741935483871 26.4048387096774 0 0 0 "FG" 1991
12 1992 6.70967741935484 26.2854838709677 0 0 0 "FG" 1992
12 1993 7.48387096774194 26.2741935483871 0 0 0 "FG" 1993
12 1994 9.58064516129032 26.3532258064516 0 0 0 "FG" 1994
12 1995 5.51612903225806 26.6209677419355 0 0 0 "FG" 1995
12 1996 3.51612903225806 26.8645161290323 0 0 0 "FG" 1996
12 1997 10.6774193548387 26.7209677419355 0 0 0 "FG" 1997
12 1998 13.7096774193548 26.6870967741935 0 0 0 "FG" 1998
12 1999 9.2258064516129 26.7854838709677 0 0 0 "FG" 1999
12 2000 8.38709677419355 26.491935483871 0 0 0 "FG" 2000
12 2001 2.42857142857143 27.3642857142857 0 0 0 "FG" 2001
12 2002 15.9588235294118 26.9205882352941 0 0 0 "FG" 2002
12 2003 6.63529411764706 27.0617647058824 0 0 0 "FG" 2003
12 2004 1.08125 27.1625 0 0 0 "FG" 2004
12 2005 14.3111111111111 26.6944444444444 0 0 0 "FG" 2005
12 2006 16.22 26.5625 0 0 0 "FG" 2006
12 2007 12.895 26.61 0 0 0 "FG" 2007
12 2008 3.15833333333333 27.4875 0 0 0 "FG" 2008
12 2009 10.8214285714286 27.0464285714286 0 0 0 "FG" 2009
12 2010 10.99 27.14 0 0 0 "FG" 2010
12 2011 5.11176470588235 26.9441176470588 0 0 0 "FG" 2011
12 2012 0.96 27.335 0 0 0 "FG" 2012
12 2013 8.38333333333333 26.9875 0 0 0 "FG" 2013
12 2014 3.025 27.1541666666667 0 0 0 "FG" 2014
12 2015 8.45454545454546 27.5090909090909 0 0 0 "FG" 2015
12 2016 15.0285714285714 27.65 0 0 0 "FG" 2016
12 2017 0.6 27.0333333333333 0 0 0 "FG" 2017
12 2018 4.92857142857143 26.5214285714286 0 0 0 "FG" 2018
1 1974 5.38 24.9 0 0 0 "FG" 1974
1 1977 2.2 25.8333333333333 0 0 0 "FG" 1977
1 1978 2.97142857142857 25.2857142857143 0 0 0 "FG" 1978
1 1979 4.98 26.5 0 0 0 "FG" 1979
1 1980 2.3 27 0 0 0 "FG" 1980
1 1981 0 25.25 0 0 0 "FG" 1981
1 1982 2.55 26.65 0 0 0 "FG" 1982
1 1983 18.6777777777778 25.7777777777778 0 0 0 "FG" 1983
1 1984 17.01 25.665 0 0 0 "FG" 1984
1 1985 3.125 25.9625 0 0 0 "FG" 1985
1 1986 2.4 25.7928571428571 0 0 0 "FG" 1986
1 1987 5.9 26.1388888888889 0 0 0 "FG" 1987
1 1989 5.1 26.75 0 0 0 "FG" 1989
1 1991 5.4 26.3428571428571 0 0 0 "FG" 1991
1 1992 0 25.55 0 0 0 "FG" 1992
1 1993 5.14666666666667 25.9866666666667 0 0 0 "FG" 1993
1 1994 3.07777777777778 26.2777777777778 0 0 0 "FG" 1994
1 1995 3.6625 26.78125 0 0 0 "FG" 1995
1 1996 6.85454545454545 26.7318181818182 0 0 0 "FG" 1996
1 1997 9.6 26.42 0 0 0 "FG" 1997
1 1998 0.571428571428571 27 0 0 0 "FG" 1998
1 2001 0 26.05 0 0 0 "FG" 2001
1 2002 0 26.45 0 0 0 "FG" 2002
1 2003 1.125 26.35 0 0 0 "FG" 2003
1 2004 1.95 26.809375 0 0 0 "FG" 2004
1 2005 12.19375 27.503125 0 0 0 "FG" 2005
1 2006 18.8666666666667 26.7566666666667 0 0 0 "FG" 2006
1 2009 8.115 27.1275 0 0 0 "FG" 2009
1 2010 4.95555555555556 26.3777777777778 0 0 0 "FG" 2010
1 2011 2.208 26.436 0 0 0 "FG" 2011
1 2012 8.07083333333333 26.4395833333333 0 0 0 "FG" 2012
1 2013 3.04583333333333 26.7583333333333 0 0 0 "FG" 2013
1 2014 5.06086956521739 26.2304347826087 0 0 0 "FG" 2014
1 2015 9.27142857142857 26.2404761904762 0 0 0 "FG" 2015
1 2016 0.868965517241379 26.6068965517241 0 0 0 "FG" 2016
2 1974 2.275 25.5 0 0 0 "FG" 1974
2 1977 3.41428571428571 25.4285714285714 0 0 0 "FG" 1977
2 1978 12.8714285714286 25.9285714285714 0 0 0 "FG" 1978
2 1979 0.5 26 0 0 0 "FG" 1979
2 1980 0 25.25 0 0 0 "FG" 1980
2 1981 15.1166666666667 25.9166666666667 0 0 0 "FG" 1981
2 1982 7.32857142857143 26.3714285714286 0 0 0 "FG" 1982
2 1983 10.4 26.395 0 0 0 "FG" 1983
2 1984 10.2 25.9416666666667 0 0 0 "FG" 1984
2 1985 4.35833333333333 25.1 0 0 0 "FG" 1985
2 1986 7.5 25.7909090909091 0 0 0 "FG" 1986
2 1987 4.05 26.2 0 0 0 "FG" 1987
2 1989 12.6 25.875 0 0 0 "FG" 1989
2 1991 10.3666666666667 26.2916666666667 0 0 0 "FG" 1991
2 1992 7.61 26.395 0 0 0 "FG" 1992
2 1993 7.14166666666667 26.1208333333333 0 0 0 "FG" 1993
2 1994 8.18421052631579 26.2368421052632 0 0 0 "FG" 1994
2 1995 0.433333333333333 26.1416666666667 0 0 0 "FG" 1995
2 1997 13.5230769230769 26.2346153846154 0 0 0 "FG" 1997
2 1998 3.59166666666667 27.6416666666667 0 0 0 "FG" 1998
2 2002 1 26.5833333333333 0 0 0 "FG" 2002
2 2004 3.8 26.6466666666667 0 0 0 "FG" 2004
2 2005 3.81333333333333 27.3766666666667 0 0 0 "FG" 2005
2 2006 3.12 26.8275 0 0 0 "FG" 2006
2 2009 4.525 26.75 0 0 0 "FG" 2009
2 2010 3.34285714285714 26.8071428571429 0 0 0 "FG" 2010
2 2011 11.4272727272727 26.325 0 0 0 "FG" 2011
2 2012 9.44545454545455 25.9704545454545 0 0 0 "FG" 2012
2 2013 13.45 26.678125 0 0 0 "FG" 2013
2 2014 23.7285714285714 26.5357142857143 0 0 0 "FG" 2014
2 2015 3.48235294117647 26.3617647058824 0 0 0 "FG" 2015
2 2016 5.90454545454545 26.9863636363636 0 0 0 "FG" 2016
3 1974 3.8 25.625 0 0 0 "FG" 1974
3 1977 0.5 26.25 0 0 0 "FG" 1977
3 1978 2.56666666666667 26.0555555555556 0 0 0 "FG" 1978
3 1979 36.125 26.75 0 0 0 "FG" 1979
3 1980 0.125 25.875 0 0 0 "FG" 1980
3 1981 0.646153846153846 26.8076923076923 0 0 0 "FG" 1981
3 1982 10.9 25.5 0 0 0 "FG" 1982
3 1983 9.35 26.98 0 0 0 "FG" 1983
3 1984 1.4875 26.8 0 0 0 "FG" 1984
3 1985 4.6375 26.025 0 0 0 "FG" 1985
3 1986 0.575 26.325 0 0 0 "FG" 1986
3 1987 4.95 27 0 0 0 "FG" 1987
3 1989 48 25.2 0 0 0 "FG" 1989
3 1990 7.9 26.75 0 0 0 "FG" 1990
3 1991 4.78 26.29 0 0 0 "FG" 1991
3 1992 4.64285714285714 26.6785714285714 0 0 0 "FG" 1992
3 1993 8.90526315789474 26.4578947368421 0 0 0 "FG" 1993
3 1994 5.22857142857143 26.7357142857143 0 0 0 "FG" 1994
3 1995 5.55333333333333 27.07 0 0 0 "FG" 1995
3 1998 12.95 26.65 0 0 0 "FG" 1998
3 2004 1.4 27.0769230769231 0 0 0 "FG" 2004
3 2005 4.0578947368421 27.3868421052632 0 0 0 "FG" 2005
3 2006 1.065 26.8075 0 0 0 "FG" 2006
3 2009 9.34761904761905 27.2785714285714 0 0 0 "FG" 2009
3 2010 8.51428571428571 27.3642857142857 0 0 0 "FG" 2010
3 2011 6.7125 26.5104166666667 0 0 0 "FG" 2011
3 2012 7.92916666666667 26.4333333333333 0 0 0 "FG" 2012
3 2013 1.71578947368421 27.0789473684211 0 0 0 "FG" 2013
3 2014 3.595 26.585 0 0 0 "FG" 2014
3 2015 6.90869565217391 26.6413043478261 0 0 0 "FG" 2015
3 2016 6.32 27.392 0 0 0 "FG" 2016
4 1977 8 26 0 0 0 "FG" 1977
4 1978 10.3727272727273 26.4090909090909 0 0 0 "FG" 1978
4 1979 5.45 26.5 0 0 0 "FG" 1979
4 1980 9.55 26.75 0 0 0 "FG" 1980
4 1981 24.6666666666667 26.1666666666667 0 0 0 "FG" 1981
4 1982 17 26.725 0 0 0 "FG" 1982
4 1983 14.6933333333333 26.93 0 0 0 "FG" 1983
4 1984 3.85 26.52 0 0 0 "FG" 1984
4 1985 16 26.3 0 0 0 "FG" 1985
4 1986 1.83333333333333 26.5166666666667 0 0 0 "FG" 1986
4 1987 14.6666666666667 27.8666666666667 0 0 0 "FG" 1987
4 1988 4.1 27.05 0 0 0 "FG" 1988
4 1990 14 26.05 0 0 0 "FG" 1990
4 1991 7.325 26.83125 0 0 0 "FG" 1991
4 1992 5.89230769230769 27.0615384615385 0 0 0 "FG" 1992
4 1993 4.61 26.845 0 0 0 "FG" 1993
4 1994 27.9769230769231 26.5038461538462 0 0 0 "FG" 1994
4 1995 10.4111111111111 27.1888888888889 0 0 0 "FG" 1995
4 1996 3.025 27.2625 0 0 0 "FG" 1996
4 1997 1.50833333333333 27.3333333333333 0 0 0 "FG" 1997
4 1998 9.67777777777778 27.9944444444444 0 0 0 "FG" 1998
4 1999 0 27.2 0 0 0 "FG" 1999
4 2001 0.5 27.3 0 0 0 "FG" 2001
4 2002 0 27.075 0 0 0 "FG" 2002
4 2005 11.2611111111111 27.3388888888889 0 0 0 "FG" 2005
4 2006 2.61052631578947 27.2473684210526 0 0 0 "FG" 2006
4 2009 10.6 27.1578947368421 0 0 0 "FG" 2009
4 2010 6.20769230769231 27.7134615384615 0 0 0 "FG" 2010
4 2011 0.690909090909091 27.3522727272727 0 0 0 "FG" 2011
4 2012 8.905 27.2175 0 0 0 "FG" 2012
4 2013 11.8958333333333 27.2354166666667 0 0 0 "FG" 2013
4 2014 4.64736842105263 26.9894736842105 0 0 0 "FG" 2014
4 2015 0.183333333333333 26.5833333333333 0 0 0 "FG" 2015
4 2016 7.41904761904762 27.5095238095238 0 0 0 "FG" 2016
5 1977 9.7 26.625 0 0 0 "FG" 1977
5 1978 13.69 26.7 0 0 0 "FG" 1978
5 1979 0.666666666666667 27.1666666666667 0 0 0 "FG" 1979
5 1980 2.71428571428571 27.1428571428571 0 0 0 "FG" 1980
5 1981 11.1 27.15 0 0 0 "FG" 1981
5 1982 7.975 26.95 0 0 0 "FG" 1982
5 1983 11.2857142857143 27.1714285714286 0 0 0 "FG" 1983
5 1984 11.8818181818182 26.4318181818182 0 0 0 "FG" 1984
5 1985 8.9 27.15 0 0 0 "FG" 1985
5 1986 9.8125 26.75625 0 0 0 "FG" 1986
5 1987 8.62 27.08 0 0 0 "FG" 1987
5 1988 10.9 26.85 0 0 0 "FG" 1988
5 1990 33.4 26.025 0 0 0 "FG" 1990
5 1991 5.74 27.25 0 0 0 "FG" 1991
5 1992 11.125 27.0875 0 0 0 "FG" 1992
5 1993 9.09333333333333 27.0433333333333 0 0 0 "FG" 1993
5 1994 14.05 26.884375 0 0 0 "FG" 1994
5 1995 11.5761904761905 27.1309523809524 0 0 0 "FG" 1995
5 1996 11.63 28.085 0 0 0 "FG" 1996
5 1997 3.41764705882353 28.0617647058824 0 0 0 "FG" 1997
5 1998 7.71764705882353 28.3294117647059 0 0 0 "FG" 1998
5 2000 13.48 26.87 0 0 0 "FG" 2000
5 2002 7.78181818181818 27.2 0 0 0 "FG" 2002
5 2004 0 27.025 0 0 0 "FG" 2004
5 2006 9.22 27.2766666666667 0 0 0 "FG" 2006
5 2009 3.084 27.834 0 0 0 "FG" 2009
5 2010 13.2615384615385 27.7057692307692 0 0 0 "FG" 2010
5 2011 8.97272727272727 27.5068181818182 0 0 0 "FG" 2011
5 2012 10.5 27.31 0 0 0 "FG" 2012
5 2013 21.4166666666667 27.2333333333333 0 0 0 "FG" 2013
5 2014 7.92105263157895 27.1473684210526 0 0 0 "FG" 2014
5 2015 15.0176470588235 27.0852941176471 0 0 0 "FG" 2015
5 2016 14.6652173913043 27.8739130434783 0 0 0 "FG" 2016
6 1977 8.425 26.4375 0 0 0 "FG" 1977
6 1978 0 27.5 0 0 0 "FG" 1978
6 1979 10.4166666666667 27.25 0 0 0 "FG" 1979
6 1980 9.55 27.5 0 0 0 "FG" 1980
6 1981 35.4666666666667 27.0555555555556 0 0 0 "FG" 1981
6 1982 10.72 26.68 0 0 0 "FG" 1982
6 1983 10.70625 26.98125 0 0 0 "FG" 1983
6 1984 13.74375 26.365625 0 0 0 "FG" 1984
6 1985 14.6666666666667 26.45 0 0 0 "FG" 1985
6 1986 6.04 26.7 0 0 0 "FG" 1986
6 1987 10.1888888888889 27.7666666666667 0 0 0 "FG" 1987
6 1988 3 27.45 0 0 0 "FG" 1988
6 1990 18 27.4 0 0 0 "FG" 1990
6 1991 22.88 26.57 0 0 0 "FG" 1991
6 1992 7.58 27.05 0 0 0 "FG" 1992
6 1993 11.5 27.015 0 0 0 "FG" 1993
6 1994 14.347619047619 26.9119047619048 0 0 0 "FG" 1994
6 1995 12.32 27.2033333333333 0 0 0 "FG" 1995
6 1996 18.1444444444444 27.0611111111111 0 0 0 "FG" 1996
6 1997 1.06666666666667 27.6033333333333 0 0 0 "FG" 1997
6 1998 12.6875 27.984375 0 0 0 "FG" 1998
6 2000 4.71428571428571 27.0071428571429 0 0 0 "FG" 2000
6 2001 5.66666666666667 27.35 0 0 0 "FG" 2001
6 2002 15.46 27.22 0 0 0 "FG" 2002
6 2003 7.8 27.395 0 0 0 "FG" 2003
6 2004 12.7363636363636 27.0954545454545 0 0 0 "FG" 2004
6 2006 12.8 27.1673913043478 0 0 0 "FG" 2006
6 2009 7.3 27.2552631578947 0 0 0 "FG" 2009
6 2010 10.5307692307692 27.6961538461538 0 0 0 "FG" 2010
6 2011 6.82 27.25 0 0 0 "FG" 2011
6 2012 6.984 27.168 0 0 0 "FG" 2012
6 2013 9.62692307692308 27.2923076923077 0 0 0 "FG" 2013
6 2014 8.55714285714286 27.5214285714286 0 0 0 "FG" 2014
6 2015 13.0826086956522 27.2717391304348 0 0 0 "FG" 2015
6 2016 16.9142857142857 27.2880952380952 0 0 0 "FG" 2016
7 1977 9.91111111111111 26.7777777777778 0 0 0 "FG" 1977
7 1978 8.9 25 0 0 0 "FG" 1978
7 1979 8.6375 27.5 0 0 0 "FG" 1979
7 1980 0 27 0 0 0 "FG" 1980
7 1981 27.8692307692308 26.9615384615385 0 0 0 "FG" 1981
7 1982 4.82 26.52 0 0 0 "FG" 1982
7 1983 9.08095238095238 26.7190476190476 0 0 0 "FG" 1983
7 1984 5.66 27.21 0 0 0 "FG" 1984
7 1985 19.2 26.9 0 0 0 "FG" 1985
7 1986 5.18 26.59 0 0 0 "FG" 1986
7 1987 9.06666666666667 27.6666666666667 0 0 0 "FG" 1987
7 1988 11.5 26.8666666666667 0 0 0 "FG" 1988
7 1990 3.22 27.66 0 0 0 "FG" 1990
7 1991 7.45454545454545 27.6590909090909 0 0 0 "FG" 1991
7 1992 9.87777777777778 27.15 0 0 0 "FG" 1992
7 1993 6.22857142857143 27.6071428571429 0 0 0 "FG" 1993
7 1994 11.3375 27.234375 0 0 0 "FG" 1994
7 1995 9.05384615384615 27.5384615384615 0 0 0 "FG" 1995
7 1996 5.17894736842105 27.3815789473684 0 0 0 "FG" 1996
7 1997 6.4 27.5472222222222 0 0 0 "FG" 1997
7 1998 1.81764705882353 28.2852941176471 0 0 0 "FG" 1998
7 2000 1.775 27.2125 0 0 0 "FG" 2000
7 2001 4.1 26.7 0 0 0 "FG" 2001
7 2003 6.6 27.67 0 0 0 "FG" 2003
7 2004 7.85454545454545 27.7454545454545 0 0 0 "FG" 2004
7 2006 6.15555555555556 27.6740740740741 0 0 0 "FG" 2006
7 2009 6.31304347826087 28.1869565217391 0 0 0 "FG" 2009
7 2010 7.72727272727273 27.9909090909091 0 0 0 "FG" 2010
7 2011 9.33181818181818 27.3681818181818 0 0 0 "FG" 2011
7 2012 3.692 27.766 0 0 0 "FG" 2012
7 2013 6.70833333333333 27.4229166666667 0 0 0 "FG" 2013
7 2014 9.38571428571429 27.452380952381 0 0 0 "FG" 2014
7 2015 9.82692307692308 27.4692307692308 0 0 0 "FG" 2015
7 2016 2.87272727272727 27.9272727272727 0 0 0 "FG" 2016
8 1977 2.66 27.2 0 0 0 "FG" 1977
8 1979 3.48888888888889 27.2222222222222 0 0 0 "FG" 1979
8 1981 3.11333333333333 27.6333333333333 0 0 0 "FG" 1981
8 1982 4.4125 26.95625 0 0 0 "FG" 1982
8 1983 5.99333333333333 27.8266666666667 0 0 0 "FG" 1983
8 1984 4.15714285714286 27.2071428571429 0 0 0 "FG" 1984
8 1985 6.5 27.08 0 0 0 "FG" 1985
8 1986 2 27.1 0 0 0 "FG" 1986
8 1987 8.05714285714286 28.0571428571429 0 0 0 "FG" 1987
8 1988 1 27.45 0 0 0 "FG" 1988
8 1990 2.28181818181818 27.6727272727273 0 0 0 "FG" 1990
8 1991 2.925 27.8 0 0 0 "FG" 1991
8 1992 3.01111111111111 27.5777777777778 0 0 0 "FG" 1992
8 1993 3.32142857142857 27.5392857142857 0 0 0 "FG" 1993
8 1994 4.31052631578947 27.8842105263158 0 0 0 "FG" 1994
8 1995 7.33333333333333 28.675 0 0 0 "FG" 1995
8 1996 6.69333333333333 27.7066666666667 0 0 0 "FG" 1996
8 1997 4.1875 27.865625 0 0 0 "FG" 1997
8 1998 1.2 28.725 0 0 0 "FG" 1998
8 2000 0 28.6 0 0 0 "FG" 2000
8 2001 4.06666666666667 28 0 0 0 "FG" 2001
8 2002 4 28.0576923076923 0 0 0 "FG" 2002
8 2003 0 29.8 0 0 0 "FG" 2003
8 2004 8.06923076923077 28.1807692307692 0 0 0 "FG" 2004
8 2006 6.024 28.286 0 0 0 "FG" 2006
8 2009 1.60869565217391 28.9847826086957 0 0 0 "FG" 2009
8 2010 0.5 27.85 0 0 0 "FG" 2010
8 2011 5.9 28.2826086956522 0 0 0 "FG" 2011
8 2012 4.63636363636364 27.9454545454545 0 0 0 "FG" 2012
8 2013 7.02352941176471 27.9970588235294 0 0 0 "FG" 2013
8 2014 5.68421052631579 27.7078947368421 0 0 0 "FG" 2014
8 2015 2.83 28.2625 0 0 0 "FG" 2015
8 2016 4.82857142857143 28.4880952380952 0 0 0 "FG" 2016
9 1973 4.14285714285714 27.5 0 0 0 "FG" 1973
9 1976 0.166666666666667 28.1666666666667 0 0 0 "FG" 1976
9 1977 9.73333333333333 27.4333333333333 0 0 0 "FG" 1977
9 1979 0.25 28 0 0 0 "FG" 1979
9 1980 0 28 0 0 0 "FG" 1980
9 1981 1.53684210526316 27.6315789473684 0 0 0 "FG" 1981
9 1982 6.14285714285714 27.6642857142857 0 0 0 "FG" 1982
9 1983 6.3375 27.85625 0 0 0 "FG" 1983
9 1984 8.07142857142857 27.2 0 0 0 "FG" 1984
9 1985 1.56 27.66 0 0 0 "FG" 1985
9 1986 1 27.35 0 0 0 "FG" 1986
9 1987 1 28.325 0 0 0 "FG" 1987
9 1989 3 27.9 0 0 0 "FG" 1989
9 1990 0.3 28.15 0 0 0 "FG" 1990
9 1991 10.6666666666667 27.35 0 0 0 "FG" 1991
9 1992 1.82 27.98 0 0 0 "FG" 1992
9 1993 8.225 27.55 0 0 0 "FG" 1993
9 1994 5.45 27.5375 0 0 0 "FG" 1994
9 1995 5.86666666666667 28.2 0 0 0 "FG" 1995
9 1997 0 28.35 0 0 0 "FG" 1997
9 1998 3.44 28.8133333333333 0 0 0 "FG" 1998
9 2001 9.66666666666667 28.15 0 0 0 "FG" 2001
9 2002 3.3 28.25 0 0 0 "FG" 2002
9 2003 3.88181818181818 28.8590909090909 0 0 0 "FG" 2003
9 2004 1.68333333333333 28.8388888888889 0 0 0 "FG" 2004
9 2006 0.2 28.695 0 0 0 "FG" 2006
9 2009 2.05416666666667 29.0666666666667 0 0 0 "FG" 2009
9 2010 0 28.7 0 0 0 "FG" 2010
9 2011 1.08260869565217 28.4413043478261 0 0 0 "FG" 2011
9 2012 2.90833333333333 28.4333333333333 0 0 0 "FG" 2012
9 2013 3.25 28.1583333333333 0 0 0 "FG" 2013
9 2014 2.55294117647059 28.0705882352941 0 0 0 "FG" 2014
9 2015 2.828 28.918 0 0 0 "FG" 2015
10 1973 3.98333333333333 27.4166666666667 0 0 0 "FG" 1973
10 1976 5.275 28 0 0 0 "FG" 1976
10 1977 5.82222222222222 27.2222222222222 0 0 0 "FG" 1977
10 1978 7.9 27 0 0 0 "FG" 1978
10 1979 0.333333333333333 28.3333333333333 0 0 0 "FG" 1979
10 1980 2.30769230769231 27.5769230769231 0 0 0 "FG" 1980
10 1981 5 27.2941176470588 0 0 0 "FG" 1981
10 1982 3 26.35 0 0 0 "FG" 1982
10 1983 6.98 27.165 0 0 0 "FG" 1983
10 1984 7.12222222222222 27.45 0 0 0 "FG" 1984
10 1985 0.433333333333333 27.3333333333333 0 0 0 "FG" 1985
10 1986 18.35 28.125 0 0 0 "FG" 1986
10 1988 2 28.2 0 0 0 "FG" 1988
10 1991 2 27 0 0 0 "FG" 1991
10 1992 0.375 27.8625 0 0 0 "FG" 1992
10 1993 3.94444444444444 28.0111111111111 0 0 0 "FG" 1993
10 1994 12.575 28.0833333333333 0 0 0 "FG" 1994
10 1995 1.08571428571429 28.3714285714286 0 0 0 "FG" 1995
10 1996 0.818181818181818 28.8045454545455 0 0 0 "FG" 1996
10 1997 0.781818181818182 29.3454545454545 0 0 0 "FG" 1997
10 1998 1.625 28.61875 0 0 0 "FG" 1998
10 1999 0.5 28.4625 0 0 0 "FG" 1999
10 2001 1 28.675 0 0 0 "FG" 2001
10 2002 3.1 28.31 0 0 0 "FG" 2002
10 2003 8.615 28.69 0 0 0 "FG" 2003
10 2004 1.33333333333333 28.7766666666667 0 0 0 "FG" 2004
10 2005 0 28.4323529411765 0 0 0 "FG" 2005
10 2008 1.21111111111111 28.7722222222222 0 0 0 "FG" 2008
10 2009 2.77647058823529 28.5264705882353 0 0 0 "FG" 2009
10 2010 1.60869565217391 28.7478260869565 0 0 0 "FG" 2010
10 2011 7.048 28.032 0 0 0 "FG" 2011
10 2012 2.08823529411765 28.7470588235294 0 0 0 "FG" 2012
10 2013 4.59090909090909 27.6863636363636 0 0 0 "FG" 2013
10 2014 3.65882352941176 28.7705882352941 0 0 0 "FG" 2014
10 2015 1.14814814814815 29.1277777777778 0 0 0 "FG" 2015
11 1973 4.1 26.5 0 0 0 "FG" 1973
11 1976 4.6 27.5 0 0 0 "FG" 1976
11 1977 6.18666666666667 27.4333333333333 0 0 0 "FG" 1977
11 1978 6.1 27 0 0 0 "FG" 1978
11 1979 4.75714285714286 28 0 0 0 "FG" 1979
11 1980 0.6 27.2 0 0 0 "FG" 1980
11 1981 3.05384615384615 27.6923076923077 0 0 0 "FG" 1981
11 1983 1.4 27.55 0 0 0 "FG" 1983
11 1984 18.6545454545455 26.7909090909091 0 0 0 "FG" 1984
11 1986 8.45 27.475 0 0 0 "FG" 1986
11 1988 8.66666666666667 27.2833333333333 0 0 0 "FG" 1988
11 1990 9.43333333333333 27.275 0 0 0 "FG" 1990
11 1991 4.25 26.8625 0 0 0 "FG" 1991
11 1992 6.27272727272727 27.6590909090909 0 0 0 "FG" 1992
11 1993 18.9235294117647 27.8882352941176 0 0 0 "FG" 1993
11 1994 6.47692307692308 27.4 0 0 0 "FG" 1994
11 1995 8.2 27.7409090909091 0 0 0 "FG" 1995
11 1996 5.3375 27.5875 0 0 0 "FG" 1996
11 1997 2 28.55 0 0 0 "FG" 1997
11 1998 5.95 27.025 0 0 0 "FG" 1998
11 2000 7.9 27.05 0 0 0 "FG" 2000
11 2001 0 27.8 0 0 0 "FG" 2001
11 2002 7.1 27.5 0 0 0 "FG" 2002
11 2003 2.31111111111111 28.3222222222222 0 0 0 "FG" 2003
11 2004 4.89 31.37 0 0 0 "FG" 2004
11 2005 0.533333333333333 28.1574074074074 0 0 0 "FG" 2005
11 2008 4.10416666666667 28.7645833333333 0 0 0 "FG" 2008
11 2009 3.19230769230769 28.1634615384615 0 0 0 "FG" 2009
11 2010 5.09565217391304 28.1195652173913 0 0 0 "FG" 2010
11 2011 4.62692307692308 27.6480769230769 0 0 0 "FG" 2011
11 2012 3.12173913043478 28.595652173913 0 0 0 "FG" 2012
11 2013 9.516 27.53 0 0 0 "FG" 2013
11 2014 4.27647058823529 27.9205882352941 0 0 0 "FG" 2014
11 2015 2.576 28.74 0 0 0 "FG" 2015
12 1973 23.0333333333333 26.1666666666667 0 0 0 "FG" 1973
12 1976 2.88 26.5 0 0 0 "FG" 1976
12 1977 3.825 25.875 0 0 0 "FG" 1977
12 1978 40.5 25.3333333333333 0 0 0 "FG" 1978
12 1980 5.5875 26.0625 0 0 0 "FG" 1980
12 1981 5.22307692307692 26.6538461538462 0 0 0 "FG" 1981
12 1982 1.43333333333333 26.975 0 0 0 "FG" 1982
12 1983 10.4666666666667 26.09 0 0 0 "FG" 1983
12 1984 8.8 26.2923076923077 0 0 0 "FG" 1984
12 1985 0.433333333333333 25.85 0 0 0 "FG" 1985
12 1986 3 26.1428571428571 0 0 0 "FG" 1986
12 1987 2 28.15 0 0 0 "FG" 1987
12 1988 7.9 26.15 0 0 0 "FG" 1988
12 1990 15.7666666666667 27.2333333333333 0 0 0 "FG" 1990
12 1991 12.5333333333333 26.9666666666667 0 0 0 "FG" 1991
12 1992 4.50769230769231 26.6884615384615 0 0 0 "FG" 1992
12 1993 8.08 26.9975 0 0 0 "FG" 1993
12 1994 3.76666666666667 26.7277777777778 0 0 0 "FG" 1994
12 1995 6.84285714285714 27.1857142857143 0 0 0 "FG" 1995
12 1996 2.975 27.55 0 0 0 "FG" 1996
12 1997 8.52 26.69 0 0 0 "FG" 1997
12 1998 0 28.45 0 0 0 "FG" 1998
12 2000 16 26.6 0 0 0 "FG" 2000
12 2001 3 27.2 0 0 0 "FG" 2001
12 2002 1 26.375 0 0 0 "FG" 2002
12 2003 3.2625 27.29375 0 0 0 "FG" 2003
12 2004 3.83684210526316 28.3368421052632 0 0 0 "FG" 2004
12 2005 8.53333333333333 27.25 0 0 0 "FG" 2005
12 2008 8.62142857142857 27.7946428571429 0 0 0 "FG" 2008
12 2009 4.772 26.904 0 0 0 "FG" 2009
12 2010 5.816 27.262 0 0 0 "FG" 2010
12 2011 4.844 26.944 0 0 0 "FG" 2011
12 2012 4.24347826086957 27.5304347826087 0 0 0 "FG" 2012
12 2013 6.40384615384615 26.9403846153846 0 0 0 "FG" 2013
12 2014 7.02307692307692 27.1538461538462 0 0 0 "FG" 2014
12 2015 5.205 27.3875 0 0 0 "FG" 2015
1 1977 5.36 25.6 0 0 0 "FG" 1977
1 1978 12.0444444444444 25.2777777777778 0 0 0 "FG" 1978
1 1979 9.18333333333333 26.3333333333333 0 0 0 "FG" 1979
1 1980 14.7333333333333 26 0 0 0 "FG" 1980
1 1981 1.36666666666667 26.5 0 0 0 "FG" 1981
1 1982 3 26.45 0 0 0 "FG" 1982
1 1983 7.9 26.55 0 0 0 "FG" 1983
1 1984 13.2142857142857 25.7214285714286 0 0 0 "FG" 1984
1 1985 12.8333333333333 25.2 0 0 0 "FG" 1985
1 1986 13.1666666666667 25.1833333333333 0 0 0 "FG" 1986
1 1987 9.76 25.86 0 0 0 "FG" 1987
1 1989 43.9 26.45 0 0 0 "FG" 1989
1 1991 6.41428571428571 25.8785714285714 0 0 0 "FG" 1991
1 1992 13.72 26.48 0 0 0 "FG" 1992
1 1993 15.075 25.996875 0 0 0 "FG" 1993
1 1994 8.93125 25.49375 0 0 0 "FG" 1994
1 1995 5.05 25.905 0 0 0 "FG" 1995
1 1996 17.52 26.2666666666667 0 0 0 "FG" 1996
1 1997 21.7111111111111 26.0361111111111 0 0 0 "FG" 1997
1 1998 14.4875 26.8625 0 0 0 "FG" 1998
1 2002 5.1 26.3 0 0 0 "FG" 2002
1 2003 5.3 26.2428571428571 0 0 0 "FG" 2003
1 2004 13.2 26.69375 0 0 0 "FG" 2004
1 2005 2.99 27.285 0 0 0 "FG" 2005
1 2006 11.3764705882353 26.2647058823529 0 0 0 "FG" 2006
1 2009 26.61875 26.640625 0 0 0 "FG" 2009
1 2010 7.7 26.6772727272727 0 0 0 "FG" 2010
1 2011 13.7315789473684 26.2578947368421 0 0 0 "FG" 2011
1 2012 15.4272727272727 26.2409090909091 0 0 0 "FG" 2012
1 2013 6.576 26.666 0 0 0 "FG" 2013
1 2014 7.064 26.302 0 0 0 "FG" 2014
1 2015 7.29130434782609 26.604347826087 0 0 0 "FG" 2015
2 1974 14.0666666666667 24.6666666666667 0 0 0 "FG" 1974
2 1977 18.46 25 0 0 0 "FG" 1977
2 1978 5.775 25.25 0 0 0 "FG" 1978
2 1979 6.1 26 0 0 0 "FG" 1979
2 1980 0.1 25.3333333333333 0 0 0 "FG" 1980
2 1981 21.4833333333333 26.0833333333333 0 0 0 "FG" 1981
2 1982 11.05 25.725 0 0 0 "FG" 1982
2 1983 1.33333333333333 26.9333333333333 0 0 0 "FG" 1983
2 1984 3.675 25.675 0 0 0 "FG" 1984
2 1985 3.38888888888889 24.8555555555556 0 0 0 "FG" 1985
2 1986 5.48181818181818 25.4818181818182 0 0 0 "FG" 1986
2 1987 10.3 26.6 0 0 0 "FG" 1987
2 1989 27.9 25.1 0 0 0 "FG" 1989
2 1991 25.5 26.5 0 0 0 "FG" 1991
2 1992 17.06 25.8866666666667 0 0 0 "FG" 1992
2 1993 12.2 25.9357142857143 0 0 0 "FG" 1993
2 1994 10.5636363636364 26.2090909090909 0 0 0 "FG" 1994
2 1995 8.15714285714286 25.7714285714286 0 0 0 "FG" 1995
2 1996 27.2727272727273 26.1636363636364 0 0 0 "FG" 1996
2 1997 20.0866666666667 26.0033333333333 0 0 0 "FG" 1997
2 1998 1.71538461538462 27.5807692307692 0 0 0 "FG" 1998
2 2001 8.9 25.45 0 0 0 "FG" 2001
2 2002 1.62 26.41 0 0 0 "FG" 2002
2 2003 9.1375 26.15625 0 0 0 "FG" 2003
2 2004 10.9 26.1045454545455 0 0 0 "FG" 2004
2 2005 22.18 26.45 0 0 0 "FG" 2005
2 2006 4.57142857142857 26.6642857142857 0 0 0 "FG" 2006
2 2009 19.56875 26.475 0 0 0 "FG" 2009
2 2010 16.36 27.234 0 0 0 "FG" 2010
2 2011 22.05 26.1931818181818 0 0 0 "FG" 2011
2 2012 22.3545454545455 25.7681818181818 0 0 0 "FG" 2012
2 2013 17.2769230769231 26.5307692307692 0 0 0 "FG" 2013
2 2014 7.775 26.25625 0 0 0 "FG" 2014
2 2015 12.7117647058824 26.3205882352941 0 0 0 "FG" 2015
3 1974 22.4333333333333 25.6111111111111 0 0 0 "FG" 1974
3 1977 13.42 26.3 0 0 0 "FG" 1977
3 1978 57.275 25.5 0 0 0 "FG" 1978
3 1979 13.7333333333333 26.3333333333333 0 0 0 "FG" 1979
3 1980 15.5 25.5 0 0 0 "FG" 1980
3 1981 4.21 26.2 0 0 0 "FG" 1981
3 1982 25.9 26.3 0 0 0 "FG" 1982
3 1983 6.1 26.65 0 0 0 "FG" 1983
3 1984 6.73333333333333 26.05 0 0 0 "FG" 1984
3 1985 4.05 26.125 0 0 0 "FG" 1985
3 1986 6 26.05 0 0 0 "FG" 1986
3 1987 0.46 26.3 0 0 0 "FG" 1987
3 1990 13.725 27 0 0 0 "FG" 1990
3 1991 10.4 26.24 0 0 0 "FG" 1991
3 1992 43.3285714285714 26.5928571428571 0 0 0 "FG" 1992
3 1993 13.8071428571429 26.1321428571429 0 0 0 "FG" 1993
3 1994 10.4916666666667 26.1708333333333 0 0 0 "FG" 1994
3 1995 11.1214285714286 26.6071428571429 0 0 0 "FG" 1995
3 1996 17.6666666666667 26.5611111111111 0 0 0 "FG" 1996
3 1998 0 26.5 0 0 0 "FG" 1998
3 2005 3.6 27.075 0 0 0 "FG" 2005
3 2006 6.6695652173913 26.645652173913 0 0 0 "FG" 2006
3 2009 7.69166666666667 26.9645833333333 0 0 0 "FG" 2009
3 2010 8.71666666666667 27.73125 0 0 0 "FG" 2010
3 2011 9.18333333333333 26.4625 0 0 0 "FG" 2011
3 2012 7.93333333333333 26.3895833333333 0 0 0 "FG" 2012
3 2013 9.21818181818182 27.0727272727273 0 0 0 "FG" 2013
3 2014 2.655 26.85 0 0 0 "FG" 2014
3 2015 23.8529411764706 26.4529411764706 0 0 0 "FG" 2015
4 1977 80.25 26.25 0 0 0 "FG" 1977
4 1978 10.87 26.55 0 0 0 "FG" 1978
4 1980 0 26.5 0 0 0 "FG" 1980
4 1981 19.45 26.5 0 0 0 "FG" 1981
4 1982 36.6666666666667 25.8833333333333 0 0 0 "FG" 1982
4 1983 6.7 27.05 0 0 0 "FG" 1983
4 1984 10.16 26.22 0 0 0 "FG" 1984
4 1986 0.266666666666667 26.6166666666667 0 0 0 "FG" 1986
4 1987 50 26.8 0 0 0 "FG" 1987
4 1988 5.1 26.35 0 0 0 "FG" 1988
4 1989 4.1 25.8 0 0 0 "FG" 1989
4 1991 20.9333333333333 26.1 0 0 0 "FG" 1991
4 1992 13.45 26.3375 0 0 0 "FG" 1992
4 1993 16.1882352941176 26.2382352941176 0 0 0 "FG" 1993
4 1994 14.7928571428571 26.2107142857143 0 0 0 "FG" 1994
4 1995 2.94666666666667 27.0333333333333 0 0 0 "FG" 1995
4 1996 4.08 26.7066666666667 0 0 0 "FG" 1996
4 1997 10.2727272727273 26.5454545454545 0 0 0 "FG" 1997
4 1998 24.65 27.25625 0 0 0 "FG" 1998
4 2002 7.52727272727273 26.8772727272727 0 0 0 "FG" 2002
4 2003 13.2230769230769 27.0230769230769 0 0 0 "FG" 2003
4 2004 14.2444444444444 27.3722222222222 0 0 0 "FG" 2004
4 2005 29.9666666666667 26.8833333333333 0 0 0 "FG" 2005
4 2006 12.2153846153846 26.2192307692308 0 0 0 "FG" 2006
4 2009 5.55 27.3277777777778 0 0 0 "FG" 2009
4 2010 17.7470588235294 27.7941176470588 0 0 0 "FG" 2010
4 2011 9.08 26.82 0 0 0 "FG" 2011
4 2012 14.5590909090909 26.9636363636364 0 0 0 "FG" 2012
4 2013 11.2478260869565 27.2739130434783 0 0 0 "FG" 2013
4 2014 7.45714285714286 27.1178571428571 0 0 0 "FG" 2014
4 2015 0.52 26.71 0 0 0 "FG" 2015
5 1977 19.225 25.75 0 0 0 "FG" 1977
5 1978 6.425 26.5 0 0 0 "FG" 1978
5 1979 5.8 26.3 0 0 0 "FG" 1979
5 1980 14.8111111111111 25.7777777777778 0 0 0 "FG" 1980
5 1981 0 27.5 0 0 0 "FG" 1981
5 1982 32 25.7875 0 0 0 "FG" 1982
5 1983 6.86 26.94 0 0 0 "FG" 1983
5 1984 28.4777777777778 25.8277777777778 0 0 0 "FG" 1984
5 1986 4.13 26.485 0 0 0 "FG" 1986
5 1987 15.86 26.94 0 0 0 "FG" 1987
5 1988 64 26.525 0 0 0 "FG" 1988
5 1990 29 25.75 0 0 0 "FG" 1990
5 1991 28.8714285714286 26.9571428571429 0 0 0 "FG" 1991
5 1992 10.15 26.8166666666667 0 0 0 "FG" 1992
5 1993 18 26.895 0 0 0 "FG" 1993
5 1994 28.15 26.2833333333333 0 0 0 "FG" 1994
5 1995 9.97142857142857 26.6464285714286 0 0 0 "FG" 1995
5 1996 13.4363636363636 26.9136363636364 0 0 0 "FG" 1996
5 1997 16.91875 26.653125 0 0 0 "FG" 1997
5 1998 13.7818181818182 27.6636363636364 0 0 0 "FG" 1998
5 2000 7.7375 26.86875 0 0 0 "FG" 2000
5 2002 3.14615384615385 26.9884615384615 0 0 0 "FG" 2002
5 2003 22.6294117647059 26.7294117647059 0 0 0 "FG" 2003
5 2004 19.3833333333333 27.2472222222222 0 0 0 "FG" 2004
5 2005 17.5105263157895 27.4289473684211 0 0 0 "FG" 2005
5 2006 11.1142857142857 26.8095238095238 0 0 0 "FG" 2006
5 2009 5.03181818181818 26.9159090909091 0 0 0 "FG" 2009
5 2010 22.7941176470588 27.8029411764706 0 0 0 "FG" 2010
5 2011 22.5210526315789 26.9710526315789 0 0 0 "FG" 2011
5 2012 11.5185185185185 27.087037037037 0 0 0 "FG" 2012
5 2013 17.2217391304348 26.754347826087 0 0 0 "FG" 2013
5 2014 17.3928571428571 26.5678571428571 0 0 0 "FG" 2014
5 2015 27.82 27.12 0 0 0 "FG" 2015
6 1977 15.0818181818182 26.0909090909091 0 0 0 "FG" 1977
6 1978 7 26.25 0 0 0 "FG" 1978
6 1979 8.38 26.4 0 0 0 "FG" 1979
6 1982 9.9 26.25 0 0 0 "FG" 1982
6 1984 15.2642857142857 26.2357142857143 0 0 0 "FG" 1984
6 1985 10.725 26.1375 0 0 0 "FG" 1985
6 1986 17.2444444444444 25.6777777777778 0 0 0 "FG" 1986
6 1987 10.2 26.5416666666667 0 0 0 "FG" 1987
6 1989 26.05 25.825 0 0 0 "FG" 1989
6 1990 13.0333333333333 26.0833333333333 0 0 0 "FG" 1990
6 1991 1 26.625 0 0 0 "FG" 1991
6 1992 8.4 26.85 0 0 0 "FG" 1992
6 1993 13.8363636363636 26.2363636363636 0 0 0 "FG" 1993
6 1994 7.5 26.8363636363636 0 0 0 "FG" 1994
6 1995 12.35 26.8725 0 0 0 "FG" 1995
6 1996 9.01 26.44 0 0 0 "FG" 1996
6 1997 3.22631578947368 26.9605263157895 0 0 0 "FG" 1997
6 1998 11.7294117647059 27.0794117647059 0 0 0 "FG" 1998
6 2000 3.98 26.815 0 0 0 "FG" 2000
6 2002 7.35 26.855 0 0 0 "FG" 2002
6 2003 9.44117647058824 26.8823529411765 0 0 0 "FG" 2003
6 2004 12.6714285714286 26.5357142857143 0 0 0 "FG" 2004
6 2005 6.52105263157895 27.5078947368421 0 0 0 "FG" 2005
6 2006 17.2625 26.859375 0 0 0 "FG" 2006
6 2009 7.36666666666667 26.9833333333333 0 0 0 "FG" 2009
6 2010 8.85454545454546 27.7386363636364 0 0 0 "FG" 2010
6 2011 4.75 27.31 0 0 0 "FG" 2011
6 2012 3.615 27.1275 0 0 0 "FG" 2012
6 2013 7.13478260869565 27.2978260869565 0 0 0 "FG" 2013
6 2014 11.2166666666667 27.0472222222222 0 0 0 "FG" 2014
6 2015 6.42173913043478 27.2369565217391 0 0 0 "FG" 2015
7 1977 4.76 25.5 0 0 0 "FG" 1977
7 1979 7.06363636363636 26.5 0 0 0 "FG" 1979
7 1980 3 27 0 0 0 "FG" 1980
7 1981 4.66666666666667 26 0 0 0 "FG" 1981
7 1982 13.22 25.78 0 0 0 "FG" 1982
7 1983 1.61111111111111 26.6111111111111 0 0 0 "FG" 1983
7 1984 13.3 26.2333333333333 0 0 0 "FG" 1984
7 1986 3.46 26 0 0 0 "FG" 1986
7 1987 3.06666666666667 26.1 0 0 0 "FG" 1987
7 1988 8.55 26.7 0 0 0 "FG" 1988
7 1990 4.775 26.6375 0 0 0 "FG" 1990
7 1991 10.5727272727273 26.7681818181818 0 0 0 "FG" 1991
7 1992 0.933333333333333 27.5166666666667 0 0 0 "FG" 1992
7 1993 2.86363636363636 26.7318181818182 0 0 0 "FG" 1993
7 1994 10.2 26.11 0 0 0 "FG" 1994
7 1995 7.325 26.83125 0 0 0 "FG" 1995
7 1996 12.09375 26.621875 0 0 0 "FG" 1996
7 1997 2.97222222222222 26.7361111111111 0 0 0 "FG" 1997
7 1998 1.7 27.2833333333333 0 0 0 "FG" 1998
7 2000 7.26 26.48 0 0 0 "FG" 2000
7 2002 1.11764705882353 27.0617647058824 0 0 0 "FG" 2002
7 2003 3.20666666666667 26.9133333333333 0 0 0 "FG" 2003
7 2004 4.83333333333333 26.8952380952381 0 0 0 "FG" 2004
7 2005 7.48888888888889 27.3138888888889 0 0 0 "FG" 2005
7 2009 1.91666666666667 27.2333333333333 0 0 0 "FG" 2009
7 2010 11.8333333333333 26.8833333333333 0 0 0 "FG" 2010
7 2011 7.48571428571429 27.0642857142857 0 0 0 "FG" 2011
7 2012 4.85217391304348 27.1152173913043 0 0 0 "FG" 2012
7 2013 8.89230769230769 26.8961538461538 0 0 0 "FG" 2013
7 2014 8.01428571428571 26.6571428571429 0 0 0 "FG" 2014
7 2015 2.95 27.365625 0 0 0 "FG" 2015
8 1977 0.375 26.6875 0 0 0 "FG" 1977
8 1979 1.3625 26.5625 0 0 0 "FG" 1979
8 1980 1.25 26 0 0 0 "FG" 1980
8 1981 0.75 27.25 0 0 0 "FG" 1981
8 1982 0 26.05 0 0 0 "FG" 1982
8 1983 0.666666666666667 26.3166666666667 0 0 0 "FG" 1983
8 1984 9.55714285714286 26.4928571428571 0 0 0 "FG" 1984
8 1985 1.86 26.32 0 0 0 "FG" 1985
8 1987 19.55 26.425 0 0 0 "FG" 1987
8 1989 9.9 26.65 0 0 0 "FG" 1989
8 1990 1 26.8 0 0 0 "FG" 1990
8 1991 15.6666666666667 27.15 0 0 0 "FG" 1991
8 1992 4.31428571428571 26.7214285714286 0 0 0 "FG" 1992
8 1993 1.8625 26.86875 0 0 0 "FG" 1993
8 1994 10.44375 26.565625 0 0 0 "FG" 1994
8 1995 0.7625 27.3958333333333 0 0 0 "FG" 1995
8 1996 4.94666666666667 27.5566666666667 0 0 0 "FG" 1996
8 1997 2.295 26.77 0 0 0 "FG" 1997
8 1998 2.68333333333333 27.7833333333333 0 0 0 "FG" 1998
8 2000 1.31428571428571 26.7857142857143 0 0 0 "FG" 2000
8 2002 1.17 26.965 0 0 0 "FG" 2002
8 2003 5.92727272727273 27.3068181818182 0 0 0 "FG" 2003
8 2004 1.32380952380952 26.9785714285714 0 0 0 "FG" 2004
8 2005 2.76111111111111 27.5583333333333 0 0 0 "FG" 2005
8 2009 0.256 27.642 0 0 0 "FG" 2009
8 2011 9.69523809523809 27.5261904761905 0 0 0 "FG" 2011
8 2012 1.46538461538462 27.7211538461538 0 0 0 "FG" 2012
8 2013 2.8125 27.5333333333333 0 0 0 "FG" 2013
8 2014 0 28 0 0 0 "FG" 2014
9 1973 7.5 26.875 0 0 0 "FG" 1973
9 1977 0.864285714285714 27.0357142857143 0 0 0 "FG" 1977
9 1979 2 26.75 0 0 0 "FG" 1979
9 1980 0 27 0 0 0 "FG" 1980
9 1981 0.264705882352941 27.0882352941176 0 0 0 "FG" 1981
9 1982 1.5 27.55 0 0 0 "FG" 1982
9 1983 2.5 26.95 0 0 0 "FG" 1983
9 1984 8.9875 25.76875 0 0 0 "FG" 1984
9 1985 6.45 26.7 0 0 0 "FG" 1985
9 1991 12.95 27.475 0 0 0 "FG" 1991
9 1992 1.5 26.8 0 0 0 "FG" 1992
9 1993 5.88571428571429 27.0785714285714 0 0 0 "FG" 1993
9 1994 0.585714285714286 27.3714285714286 0 0 0 "FG" 1994
9 1995 4.03846153846154 27.9076923076923 0 0 0 "FG" 1995
9 1997 0 26.85 0 0 0 "FG" 1997
9 1998 0.0555555555555556 27.7583333333333 0 0 0 "FG" 1998
9 2000 17 27.45 0 0 0 "FG" 2000
9 2002 0 27.25 0 0 0 "FG" 2002
9 2003 0.1 28.18 0 0 0 "FG" 2003
9 2005 0.457692307692308 27.9134615384615 0 0 0 "FG" 2005
9 2009 0 27.7552631578947 0 0 0 "FG" 2009
9 2010 0.6 28.54 0 0 0 "FG" 2010
9 2011 0.704347826086957 27.9434782608696 0 0 0 "FG" 2011
9 2012 0.178260869565217 28.0847826086957 0 0 0 "FG" 2012
9 2013 2.42692307692308 27.9846153846154 0 0 0 "FG" 2013
9 2014 0.15 27.45 0 0 0 "FG" 2014
9 2015 0.3 27.3 0 0 0 "FG" 2015
10 1973 1.8 26.5 0 0 0 "FG" 1973
10 1977 2.40666666666667 27.0333333333333 0 0 0 "FG" 1977
10 1979 0 27.8333333333333 0 0 0 "FG" 1979
10 1980 1.51666666666667 27.3333333333333 0 0 0 "FG" 1980
10 1981 0.5 26.95 0 0 0 "FG" 1981
10 1982 2.14 27.06 0 0 0 "FG" 1982
10 1984 2.10909090909091 26.5727272727273 0 0 0 "FG" 1984
10 1986 7.06 27.22 0 0 0 "FG" 1986
10 1991 0.5 26.15 0 0 0 "FG" 1991
10 1992 0.5 27.225 0 0 0 "FG" 1992
10 1993 1.375 27.5375 0 0 0 "FG" 1993
10 1994 3.63846153846154 27.4192307692308 0 0 0 "FG" 1994
10 1995 1.50909090909091 27.9318181818182 0 0 0 "FG" 1995
10 1996 0.06 27.78 0 0 0 "FG" 1996
10 1997 0.0357142857142857 28.1142857142857 0 0 0 "FG" 1997
10 1998 0 27.9625 0 0 0 "FG" 1998
10 1999 0 27.8416666666667 0 0 0 "FG" 1999
10 2002 4.775 26.925 0 0 0 "FG" 2002
10 2003 0 27.9 0 0 0 "FG" 2003
10 2004 1.02 27.89 0 0 0 "FG" 2004
10 2005 0.216666666666667 28.3666666666667 0 0 0 "FG" 2005
10 2008 0 28.27 0 0 0 "FG" 2008
10 2009 1.9 27.928125 0 0 0 "FG" 2009
10 2010 1.24230769230769 28.7788461538462 0 0 0 "FG" 2010
10 2011 2.1 27.9090909090909 0 0 0 "FG" 2011
10 2012 0.358823529411765 28.5176470588235 0 0 0 "FG" 2012
10 2013 3.6 27.83125 0 0 0 "FG" 2013
10 2014 0.516666666666667 28.2916666666667 0 0 0 "FG" 2014
10 2015 0 28.93 0 0 0 "FG" 2015
11 1973 0 26 0 0 0 "FG" 1973
11 1976 35 25.8333333333333 0 0 0 "FG" 1976
11 1977 4.83333333333333 25.8333333333333 0 0 0 "FG" 1977
11 1978 9.9 27 0 0 0 "FG" 1978
11 1979 2.2 27.1666666666667 0 0 0 "FG" 1979
11 1980 0 27.3333333333333 0 0 0 "FG" 1980
11 1981 0 28 0 0 0 "FG" 1981
11 1982 15 25.35 0 0 0 "FG" 1982
11 1983 2 27.4 0 0 0 "FG" 1983
11 1984 16.525 25.7625 0 0 0 "FG" 1984
11 1986 9.025 25.875 0 0 0 "FG" 1986
11 1988 4.05 26.6 0 0 0 "FG" 1988
11 1990 7.61666666666667 27.325 0 0 0 "FG" 1990
11 1992 6.01666666666667 27.4333333333333 0 0 0 "FG" 1992
11 1993 6.09285714285714 27.1107142857143 0 0 0 "FG" 1993
11 1994 12.7 27.0357142857143 0 0 0 "FG" 1994
11 1995 3.65714285714286 27.4464285714286 0 0 0 "FG" 1995
11 1996 21.2333333333333 27.2166666666667 0 0 0 "FG" 1996
11 1997 1.2 28.1363636363636 0 0 0 "FG" 1997
11 1998 8.16 27.71 0 0 0 "FG" 1998
11 1999 0 27.4 0 0 0 "FG" 1999
11 2001 0 28.05 0 0 0 "FG" 2001
11 2002 3.18333333333333 27.5 0 0 0 "FG" 2002
11 2003 2.46 27.885 0 0 0 "FG" 2003
11 2004 1.78 28.02 0 0 0 "FG" 2004
11 2005 0.373913043478261 28.5391304347826 0 0 0 "FG" 2005
11 2008 0.178260869565217 28.3565217391304 0 0 0 "FG" 2008
11 2009 3.7 27.8695652173913 0 0 0 "FG" 2009
11 2010 4.16818181818182 28.025 0 0 0 "FG" 2010
11 2011 3.10952380952381 27.5190476190476 0 0 0 "FG" 2011
11 2012 3.46190476190476 28.5333333333333 0 0 0 "FG" 2012
11 2013 2.49565217391304 27.5217391304348 0 0 0 "FG" 2013
11 2014 0.166666666666667 27.8833333333333 0 0 0 "FG" 2014
11 2015 6.46 28.56 0 0 0 "FG" 2015
12 1973 17 24.5 0 0 0 "FG" 1973
12 1974 4.1 24.5 0 0 0 "FG" 1974
12 1976 5.22 26.4 0 0 0 "FG" 1976
12 1977 11.1666666666667 25.0833333333333 0 0 0 "FG" 1977
12 1978 26.8333333333333 24.8333333333333 0 0 0 "FG" 1978
12 1981 9.73333333333333 26.7222222222222 0 0 0 "FG" 1981
12 1982 20.95 26.475 0 0 0 "FG" 1982
12 1983 13.4 25.735 0 0 0 "FG" 1983
12 1984 3.025 26.35 0 0 0 "FG" 1984
12 1985 20.05 25.375 0 0 0 "FG" 1985
12 1986 9.4 25.2333333333333 0 0 0 "FG" 1986
12 1991 0 27.35 0 0 0 "FG" 1991
12 1992 5.62 26.47 0 0 0 "FG" 1992
12 1993 7.26666666666667 26.4916666666667 0 0 0 "FG" 1993
12 1994 1.9 26.5833333333333 0 0 0 "FG" 1994
12 1995 6.5 26.94375 0 0 0 "FG" 1995
12 1996 1.25 26.775 0 0 0 "FG" 1996
12 1997 5.95 26.4083333333333 0 0 0 "FG" 1997
12 1998 4.17777777777778 26.7722222222222 0 0 0 "FG" 1998
12 1999 1.22 27.94 0 0 0 "FG" 1999
12 2001 2 26.75 0 0 0 "FG" 2001
12 2002 7.72857142857143 26.3857142857143 0 0 0 "FG" 2002
12 2003 3.25 27.1625 0 0 0 "FG" 2003
12 2004 8.63076923076923 27.4769230769231 0 0 0 "FG" 2004
12 2005 12.0809523809524 27.0166666666667 0 0 0 "FG" 2005
12 2008 9.4625 27.6166666666667 0 0 0 "FG" 2008
12 2009 12.0692307692308 26.625 0 0 0 "FG" 2009
12 2010 12.7259259259259 26.8537037037037 0 0 0 "FG" 2010
12 2011 6.24074074074074 27.0351851851852 0 0 0 "FG" 2011
12 2012 5.3 27.5840909090909 0 0 0 "FG" 2012
12 2013 9.92272727272727 27.1022727272727 0 0 0 "FG" 2013
12 2014 5.87 27.195 0 0 0 "FG" 2014
12 2015 1.4875 27.6625 0 0 0 "FG" 2015
1 1977 3.8 26.5 0 0 0 "FG" 1977
1 1978 5.875 26.78125 0 0 0 "FG" 1978
1 1979 8.625 26.875 0 0 0 "FG" 1979
1 1981 2.275 26.375 0 0 0 "FG" 1981
1 1982 5.1 26 0 0 0 "FG" 1982
1 1983 1.325 26.175 0 0 0 "FG" 1983
1 1984 4 26.38 0 0 0 "FG" 1984
1 1985 6.75714285714286 25.8714285714286 0 0 0 "FG" 1985
1 1986 5.54285714285714 26.2357142857143 0 0 0 "FG" 1986
1 1987 5.5 26.075 0 0 0 "FG" 1987
1 1991 6.5 25.9727272727273 0 0 0 "FG" 1991
1 1992 5.425 26.2875 0 0 0 "FG" 1992
1 1993 13.3166666666667 26.2833333333333 0 0 0 "FG" 1993
1 1994 5.575 26.2875 0 0 0 "FG" 1994
1 1995 6.53809523809524 26.1761904761905 0 0 0 "FG" 1995
1 1996 8.85 26.7972222222222 0 0 0 "FG" 1996
1 1997 14.0210526315789 26.9236842105263 0 0 0 "FG" 1997
1 1998 3.66666666666667 27.5583333333333 0 0 0 "FG" 1998
1 2000 14.6333333333333 26.3833333333333 0 0 0 "FG" 2000
1 2001 5 25.6333333333333 0 0 0 "FG" 2001
1 2002 1.72 27.31 0 0 0 "FG" 2002
1 2003 1.0125 26.85 0 0 0 "FG" 2003
1 2004 2.49166666666667 27.3125 0 0 0 "FG" 2004
1 2005 12.7461538461538 27.8769230769231 0 0 0 "FG" 2005
1 2006 8.54545454545454 27.1590909090909 0 0 0 "FG" 2006
1 2009 9.125 27.175 0 0 0 "FG" 2009
1 2010 4.96 27.5225 0 0 0 "FG" 2010
1 2011 3.92 27.2375 0 0 0 "FG" 2011
1 2013 0.618181818181818 27.3363636363636 0 0 0 "FG" 2013
1 2014 6.1625 27.0333333333333 0 0 0 "FG" 2014
1 2015 9.44444444444444 27.3055555555556 0 0 0 "FG" 2015
1 2016 2.124 27.578 0 0 0 "FG" 2016
2 1974 128.5 25.75 0 0 0 "FG" 1974
2 1977 1.66666666666667 26.3333333333333 0 0 0 "FG" 1977
2 1978 2.44 27.2 0 0 0 "FG" 1978
2 1979 2 25 0 0 0 "FG" 1979
2 1980 1.525 25.75 0 0 0 "FG" 1980
2 1981 7.5 26.75 0 0 0 "FG" 1981
2 1982 30.02 26.51 0 0 0 "FG" 1982
2 1983 5.025 27.0125 0 0 0 "FG" 1983
2 1984 10.0833333333333 26.025 0 0 0 "FG" 1984
2 1985 3.13333333333333 25.925 0 0 0 "FG" 1985
2 1986 3.6 26.58 0 0 0 "FG" 1986
2 1987 3 26.7 0 0 0 "FG" 1987
2 1989 11.05 25.9 0 0 0 "FG" 1989
2 1991 5.0875 27.05 0 0 0 "FG" 1991
2 1992 11.7533333333333 26.3366666666667 0 0 0 "FG" 1992
2 1993 16.6 26.5 0 0 0 "FG" 1993
2 1994 12.8 26.5375 0 0 0 "FG" 1994
2 1995 11.2583333333333 25.8166666666667 0 0 0 "FG" 1995
2 1996 13.3727272727273 26.7318181818182 0 0 0 "FG" 1996
2 1997 10.15625 26.35 0 0 0 "FG" 1997
2 1998 2.32222222222222 27.8555555555556 0 0 0 "FG" 1998
2 2000 1.98333333333333 25.9333333333333 0 0 0 "FG" 2000
2 2001 5.75 25.725 0 0 0 "FG" 2001
2 2002 0.36 26.81 0 0 0 "FG" 2002
2 2003 5.35714285714286 26.7642857142857 0 0 0 "FG" 2003
2 2004 5.42727272727273 26.9636363636364 0 0 0 "FG" 2004
2 2005 2.75 28.15625 0 0 0 "FG" 2005
2 2006 11.7 27.105 0 0 0 "FG" 2006
2 2009 7.39444444444444 27.0666666666667 0 0 0 "FG" 2009
2 2010 6.115 27.83 0 0 0 "FG" 2010
2 2011 11.4952380952381 27.1380952380952 0 0 0 "FG" 2011
2 2012 10 26.8333333333333 0 0 0 "FG" 2012
2 2013 10.0166666666667 27.4458333333333 0 0 0 "FG" 2013
2 2014 20.4428571428571 27.1142857142857 0 0 0 "FG" 2014
2 2015 13.5894736842105 27.1631578947368 0 0 0 "FG" 2015
2 2016 8.7875 27.6875 0 0 0 "FG" 2016
3 1974 0 26.5 0 0 0 "FG" 1974
3 1977 15 26.5 0 0 0 "FG" 1977
3 1978 8.03333333333333 26 0 0 0 "FG" 1978
3 1979 5.33333333333333 26.3333333333333 0 0 0 "FG" 1979
3 1980 0 26.5 0 0 0 "FG" 1980
3 1981 2.58181818181818 26.6818181818182 0 0 0 "FG" 1981
3 1982 11.28 25.85 0 0 0 "FG" 1982
3 1983 0 28.3 0 0 0 "FG" 1983
3 1984 2.9625 26.425 0 0 0 "FG" 1984
3 1985 9.1125 26.3875 0 0 0 "FG" 1985
3 1986 1 26.4 0 0 0 "FG" 1986
3 1987 3.5875 27.16875 0 0 0 "FG" 1987
3 1990 58.55 26.375 0 0 0 "FG" 1990
3 1991 2.96666666666667 26.4583333333333 0 0 0 "FG" 1991
3 1992 18.2294117647059 26.95 0 0 0 "FG" 1992
3 1993 12.9 26.634375 0 0 0 "FG" 1993
3 1994 16.1571428571429 27.2071428571429 0 0 0 "FG" 1994
3 1995 16 26.8818181818182 0 0 0 "FG" 1995
3 1996 7.34285714285714 26.2714285714286 0 0 0 "FG" 1996
3 2000 2 26.8 0 0 0 "FG" 2000
3 2004 0 28.2 0 0 0 "FG" 2004
3 2009 13.0210526315789 27.8052631578947 0 0 0 "FG" 2009
3 2010 5.92727272727273 28.2590909090909 0 0 0 "FG" 2010
3 2011 14.5526315789474 27.5105263157895 0 0 0 "FG" 2011
3 2012 4.91904761904762 27.252380952381 0 0 0 "FG" 2012
3 2013 7.82173913043478 27.5391304347826 0 0 0 "FG" 2013
3 2014 6.53125 27.534375 0 0 0 "FG" 2014
3 2015 12.6578947368421 27.0947368421053 0 0 0 "FG" 2015
3 2016 6.07 28.39 0 0 0 "FG" 2016
4 1978 18.6 27.3 0 0 0 "FG" 1978
4 1979 18.0666666666667 27.1666666666667 0 0 0 "FG" 1979
4 1980 1 26.5 0 0 0 "FG" 1980
4 1981 24.7333333333333 26.5 0 0 0 "FG" 1981
4 1982 25.55 26.475 0 0 0 "FG" 1982
4 1984 8.63 26.58 0 0 0 "FG" 1984
4 1986 10.55 27.025 0 0 0 "FG" 1986
4 1987 17 27.65 0 0 0 "FG" 1987
4 1988 4.1 27 0 0 0 "FG" 1988
4 1990 8.73333333333333 26.5833333333333 0 0 0 "FG" 1990
4 1991 13 27.05 0 0 0 "FG" 1991
4 1992 7.625 27.1 0 0 0 "FG" 1992
4 1993 8.43529411764706 27.0176470588235 0 0 0 "FG" 1993
4 1994 10.8666666666667 26.8 0 0 0 "FG" 1994
4 1995 4.75 27.525 0 0 0 "FG" 1995
4 1996 1.36666666666667 27.6 0 0 0 "FG" 1996
4 1997 3.23333333333333 27.3833333333333 0 0 0 "FG" 1997
4 1998 12.51 27.825 0 0 0 "FG" 1998
4 2001 1.66666666666667 27.05 0 0 0 "FG" 2001
4 2002 9.68 27.98 0 0 0 "FG" 2002
4 2003 6.91 27.495 0 0 0 "FG" 2003
4 2004 21.325 27.8958333333333 0 0 0 "FG" 2004
4 2005 13.3357142857143 27.7321428571429 0 0 0 "FG" 2005
4 2006 9.87142857142857 27.0321428571429 0 0 0 "FG" 2006
4 2009 5.29 27.585 0 0 0 "FG" 2009
4 2010 8.05 28.6791666666667 0 0 0 "FG" 2010
4 2011 6.35454545454545 27.925 0 0 0 "FG" 2011
4 2012 9.42222222222222 27.6583333333333 0 0 0 "FG" 2012
4 2013 17.636 27.818 0 0 0 "FG" 2013
4 2014 5.864 27.82 0 0 0 "FG" 2014
4 2015 2.9625 27.29375 0 0 0 "FG" 2015
4 2016 13.9047619047619 28.4166666666667 0 0 0 "FG" 2016
5 1978 5 27.25 0 0 0 "FG" 1978
5 1979 18.325 27.25 0 0 0 "FG" 1979
5 1980 8.36666666666667 27.5 0 0 0 "FG" 1980
5 1981 33.78 27.2 0 0 0 "FG" 1981
5 1982 7.9 26.65 0 0 0 "FG" 1982
5 1983 8.87142857142857 27.1285714285714 0 0 0 "FG" 1983
5 1984 21.4 26.68125 0 0 0 "FG" 1984
5 1986 8.99230769230769 26.7153846153846 0 0 0 "FG" 1986
5 1987 10.8 26.7875 0 0 0 "FG" 1987
5 1988 20.1 27.25 0 0 0 "FG" 1988
5 1990 9.52 27.18 0 0 0 "FG" 1990
5 1991 18.8833333333333 26.9333333333333 0 0 0 "FG" 1991
5 1992 6.35 27.275 0 0 0 "FG" 1992
5 1993 18.2230769230769 27.4769230769231 0 0 0 "FG" 1993
5 1994 14.85 26.55 0 0 0 "FG" 1994
5 1995 7.75 27.4659090909091 0 0 0 "FG" 1995
5 1996 8.46363636363636 27.3545454545455 0 0 0 "FG" 1996
5 1997 12.80625 27.359375 0 0 0 "FG" 1997
5 1998 9.35384615384615 28.2923076923077 0 0 0 "FG" 1998
5 2000 8.59 27.415 0 0 0 "FG" 2000
5 2001 10.3230769230769 27.0653846153846 0 0 0 "FG" 2001
5 2002 6.305 27.815 0 0 0 "FG" 2002
5 2003 10.6052631578947 27.4078947368421 0 0 0 "FG" 2003
5 2004 13.0695652173913 27.7347826086957 0 0 0 "FG" 2004
5 2005 12.7681818181818 27.8704545454545 0 0 0 "FG" 2005
5 2006 12.995 27.6975 0 0 0 "FG" 2006
5 2009 2.94285714285714 27.7190476190476 0 0 0 "FG" 2009
5 2010 13 28.3527777777778 0 0 0 "FG" 2010
5 2011 11.9555555555556 28.1722222222222 0 0 0 "FG" 2011
5 2012 10.975 27.4979166666667 0 0 0 "FG" 2012
5 2013 15.4090909090909 27.7840909090909 0 0 0 "FG" 2013
5 2014 12.46 27.725 0 0 0 "FG" 2014
5 2015 13.6375 27.5625 0 0 0 "FG" 2015
5 2016 12.5227272727273 28.1045454545455 0 0 0 "FG" 2016
6 1978 21.45 27 0 0 0 "FG" 1978
6 1979 18.18 26.4 0 0 0 "FG" 1979
6 1980 7.9 26.5 0 0 0 "FG" 1980
6 1981 6.25714285714286 26.5 0 0 0 "FG" 1981
6 1982 3.1 26.65 0 0 0 "FG" 1982
6 1983 5.4625 26.9 0 0 0 "FG" 1983
6 1984 13.975 25.9875 0 0 0 "FG" 1984
6 1986 13.4 26.4166666666667 0 0 0 "FG" 1986
6 1987 6.05833333333333 27.3458333333333 0 0 0 "FG" 1987
6 1989 23.1 26.7 0 0 0 "FG" 1989
6 1990 9.78 26.73 0 0 0 "FG" 1990
6 1991 3.03333333333333 27.3166666666667 0 0 0 "FG" 1991
6 1992 2.54 26.8 0 0 0 "FG" 1992
6 1993 12.2181818181818 26.8227272727273 0 0 0 "FG" 1993
6 1994 18.6333333333333 27.0866666666667 0 0 0 "FG" 1994
6 1995 14.265 27.58 0 0 0 "FG" 1995
6 1996 13.35 26.9805555555556 0 0 0 "FG" 1996
6 1997 9.08571428571429 26.9857142857143 0 0 0 "FG" 1997
6 1998 10.9785714285714 27.5821428571429 0 0 0 "FG" 1998
6 2000 4.38 27.1866666666667 0 0 0 "FG" 2000
6 2001 8.58421052631579 26.9657894736842 0 0 0 "FG" 2001
6 2002 5.78125 27.384375 0 0 0 "FG" 2002
6 2003 6.90833333333333 27.775 0 0 0 "FG" 2003
6 2004 4.36190476190476 26.9738095238095 0 0 0 "FG" 2004
6 2005 4.46470588235294 27.6705882352941 0 0 0 "FG" 2005
6 2006 18.4833333333333 27.3833333333333 0 0 0 "FG" 2006
6 2009 10.215 27.585 0 0 0 "FG" 2009
6 2010 9.432 27.878 0 0 0 "FG" 2010
6 2011 3.58888888888889 29.1833333333333 0 0 0 "FG" 2011
6 2012 4.93529411764706 27.5 0 0 0 "FG" 2012
6 2013 6.12083333333333 27.8854166666667 0 0 0 "FG" 2013
6 2014 10.2166666666667 27.9166666666667 0 0 0 "FG" 2014
6 2015 15.565 27.9125 0 0 0 "FG" 2015
6 2016 9.90416666666667 27.7125 0 0 0 "FG" 2016
7 1977 0 27 0 0 0 "FG" 1977
7 1979 5.7 26.7222222222222 0 0 0 "FG" 1979
7 1981 3.85 25.95 0 0 0 "FG" 1981
7 1982 7.9 26 0 0 0 "FG" 1982
7 1983 6.48 26.31 0 0 0 "FG" 1983
7 1984 5.04 26.48 0 0 0 "FG" 1984
7 1986 11.5166666666667 26.45 0 0 0 "FG" 1986
7 1987 4.63333333333333 27.0666666666667 0 0 0 "FG" 1987
7 1988 12.05 26.95 0 0 0 "FG" 1988
7 1990 5.85555555555556 26.9777777777778 0 0 0 "FG" 1990
7 1991 5.9 27.2625 0 0 0 "FG" 1991
7 1992 4.82 26.61 0 0 0 "FG" 1992
7 1993 6.1 27.65 0 0 0 "FG" 1993
7 1994 6.01764705882353 27.0558823529412 0 0 0 "FG" 1994
7 1995 6.89444444444444 27.0805555555556 0 0 0 "FG" 1995
7 1996 6.55625 26.859375 0 0 0 "FG" 1996
7 1997 4 26.7166666666667 0 0 0 "FG" 1997
7 1998 3.3 27.45 0 0 0 "FG" 1998
7 2000 7.62857142857143 27.2107142857143 0 0 0 "FG" 2000
7 2001 4.79411764705882 27.2529411764706 0 0 0 "FG" 2001
7 2002 3.50833333333333 27.4708333333333 0 0 0 "FG" 2002
7 2003 4.5 27.0928571428571 0 0 0 "FG" 2003
7 2004 9.06666666666667 27.2952380952381 0 0 0 "FG" 2004
7 2005 5.39047619047619 27.5190476190476 0 0 0 "FG" 2005
7 2010 7.5 27.6090909090909 0 0 0 "FG" 2010
7 2011 8.58421052631579 27.6631578947368 0 0 0 "FG" 2011
7 2012 5.33181818181818 27.5863636363636 0 0 0 "FG" 2012
7 2013 6.26785714285714 27.5160714285714 0 0 0 "FG" 2013
7 2014 9.815 27.17 0 0 0 "FG" 2014
7 2015 4.92272727272727 27.8977272727273 0 0 0 "FG" 2015
7 2016 6.69583333333333 27.9541666666667 0 0 0 "FG" 2016
8 1977 4.44615384615385 27.1923076923077 0 0 0 "FG" 1977
8 1979 8.8 26.8 0 0 0 "FG" 1979
8 1980 16 27 0 0 0 "FG" 1980
8 1981 4.02 26.6 0 0 0 "FG" 1981
8 1982 5 26.375 0 0 0 "FG" 1982
8 1983 10.9111111111111 26.9222222222222 0 0 0 "FG" 1983
8 1984 1.5 26.4833333333333 0 0 0 "FG" 1984
8 1985 8.05714285714286 26.15 0 0 0 "FG" 1985
8 1986 0.3 26.05 0 0 0 "FG" 1986
8 1987 10.05 27.375 0 0 0 "FG" 1987
8 1988 0.3 27.25 0 0 0 "FG" 1988
8 1990 10.62 26.48 0 0 0 "FG" 1990
8 1991 1 27.0333333333333 0 0 0 "FG" 1991
8 1992 5.65 27.2 0 0 0 "FG" 1992
8 1993 3.2625 27.1125 0 0 0 "FG" 1993
8 1994 8.62777777777778 27.2555555555556 0 0 0 "FG" 1994
8 1995 6.5 27.703125 0 0 0 "FG" 1995
8 1996 3.94666666666667 26.9133333333333 0 0 0 "FG" 1996
8 1997 3.3 26.921875 0 0 0 "FG" 1997
8 1998 2.05454545454545 28.0227272727273 0 0 0 "FG" 1998
8 2000 1.4 27.3291666666667 0 0 0 "FG" 2000
8 2001 2.88 27.265 0 0 0 "FG" 2001
8 2002 5.23846153846154 27.5038461538462 0 0 0 "FG" 2002
8 2003 1.2 28.05 0 0 0 "FG" 2003
8 2004 4.52857142857143 27.6809523809524 0 0 0 "FG" 2004
8 2005 6.42105263157895 27.7842105263158 0 0 0 "FG" 2005
8 2009 3.33333333333333 27.9833333333333 0 0 0 "FG" 2009
8 2011 2.59615384615385 29.0615384615385 0 0 0 "FG" 2011
8 2012 6.23333333333333 27.7166666666667 0 0 0 "FG" 2012
8 2013 4.57391304347826 27.95 0 0 0 "FG" 2013
8 2014 5.56538461538462 27.6788461538462 0 0 0 "FG" 2014
8 2015 4.64 27.854 0 0 0 "FG" 2015
8 2016 6.12916666666667 28.48125 0 0 0 "FG" 2016
9 1973 10.3333333333333 27.3333333333333 0 0 0 "FG" 1973
9 1976 0 27.5 0 0 0 "FG" 1976
9 1977 1.27 27.7 0 0 0 "FG" 1977
9 1979 5.24 26.9 0 0 0 "FG" 1979
9 1981 5.18 26.75 0 0 0 "FG" 1981
9 1982 0.36 26.42 0 0 0 "FG" 1982
9 1983 2.31428571428571 26.9357142857143 0 0 0 "FG" 1983
9 1984 5.275 26.5375 0 0 0 "FG" 1984
9 1985 0.7 26.7375 0 0 0 "FG" 1985
9 1986 0.275 27.125 0 0 0 "FG" 1986
9 1987 0.3 26.75 0 0 0 "FG" 1987
9 1992 1.1 26.75 0 0 0 "FG" 1992
9 1993 2.8 26.8875 0 0 0 "FG" 1993
9 1994 8.40714285714286 27.325 0 0 0 "FG" 1994
9 1995 1.86428571428571 27.7392857142857 0 0 0 "FG" 1995
9 1997 0 28 0 0 0 "FG" 1997
9 1998 0.1 28.17 0 0 0 "FG" 1998
9 2000 2.42 27.72 0 0 0 "FG" 2000
9 2001 2.45 27.3916666666667 0 0 0 "FG" 2001
9 2002 3.63333333333333 27.75 0 0 0 "FG" 2002
9 2003 0.666666666666667 28.3 0 0 0 "FG" 2003
9 2004 0 27.4 0 0 0 "FG" 2004
9 2009 0.266666666666667 28.1805555555556 0 0 0 "FG" 2009
9 2010 10 28.7 0 0 0 "FG" 2010
9 2011 1.43333333333333 27.85 0 0 0 "FG" 2011
9 2012 0.854545454545454 28.2613636363636 0 0 0 "FG" 2012
9 2013 4.04583333333333 28.0333333333333 0 0 0 "FG" 2013
9 2014 1.05 27.9475 0 0 0 "FG" 2014
9 2015 0.466666666666667 28.63 0 0 0 "FG" 2015
9 2016 2.34074074074074 28.6611111111111 0 0 0 "FG" 2016
10 1973 0.75 27.875 0 0 0 "FG" 1973
10 1977 4.45 27.75 0 0 0 "FG" 1977
10 1979 0 28 0 0 0 "FG" 1979
10 1980 1 27 0 0 0 "FG" 1980
10 1981 3.85 26.8333333333333 0 0 0 "FG" 1981
10 1982 1.31666666666667 27.9833333333333 0 0 0 "FG" 1982
10 1983 3.3 27.625 0 0 0 "FG" 1983
10 1984 6.25 26.975 0 0 0 "FG" 1984
10 1985 0.3 24.9 0 0 0 "FG" 1985
10 1986 5.75 27.2625 0 0 0 "FG" 1986
10 1988 13 27.8 0 0 0 "FG" 1988
10 1990 2.55 27.85 0 0 0 "FG" 1990
10 1991 7.9 27.35 0 0 0 "FG" 1991
10 1992 1 26.9333333333333 0 0 0 "FG" 1992
10 1993 5.68333333333333 27.8166666666667 0 0 0 "FG" 1993
10 1994 2.8 27.625 0 0 0 "FG" 1994
10 1995 0.366666666666667 28.0666666666667 0 0 0 "FG" 1995
10 1996 1.01428571428571 27.5071428571429 0 0 0 "FG" 1996
10 1997 0 29.0285714285714 0 0 0 "FG" 1997
10 1998 1.18333333333333 28.5333333333333 0 0 0 "FG" 1998
10 1999 0 27.45 0 0 0 "FG" 1999
10 2000 10.3285714285714 27.8071428571429 0 0 0 "FG" 2000
10 2001 4.95 27.95 0 0 0 "FG" 2001
10 2002 1.01666666666667 28.0166666666667 0 0 0 "FG" 2002
10 2003 1.20769230769231 28.4769230769231 0 0 0 "FG" 2003
10 2004 0.7 28.65 0 0 0 "FG" 2004
10 2005 2.30714285714286 28.5107142857143 0 0 0 "FG" 2005
10 2008 0.0833333333333333 28.3083333333333 0 0 0 "FG" 2008
10 2009 2.64444444444444 28.7916666666667 0 0 0 "FG" 2009
10 2010 2.23913043478261 28.7195652173913 0 0 0 "FG" 2010
10 2012 0.684210526315789 28.8473684210526 0 0 0 "FG" 2012
10 2013 5.48571428571429 28.1928571428571 0 0 0 "FG" 2013
10 2014 0.691666666666667 28.8 0 0 0 "FG" 2014
10 2015 0.305 29.465 0 0 0 "FG" 2015
10 2016 1.89583333333333 28.7479166666667 0 0 0 "FG" 2016
11 1973 0 27.5 0 0 0 "FG" 1973
11 1976 8.96666666666667 27.5 0 0 0 "FG" 1976
11 1977 10.94 27.45 0 0 0 "FG" 1977
11 1978 0.5 28 0 0 0 "FG" 1978
11 1979 1.65 27.5 0 0 0 "FG" 1979
11 1981 1.3625 27.5 0 0 0 "FG" 1981
11 1982 0.45 27.375 0 0 0 "FG" 1982
11 1983 3.5 27.14 0 0 0 "FG" 1983
11 1984 12.18 26.7 0 0 0 "FG" 1984
11 1986 4.68 26.45 0 0 0 "FG" 1986
11 1988 3 27.15 0 0 0 "FG" 1988
11 1990 5.7875 27.3375 0 0 0 "FG" 1990
11 1991 5.1 28.05 0 0 0 "FG" 1991
11 1992 5.44285714285714 27.35 0 0 0 "FG" 1992
11 1993 17.7 28.2 0 0 0 "FG" 1993
11 1994 9.90714285714286 27.125 0 0 0 "FG" 1994
11 1995 6.14 27.465 0 0 0 "FG" 1995
11 1996 7.62 27.06 0 0 0 "FG" 1996
11 1997 4.47272727272727 28.9272727272727 0 0 0 "FG" 1997
11 1998 0 28.05 0 0 0 "FG" 1998
11 1999 0.325 27.9375 0 0 0 "FG" 1999
11 2000 4.33333333333333 27.5666666666667 0 0 0 "FG" 2000
11 2001 1.1 27.6 0 0 0 "FG" 2001
11 2002 6.76 27.87 0 0 0 "FG" 2002
11 2003 7.2 28.3611111111111 0 0 0 "FG" 2003
11 2004 3.32142857142857 28.6321428571429 0 0 0 "FG" 2004
11 2005 2.08888888888889 28.5611111111111 0 0 0 "FG" 2005
11 2008 0.0588235294117647 28.5852941176471 0 0 0 "FG" 2008
11 2009 0.705555555555555 28.15 0 0 0 "FG" 2009
11 2010 3.26842105263158 28.4552631578947 0 0 0 "FG" 2010
11 2012 1.13157894736842 28.9684210526316 0 0 0 "FG" 2012
11 2013 3.05 27.94 0 0 0 "FG" 2013
11 2014 3.92083333333333 28.75625 0 0 0 "FG" 2014
11 2015 3.87272727272727 29.1704545454545 0 0 0 "FG" 2015
11 2016 2.24545454545455 28.8863636363636 0 0 0 "FG" 2016
12 1976 3 27 0 0 0 "FG" 1976
12 1977 4.1875 26.75 0 0 0 "FG" 1977
12 1978 10 26.6666666666667 0 0 0 "FG" 1978
12 1979 32 26.5 0 0 0 "FG" 1979
12 1981 5.04 26.9 0 0 0 "FG" 1981
12 1982 5.4875 27.1875 0 0 0 "FG" 1982
12 1983 6.41818181818182 26.8 0 0 0 "FG" 1983
12 1984 7.2125 26.55625 0 0 0 "FG" 1984
12 1985 1.675 25.675 0 0 0 "FG" 1985
12 1986 16.075 26.475 0 0 0 "FG" 1986
12 1990 6.03333333333333 27.4166666666667 0 0 0 "FG" 1990
12 1991 0.5 27.75 0 0 0 "FG" 1991
12 1992 4.24285714285714 27.0642857142857 0 0 0 "FG" 1992
12 1993 7.75833333333333 27.0416666666667 0 0 0 "FG" 1993
12 1994 3.64666666666667 27.1133333333333 0 0 0 "FG" 1994
12 1995 5.36363636363636 27.1818181818182 0 0 0 "FG" 1995
12 1996 2.91 27.27 0 0 0 "FG" 1996
12 1997 9.9 27.1777777777778 0 0 0 "FG" 1997
12 1998 2.05 27.175 0 0 0 "FG" 1998
12 1999 4.36 27.86 0 0 0 "FG" 1999
12 2000 7 26.9125 0 0 0 "FG" 2000
12 2001 29.05 27.45 0 0 0 "FG" 2001
12 2002 0.8 27.0166666666667 0 0 0 "FG" 2002
12 2003 3.34285714285714 27.3428571428571 0 0 0 "FG" 2003
12 2004 2.81666666666667 28.8333333333333 0 0 0 "FG" 2004
12 2005 10.56 27.5666666666667 0 0 0 "FG" 2005
12 2008 9.85384615384615 27.7730769230769 0 0 0 "FG" 2008
12 2009 8.12105263157895 27.6368421052632 0 0 0 "FG" 2009
12 2010 4.86363636363636 27.7795454545455 0 0 0 "FG" 2010
12 2012 6.34 28.15 0 0 0 "FG" 2012
12 2013 6.03333333333333 27.4104166666667 0 0 0 "FG" 2013
12 2015 6.13809523809524 27.9619047619048 0 0 0 "FG" 2015
