"MONTH" "YEAR" "ave_mo_t" "opium_t" "mj_t" "coca_t" "fips" "year"
1 2000 27.1142857142857 0 0 0 "FJ" 2000
1 2002 27.05 0 0 0 "FJ" 2002
1 2003 28.2666666666667 0 0 0 "FJ" 2003
1 2004 28.3454545454545 0 0 0 "FJ" 2004
1 2005 28.33125 0 0 0 "FJ" 2005
1 2006 27.64 0 0 0 "FJ" 2006
1 2007 28.725 0 0 0 "FJ" 2007
1 2008 26.9758620689655 0 0 0 "FJ" 2008
1 2009 27.6 0 0 0 "FJ" 2009
1 2010 27.778125 0 0 0 "FJ" 2010
1 2011 27.1025 0 0 0 "FJ" 2011
1 2012 27.6857142857143 0 0 0 "FJ" 2012
1 2013 28.095 0 0 0 "FJ" 2013
1 2014 28.0272727272727 0 0 0 "FJ" 2014
1 2015 28.6875 0 0 0 "FJ" 2015
1 2016 28.5923076923077 0 0 0 "FJ" 2016
1 2017 27.9 0 0 0 "FJ" 2017
1 2018 27.8944444444444 0 0 0 "FJ" 2018
1 2019 27.0166666666667 0 0 0 "FJ" 2019
2 1980 28.5 0 0 0 "FJ" 1980
2 1981 24 0 0 0 "FJ" 1981
2 1984 27.45 0 0 0 "FJ" 1984
2 1988 28.3 0 0 0 "FJ" 1988
2 1996 28.9 0 0 0 "FJ" 1996
2 2000 27.25 0 0 0 "FJ" 2000
2 2001 27.9 0 0 0 "FJ" 2001
2 2002 27.3833333333333 0 0 0 "FJ" 2002
2 2003 28.4076923076923 0 0 0 "FJ" 2003
2 2004 27.96 0 0 0 "FJ" 2004
2 2005 28.7727272727273 0 0 0 "FJ" 2005
2 2006 27.6125 0 0 0 "FJ" 2006
2 2007 27.9 0 0 0 "FJ" 2007
2 2008 28.038 0 0 0 "FJ" 2008
2 2009 27.4928571428571 0 0 0 "FJ" 2009
2 2010 27.9133333333333 0 0 0 "FJ" 2010
2 2011 27.2888888888889 0 0 0 "FJ" 2011
2 2012 27.4083333333333 0 0 0 "FJ" 2012
2 2013 27.9857142857143 0 0 0 "FJ" 2013
2 2014 27.8666666666667 0 0 0 "FJ" 2014
2 2015 28.2125 0 0 0 "FJ" 2015
2 2016 28.6611111111111 0 0 0 "FJ" 2016
2 2017 27.0666666666667 0 0 0 "FJ" 2017
2 2018 27.7875 0 0 0 "FJ" 2018
3 1979 24 0 0 0 "FJ" 1979
3 2001 27.675 0 0 0 "FJ" 2001
3 2002 29.15 0 0 0 "FJ" 2002
3 2003 28.5972222222222 0 0 0 "FJ" 2003
3 2004 28.0147058823529 0 0 0 "FJ" 2004
3 2005 28.9304347826087 0 0 0 "FJ" 2005
3 2006 28.1590909090909 0 0 0 "FJ" 2006
3 2007 27.1354166666667 0 0 0 "FJ" 2007
3 2008 27.7326086956522 0 0 0 "FJ" 2008
3 2009 27.6575 0 0 0 "FJ" 2009
3 2010 27.6291666666667 0 0 0 "FJ" 2010
3 2011 27.6138888888889 0 0 0 "FJ" 2011
3 2012 27.7884615384615 0 0 0 "FJ" 2012
3 2013 27.38125 0 0 0 "FJ" 2013
3 2014 27.96 0 0 0 "FJ" 2014
3 2015 28.2611111111111 0 0 0 "FJ" 2015
3 2016 28.7954545454545 0 0 0 "FJ" 2016
3 2017 27.78 0 0 0 "FJ" 2017
3 2018 27.5875 0 0 0 "FJ" 2018
4 2000 27.175 0 0 0 "FJ" 2000
4 2003 28.4636363636364 0 0 0 "FJ" 2003
4 2004 27.775 0 0 0 "FJ" 2004
4 2005 28.4583333333333 0 0 0 "FJ" 2005
4 2006 28.2363636363636 0 0 0 "FJ" 2006
4 2007 27.8354166666667 0 0 0 "FJ" 2007
4 2008 27.7208333333333 0 0 0 "FJ" 2008
4 2009 27.3527777777778 0 0 0 "FJ" 2009
4 2010 28.032 0 0 0 "FJ" 2010
4 2011 28.2526315789474 0 0 0 "FJ" 2011
4 2012 27.7458333333333 0 0 0 "FJ" 2012
4 2013 28.395 0 0 0 "FJ" 2013
4 2014 27.88125 0 0 0 "FJ" 2014
4 2015 27.7666666666667 0 0 0 "FJ" 2015
4 2016 28.24375 0 0 0 "FJ" 2016
4 2018 27.1333333333333 0 0 0 "FJ" 2018
5 2003 28.5235294117647 0 0 0 "FJ" 2003
5 2004 27.9978260869565 0 0 0 "FJ" 2004
5 2005 27.7809523809524 0 0 0 "FJ" 2005
5 2006 27.95 0 0 0 "FJ" 2006
5 2007 27.6304347826087 0 0 0 "FJ" 2007
5 2008 27.2617647058824 0 0 0 "FJ" 2008
5 2009 27.4805555555556 0 0 0 "FJ" 2009
5 2010 28.0791666666667 0 0 0 "FJ" 2010
5 2011 28.31 0 0 0 "FJ" 2011
5 2012 27.5583333333333 0 0 0 "FJ" 2012
5 2013 27.86 0 0 0 "FJ" 2013
5 2014 27.45 0 0 0 "FJ" 2014
5 2015 27.7722222222222 0 0 0 "FJ" 2015
5 2016 27.8 0 0 0 "FJ" 2016
5 2017 28.4 0 0 0 "FJ" 2017
5 2018 27.5083333333333 0 0 0 "FJ" 2018
6 2000 26.6 0 0 0 "FJ" 2000
6 2001 26.5833333333333 0 0 0 "FJ" 2001
6 2003 26.9954545454545 0 0 0 "FJ" 2003
6 2004 27.840625 0 0 0 "FJ" 2004
6 2005 26.7166666666667 0 0 0 "FJ" 2005
6 2006 27.21 0 0 0 "FJ" 2006
6 2007 27.7783333333333 0 0 0 "FJ" 2007
6 2008 27.0260869565217 0 0 0 "FJ" 2008
6 2009 27.1464285714286 0 0 0 "FJ" 2009
6 2010 28.2173913043478 0 0 0 "FJ" 2010
6 2011 27.9631578947368 0 0 0 "FJ" 2011
6 2013 27.5863636363636 0 0 0 "FJ" 2013
6 2014 27.2384615384615 0 0 0 "FJ" 2014
6 2015 27.2590909090909 0 0 0 "FJ" 2015
6 2016 27.6071428571429 0 0 0 "FJ" 2016
6 2017 28.05 0 0 0 "FJ" 2017
7 1980 24 0 0 0 "FJ" 1980
7 2000 27.1 0 0 0 "FJ" 2000
7 2001 26.3 0 0 0 "FJ" 2001
7 2003 27.11 0 0 0 "FJ" 2003
7 2004 26.8725 0 0 0 "FJ" 2004
7 2005 26.903125 0 0 0 "FJ" 2005
7 2006 26.5291666666667 0 0 0 "FJ" 2006
7 2007 27.58 0 0 0 "FJ" 2007
7 2008 26.718 0 0 0 "FJ" 2008
7 2009 26.821875 0 0 0 "FJ" 2009
7 2010 27.2952380952381 0 0 0 "FJ" 2010
7 2011 27.5821428571429 0 0 0 "FJ" 2011
7 2012 27.1277777777778 0 0 0 "FJ" 2012
7 2013 26.82 0 0 0 "FJ" 2013
7 2014 27.25 0 0 0 "FJ" 2014
7 2015 27.045 0 0 0 "FJ" 2015
7 2016 27.2136363636364 0 0 0 "FJ" 2016
7 2017 28.25 0 0 0 "FJ" 2017
7 2018 27.0083333333333 0 0 0 "FJ" 2018
8 1998 26.35 0 0 0 "FJ" 1998
8 2000 26.65 0 0 0 "FJ" 2000
8 2001 26.75 0 0 0 "FJ" 2001
8 2002 27.8 0 0 0 "FJ" 2002
8 2003 26.6725 0 0 0 "FJ" 2003
8 2004 27.4678571428571 0 0 0 "FJ" 2004
8 2005 26.525 0 0 0 "FJ" 2005
8 2006 26.86 0 0 0 "FJ" 2006
8 2007 27.492 0 0 0 "FJ" 2007
8 2008 27.2428571428571 0 0 0 "FJ" 2008
8 2009 26.8176470588235 0 0 0 "FJ" 2009
8 2010 27.4857142857143 0 0 0 "FJ" 2010
8 2011 27.225 0 0 0 "FJ" 2011
8 2012 27.3071428571429 0 0 0 "FJ" 2012
8 2015 26.9 0 0 0 "FJ" 2015
8 2016 27.3666666666667 0 0 0 "FJ" 2016
8 2017 27.5388888888889 0 0 0 "FJ" 2017
8 2018 26 0 0 0 "FJ" 2018
9 1980 24 0 0 0 "FJ" 1980
9 1998 27.1382352941176 0 0 0 "FJ" 1998
9 1999 26.15 0 0 0 "FJ" 1999
9 2001 26.65 0 0 0 "FJ" 2001
9 2002 28.05 0 0 0 "FJ" 2002
9 2003 27.305 0 0 0 "FJ" 2003
9 2004 27.2285714285714 0 0 0 "FJ" 2004
9 2005 27.7318181818182 0 0 0 "FJ" 2005
9 2006 27.1722222222222 0 0 0 "FJ" 2006
9 2007 27.666 0 0 0 "FJ" 2007
9 2008 27.1980769230769 0 0 0 "FJ" 2008
9 2009 26.7294117647059 0 0 0 "FJ" 2009
9 2010 27.6809523809524 0 0 0 "FJ" 2010
9 2011 27.6464285714286 0 0 0 "FJ" 2011
9 2012 27.35 0 0 0 "FJ" 2012
9 2014 26.9833333333333 0 0 0 "FJ" 2014
9 2015 28.025 0 0 0 "FJ" 2015
9 2016 27.24375 0 0 0 "FJ" 2016
9 2017 27.5142857142857 0 0 0 "FJ" 2017
9 2018 26.75 0 0 0 "FJ" 2018
10 1979 29 0 0 0 "FJ" 1979
10 1980 29 0 0 0 "FJ" 1980
10 1998 27.3529411764706 0 0 0 "FJ" 1998
10 1999 27.0225 0 0 0 "FJ" 1999
10 2000 27.2 0 0 0 "FJ" 2000
10 2002 28.0944444444444 0 0 0 "FJ" 2002
10 2003 27.4692307692308 0 0 0 "FJ" 2003
10 2004 27.3071428571429 0 0 0 "FJ" 2004
10 2005 27.21875 0 0 0 "FJ" 2005
10 2006 27.4892857142857 0 0 0 "FJ" 2006
10 2007 27.5038461538462 0 0 0 "FJ" 2007
10 2008 27.5261904761905 0 0 0 "FJ" 2008
10 2009 26.8035714285714 0 0 0 "FJ" 2009
10 2010 27.4571428571429 0 0 0 "FJ" 2010
10 2011 28.134375 0 0 0 "FJ" 2011
10 2012 28.15 0 0 0 "FJ" 2012
10 2014 27.75 0 0 0 "FJ" 2014
10 2015 27.1025 0 0 0 "FJ" 2015
10 2016 27.8833333333333 0 0 0 "FJ" 2016
10 2017 27.5636363636364 0 0 0 "FJ" 2017
11 1979 27.3333333333333 0 0 0 "FJ" 1979
11 1980 29 0 0 0 "FJ" 1980
11 1981 24 0 0 0 "FJ" 1981
11 1998 28.3214285714286 0 0 0 "FJ" 1998
11 1999 27.6 0 0 0 "FJ" 1999
11 2000 27.35 0 0 0 "FJ" 2000
11 2002 28.76875 0 0 0 "FJ" 2002
11 2003 27.70625 0 0 0 "FJ" 2003
11 2004 27.7785714285714 0 0 0 "FJ" 2004
11 2005 27.9125 0 0 0 "FJ" 2005
11 2006 27.4566666666667 0 0 0 "FJ" 2006
11 2007 27.3727272727273 0 0 0 "FJ" 2007
11 2008 28.0642857142857 0 0 0 "FJ" 2008
11 2009 27.4357142857143 0 0 0 "FJ" 2009
11 2010 27.3552631578947 0 0 0 "FJ" 2010
11 2011 27.4045454545455 0 0 0 "FJ" 2011
11 2012 28.1428571428571 0 0 0 "FJ" 2012
11 2013 28.0357142857143 0 0 0 "FJ" 2013
11 2014 27.6666666666667 0 0 0 "FJ" 2014
11 2015 27.975 0 0 0 "FJ" 2015
11 2016 28.7 0 0 0 "FJ" 2016
11 2017 27.4416666666667 0 0 0 "FJ" 2017
11 2018 27.1 0 0 0 "FJ" 2018
12 1979 29 0 0 0 "FJ" 1979
12 1980 25.5 0 0 0 "FJ" 1980
12 1981 24 0 0 0 "FJ" 1981
12 1998 27.9791666666667 0 0 0 "FJ" 1998
12 1999 27.8176470588235 0 0 0 "FJ" 1999
12 2001 29.6 0 0 0 "FJ" 2001
12 2002 27.9846153846154 0 0 0 "FJ" 2002
12 2003 27.7117647058824 0 0 0 "FJ" 2003
12 2004 28.2416666666667 0 0 0 "FJ" 2004
12 2005 28.4166666666667 0 0 0 "FJ" 2005
12 2006 28.1019230769231 0 0 0 "FJ" 2006
12 2007 28.1576923076923 0 0 0 "FJ" 2007
12 2008 28.3673913043478 0 0 0 "FJ" 2008
12 2009 27.15 0 0 0 "FJ" 2009
12 2010 27.4041666666667 0 0 0 "FJ" 2010
12 2011 28.035 0 0 0 "FJ" 2011
12 2012 28.465 0 0 0 "FJ" 2012
12 2013 27.855 0 0 0 "FJ" 2013
12 2014 27.9307692307692 0 0 0 "FJ" 2014
12 2015 28.26 0 0 0 "FJ" 2015
12 2016 27.2 0 0 0 "FJ" 2016
12 2017 27.9375 0 0 0 "FJ" 2017
12 2018 26.63 0 0 0 "FJ" 2018
1 1979 26.5 0 0 0 "FJ" 1979
1 1980 29 0 0 0 "FJ" 1980
1 2014 28.7159090909091 0 0 0 "FJ" 2014
1 2015 28.2653846153846 0 0 0 "FJ" 2015
1 2016 28.0266666666667 0 0 0 "FJ" 2016
1 2017 27.3833333333333 0 0 0 "FJ" 2017
1 2018 27.375 0 0 0 "FJ" 2018
1 2019 27.2923076923077 0 0 0 "FJ" 2019
2 1979 24 0 0 0 "FJ" 1979
2 1980 29.5 0 0 0 "FJ" 1980
2 1981 26.5 0 0 0 "FJ" 1981
2 1984 28.4 0 0 0 "FJ" 1984
2 1988 27.9 0 0 0 "FJ" 1988
2 1992 28.9 0 0 0 "FJ" 1992
2 2014 27.95 0 0 0 "FJ" 2014
2 2015 28.121875 0 0 0 "FJ" 2015
2 2016 28.7916666666667 0 0 0 "FJ" 2016
2 2017 26.8076923076923 0 0 0 "FJ" 2017
2 2018 27.5090909090909 0 0 0 "FJ" 2018
3 2014 28.2428571428571 0 0 0 "FJ" 2014
3 2015 27.559375 0 0 0 "FJ" 2015
3 2016 28.2833333333333 0 0 0 "FJ" 2016
3 2017 27.184375 0 0 0 "FJ" 2017
3 2018 27.0294117647059 0 0 0 "FJ" 2018
4 1980 24 0 0 0 "FJ" 1980
4 1981 29 0 0 0 "FJ" 1981
4 2013 27.3071428571429 0 0 0 "FJ" 2013
4 2014 27.6 0 0 0 "FJ" 2014
4 2015 26.8 0 0 0 "FJ" 2015
4 2016 26.628125 0 0 0 "FJ" 2016
4 2017 27.6473684210526 0 0 0 "FJ" 2017
4 2018 26.2 0 0 0 "FJ" 2018
5 2013 27.1326086956522 0 0 0 "FJ" 2013
5 2014 26.49 0 0 0 "FJ" 2014
5 2015 25.9882352941176 0 0 0 "FJ" 2015
5 2016 26.5815789473684 0 0 0 "FJ" 2016
5 2017 26.6 0 0 0 "FJ" 2017
5 2018 25.7041666666667 0 0 0 "FJ" 2018
6 1979 29 0 0 0 "FJ" 1979
6 2011 27.25 0 0 0 "FJ" 2011
6 2013 26.7117647058824 0 0 0 "FJ" 2013
6 2014 26 0 0 0 "FJ" 2014
6 2015 24.7975 0 0 0 "FJ" 2015
6 2016 26.2058823529412 0 0 0 "FJ" 2016
6 2017 25.784375 0 0 0 "FJ" 2017
6 2018 26.325 0 0 0 "FJ" 2018
7 2013 24.95 0 0 0 "FJ" 2013
7 2014 25.025 0 0 0 "FJ" 2014
7 2015 24.79 0 0 0 "FJ" 2015
7 2016 25.6055555555556 0 0 0 "FJ" 2016
7 2017 24.8975 0 0 0 "FJ" 2017
7 2018 25.25 0 0 0 "FJ" 2018
8 2011 26.5 0 0 0 "FJ" 2011
8 2013 26.0095238095238 0 0 0 "FJ" 2013
8 2014 24.5181818181818 0 0 0 "FJ" 2014
8 2015 24.55 0 0 0 "FJ" 2015
8 2016 25.2033333333333 0 0 0 "FJ" 2016
8 2017 25.5315789473684 0 0 0 "FJ" 2017
9 1979 24 0 0 0 "FJ" 1979
9 1980 28 0 0 0 "FJ" 1980
9 1981 29 0 0 0 "FJ" 1981
9 2012 26.15 0 0 0 "FJ" 2012
9 2013 25.89 0 0 0 "FJ" 2013
9 2014 26.1475 0 0 0 "FJ" 2014
9 2015 25.275 0 0 0 "FJ" 2015
9 2016 25.4852941176471 0 0 0 "FJ" 2016
9 2017 25.7230769230769 0 0 0 "FJ" 2017
9 2018 26.2 0 0 0 "FJ" 2018
10 1980 24 0 0 0 "FJ" 1980
10 1981 29 0 0 0 "FJ" 1981
10 2012 26.6038461538462 0 0 0 "FJ" 2012
10 2013 26.0692307692308 0 0 0 "FJ" 2013
10 2014 26.17 0 0 0 "FJ" 2014
10 2015 25.4305555555556 0 0 0 "FJ" 2015
10 2016 26.875 0 0 0 "FJ" 2016
10 2017 26.3045454545455 0 0 0 "FJ" 2017
10 2018 26.2166666666667 0 0 0 "FJ" 2018
11 1980 24 0 0 0 "FJ" 1980
11 2012 27 0 0 0 "FJ" 2012
11 2013 27.4 0 0 0 "FJ" 2013
11 2014 26.7704545454545 0 0 0 "FJ" 2014
11 2015 26.8047619047619 0 0 0 "FJ" 2015
11 2016 27.6083333333333 0 0 0 "FJ" 2016
11 2017 26.5823529411765 0 0 0 "FJ" 2017
11 2018 26.4 0 0 0 "FJ" 2018
12 2013 27.9294117647059 0 0 0 "FJ" 2013
12 2014 26.8863636363636 0 0 0 "FJ" 2014
12 2015 27.1807692307692 0 0 0 "FJ" 2015
12 2016 27.41 0 0 0 "FJ" 2016
12 2017 26.7473684210526 0 0 0 "FJ" 2017
12 2018 27.0954545454545 0 0 0 "FJ" 2018
1 1961 27.625 0 0 0 "FJ" 1961
1 1963 26.1 0 0 0 "FJ" 1963
1 1965 26.62 0 0 0 "FJ" 1965
1 1966 27.775 0 0 0 "FJ" 1966
1 1967 25.6333333333333 0 0 0 "FJ" 1967
1 1968 27.075 0 0 0 "FJ" 1968
1 1988 27.47 0 0 0 "FJ" 1988
1 1989 26.8208333333333 0 0 0 "FJ" 1989
1 1990 27.175 0 0 0 "FJ" 1990
1 1991 27.3392857142857 0 0 0 "FJ" 1991
1 1992 26.6 0 0 0 "FJ" 1992
1 1993 24.775 0 0 0 "FJ" 1993
1 1994 26.95 0 0 0 "FJ" 1994
1 1995 26.425 0 0 0 "FJ" 1995
1 1996 27.5625 0 0 0 "FJ" 1996
1 1997 26.7928571428571 0 0 0 "FJ" 1997
1 1998 28.2 0 0 0 "FJ" 1998
1 2000 26.8722222222222 0 0 0 "FJ" 2000
1 2002 27.7538461538462 0 0 0 "FJ" 2002
1 2003 27.6769230769231 0 0 0 "FJ" 2003
1 2004 27.1210526315789 0 0 0 "FJ" 2004
1 2005 27.8392857142857 0 0 0 "FJ" 2005
1 2006 26.9333333333333 0 0 0 "FJ" 2006
1 2007 27.6714285714286 0 0 0 "FJ" 2007
1 2008 26.4625 0 0 0 "FJ" 2008
1 2009 26.575 0 0 0 "FJ" 2009
1 2010 27.3794117647059 0 0 0 "FJ" 2010
1 2011 27.1222222222222 0 0 0 "FJ" 2011
1 2012 27.1178571428571 0 0 0 "FJ" 2012
1 2013 27.7833333333333 0 0 0 "FJ" 2013
1 2014 27.6318181818182 0 0 0 "FJ" 2014
1 2015 27.2647058823529 0 0 0 "FJ" 2015
1 2016 27.4818181818182 0 0 0 "FJ" 2016
1 2017 27.0421052631579 0 0 0 "FJ" 2017
1 2018 27.2785714285714 0 0 0 "FJ" 2018
1 2019 27.8769230769231 0 0 0 "FJ" 2019
2 1961 26.2625 0 0 0 "FJ" 1961
2 1962 28.05 0 0 0 "FJ" 1962
2 1963 26.95 0 0 0 "FJ" 1963
2 1964 27.1 0 0 0 "FJ" 1964
2 1965 26.25 0 0 0 "FJ" 1965
2 1966 26.65 0 0 0 "FJ" 1966
2 1967 26.65 0 0 0 "FJ" 1967
2 1968 26.7166666666667 0 0 0 "FJ" 1968
2 1984 26.65 0 0 0 "FJ" 1984
2 1988 28.475 0 0 0 "FJ" 1988
2 1989 26.85 0 0 0 "FJ" 1989
2 1990 26.825 0 0 0 "FJ" 1990
2 1991 27.5607142857143 0 0 0 "FJ" 1991
2 1992 27.8642857142857 0 0 0 "FJ" 1992
2 1993 26.98 0 0 0 "FJ" 1993
2 1994 27.15 0 0 0 "FJ" 1994
2 1995 27.0857142857143 0 0 0 "FJ" 1995
2 1996 27.25 0 0 0 "FJ" 1996
2 1997 27.375 0 0 0 "FJ" 1997
2 1998 27.5714285714286 0 0 0 "FJ" 1998
2 2000 26.9266666666667 0 0 0 "FJ" 2000
2 2001 27.0214285714286 0 0 0 "FJ" 2001
2 2002 27.7571428571429 0 0 0 "FJ" 2002
2 2003 27.1066666666667 0 0 0 "FJ" 2003
2 2004 27.42 0 0 0 "FJ" 2004
2 2005 27.7611111111111 0 0 0 "FJ" 2005
2 2006 27.0357142857143 0 0 0 "FJ" 2006
2 2007 27.65 0 0 0 "FJ" 2007
2 2008 26.625 0 0 0 "FJ" 2008
2 2009 26.925 0 0 0 "FJ" 2009
2 2010 27.6571428571429 0 0 0 "FJ" 2010
2 2011 26.6461538461538 0 0 0 "FJ" 2011
2 2012 26.4384615384615 0 0 0 "FJ" 2012
2 2013 27.0818181818182 0 0 0 "FJ" 2013
2 2014 27.55 0 0 0 "FJ" 2014
2 2015 28.4222222222222 0 0 0 "FJ" 2015
2 2016 28.6285714285714 0 0 0 "FJ" 2016
2 2017 27.6333333333333 0 0 0 "FJ" 2017
2 2018 27.3538461538462 0 0 0 "FJ" 2018
3 1961 27.625 0 0 0 "FJ" 1961
3 1962 27.2 0 0 0 "FJ" 1962
3 1963 26.95 0 0 0 "FJ" 1963
3 1964 27.2 0 0 0 "FJ" 1964
3 1966 26.65 0 0 0 "FJ" 1966
3 1967 26.35 0 0 0 "FJ" 1967
3 1968 26.1 0 0 0 "FJ" 1968
3 1969 27.21 0 0 0 "FJ" 1969
3 1988 27.2269230769231 0 0 0 "FJ" 1988
3 1989 26.51875 0 0 0 "FJ" 1989
3 1990 27.225 0 0 0 "FJ" 1990
3 1991 26.9583333333333 0 0 0 "FJ" 1991
3 1992 26.8083333333333 0 0 0 "FJ" 1992
3 1993 27.0416666666667 0 0 0 "FJ" 1993
3 1994 27.5375 0 0 0 "FJ" 1994
3 1995 27.2416666666667 0 0 0 "FJ" 1995
3 1996 27.2611111111111 0 0 0 "FJ" 1996
3 1997 27.1 0 0 0 "FJ" 1997
3 1998 27.7666666666667 0 0 0 "FJ" 1998
3 2000 27.5625 0 0 0 "FJ" 2000
3 2001 27.09 0 0 0 "FJ" 2001
3 2002 27.5 0 0 0 "FJ" 2002
3 2003 27.1166666666667 0 0 0 "FJ" 2003
3 2004 27.0392857142857 0 0 0 "FJ" 2004
3 2005 27.6269230769231 0 0 0 "FJ" 2005
3 2006 27.4875 0 0 0 "FJ" 2006
3 2007 26.9214285714286 0 0 0 "FJ" 2007
3 2008 26.825 0 0 0 "FJ" 2008
3 2009 27.1714285714286 0 0 0 "FJ" 2009
3 2010 27.3807692307692 0 0 0 "FJ" 2010
3 2011 26.7846153846154 0 0 0 "FJ" 2011
3 2012 26.8375 0 0 0 "FJ" 2012
3 2013 26.8653846153846 0 0 0 "FJ" 2013
3 2014 27.93125 0 0 0 "FJ" 2014
3 2015 27.2766666666667 0 0 0 "FJ" 2015
3 2016 27.6863636363636 0 0 0 "FJ" 2016
3 2017 27.1727272727273 0 0 0 "FJ" 2017
3 2018 27.0566666666667 0 0 0 "FJ" 2018
4 1961 26.4375 0 0 0 "FJ" 1961
4 1962 26.4833333333333 0 0 0 "FJ" 1962
4 1963 26.925 0 0 0 "FJ" 1963
4 1966 26.7 0 0 0 "FJ" 1966
4 1967 26.375 0 0 0 "FJ" 1967
4 1968 25.55 0 0 0 "FJ" 1968
4 1969 26.5375 0 0 0 "FJ" 1969
4 1980 32 0 0 0 "FJ" 1980
4 1988 26.4714285714286 0 0 0 "FJ" 1988
4 1989 25.3944444444444 0 0 0 "FJ" 1989
4 1990 25.5208333333333 0 0 0 "FJ" 1990
4 1991 26.32 0 0 0 "FJ" 1991
4 1992 25.95 0 0 0 "FJ" 1992
4 1993 26.0071428571429 0 0 0 "FJ" 1993
4 1994 26.0888888888889 0 0 0 "FJ" 1994
4 1995 26.34375 0 0 0 "FJ" 1995
4 1996 26.99 0 0 0 "FJ" 1996
4 1997 26.15 0 0 0 "FJ" 1997
4 1998 26.46875 0 0 0 "FJ" 1998
4 2000 26.6166666666667 0 0 0 "FJ" 2000
4 2001 27.4875 0 0 0 "FJ" 2001
4 2002 27.15 0 0 0 "FJ" 2002
4 2003 27.1111111111111 0 0 0 "FJ" 2003
4 2004 26.2933333333333 0 0 0 "FJ" 2004
4 2005 27.0441176470588 0 0 0 "FJ" 2005
4 2006 27.0925 0 0 0 "FJ" 2006
4 2007 26.2807692307692 0 0 0 "FJ" 2007
4 2008 26.395 0 0 0 "FJ" 2008
4 2009 26.2882352941176 0 0 0 "FJ" 2009
4 2010 26.39 0 0 0 "FJ" 2010
4 2011 26.5730769230769 0 0 0 "FJ" 2011
4 2012 26.0863636363636 0 0 0 "FJ" 2012
4 2013 26.5769230769231 0 0 0 "FJ" 2013
4 2014 25.7714285714286 0 0 0 "FJ" 2014
4 2015 26.3166666666667 0 0 0 "FJ" 2015
4 2016 26.85 0 0 0 "FJ" 2016
4 2017 26.9923076923077 0 0 0 "FJ" 2017
4 2018 26.3384615384615 0 0 0 "FJ" 2018
5 1961 26.75 0 0 0 "FJ" 1961
5 1963 25.125 0 0 0 "FJ" 1963
5 1964 24.975 0 0 0 "FJ" 1964
5 1965 25.425 0 0 0 "FJ" 1965
5 1987 23.8916666666667 0 0 0 "FJ" 1987
5 1988 25.7083333333333 0 0 0 "FJ" 1988
5 1989 24.50625 0 0 0 "FJ" 1989
5 1990 25.375 0 0 0 "FJ" 1990
5 1991 24.5125 0 0 0 "FJ" 1991
5 1992 24.2142857142857 0 0 0 "FJ" 1992
5 1993 25.2583333333333 0 0 0 "FJ" 1993
5 1994 24.415 0 0 0 "FJ" 1994
5 1995 24.4166666666667 0 0 0 "FJ" 1995
5 1996 24.11875 0 0 0 "FJ" 1996
5 1997 24.2666666666667 0 0 0 "FJ" 1997
5 1998 25.4583333333333 0 0 0 "FJ" 1998
5 2000 25.425 0 0 0 "FJ" 2000
5 2002 26.5666666666667 0 0 0 "FJ" 2002
5 2003 26.1055555555556 0 0 0 "FJ" 2003
5 2004 25.0681818181818 0 0 0 "FJ" 2004
5 2005 25.5333333333333 0 0 0 "FJ" 2005
5 2006 25.3055555555556 0 0 0 "FJ" 2006
5 2007 24.9388888888889 0 0 0 "FJ" 2007
5 2008 24.1375 0 0 0 "FJ" 2008
5 2009 25.1233333333333 0 0 0 "FJ" 2009
5 2010 26.2578947368421 0 0 0 "FJ" 2010
5 2011 26.421875 0 0 0 "FJ" 2011
5 2012 25.5205882352941 0 0 0 "FJ" 2012
5 2013 25.3055555555556 0 0 0 "FJ" 2013
5 2014 24.6321428571429 0 0 0 "FJ" 2014
5 2015 24.9727272727273 0 0 0 "FJ" 2015
5 2016 25.6277777777778 0 0 0 "FJ" 2016
5 2017 26.2083333333333 0 0 0 "FJ" 2017
5 2018 25.0233333333333 0 0 0 "FJ" 2018
6 1961 26.4 0 0 0 "FJ" 1961
6 1963 24.575 0 0 0 "FJ" 1963
6 1965 23.9 0 0 0 "FJ" 1965
6 1987 22.78 0 0 0 "FJ" 1987
6 1988 25.4277777777778 0 0 0 "FJ" 1988
6 1989 23.43125 0 0 0 "FJ" 1989
6 1990 23.175 0 0 0 "FJ" 1990
6 1991 24.1375 0 0 0 "FJ" 1991
6 1992 24.8428571428571 0 0 0 "FJ" 1992
6 1993 23.19375 0 0 0 "FJ" 1993
6 1994 22.58125 0 0 0 "FJ" 1994
6 1995 23.55 0 0 0 "FJ" 1995
6 1996 23.6444444444444 0 0 0 "FJ" 1996
6 1997 23.475 0 0 0 "FJ" 1997
6 1998 23.0375 0 0 0 "FJ" 1998
6 2000 25.95 0 0 0 "FJ" 2000
6 2002 26 0 0 0 "FJ" 2002
6 2003 23.7333333333333 0 0 0 "FJ" 2003
6 2004 25.345 0 0 0 "FJ" 2004
6 2005 23.7653846153846 0 0 0 "FJ" 2005
6 2006 24.1545454545455 0 0 0 "FJ" 2006
6 2007 25.8236842105263 0 0 0 "FJ" 2007
6 2008 24.8785714285714 0 0 0 "FJ" 2008
6 2009 23.6142857142857 0 0 0 "FJ" 2009
6 2010 25.8833333333333 0 0 0 "FJ" 2010
6 2011 25.1136363636364 0 0 0 "FJ" 2011
6 2012 24.0625 0 0 0 "FJ" 2012
6 2013 24.995 0 0 0 "FJ" 2013
6 2014 24.3875 0 0 0 "FJ" 2014
6 2015 23.6409090909091 0 0 0 "FJ" 2015
6 2016 24.1666666666667 0 0 0 "FJ" 2016
6 2017 25.2115384615385 0 0 0 "FJ" 2017
6 2018 25.0807692307692 0 0 0 "FJ" 2018
7 1961 24.4 0 0 0 "FJ" 1961
7 1963 24.7 0 0 0 "FJ" 1963
7 1964 24.15 0 0 0 "FJ" 1964
7 1968 24.025 0 0 0 "FJ" 1968
7 1969 23.85 0 0 0 "FJ" 1969
7 1987 21.425 0 0 0 "FJ" 1987
7 1988 24.0916666666667 0 0 0 "FJ" 1988
7 1989 22.67 0 0 0 "FJ" 1989
7 1990 22.55 0 0 0 "FJ" 1990
7 1991 23.8666666666667 0 0 0 "FJ" 1991
7 1992 23.7714285714286 0 0 0 "FJ" 1992
7 1993 21.9375 0 0 0 "FJ" 1993
7 1994 23.0571428571429 0 0 0 "FJ" 1994
7 1995 23.975 0 0 0 "FJ" 1995
7 1996 24.025 0 0 0 "FJ" 1996
7 1997 22.5857142857143 0 0 0 "FJ" 1997
7 1998 24.25 0 0 0 "FJ" 1998
7 2001 23.9 0 0 0 "FJ" 2001
7 2002 24.55 0 0 0 "FJ" 2002
7 2003 23.35 0 0 0 "FJ" 2003
7 2004 23.7653846153846 0 0 0 "FJ" 2004
7 2005 22.6 0 0 0 "FJ" 2005
7 2006 21.7375 0 0 0 "FJ" 2006
7 2007 24.1272727272727 0 0 0 "FJ" 2007
7 2008 23.6818181818182 0 0 0 "FJ" 2008
7 2009 23.7777777777778 0 0 0 "FJ" 2009
7 2010 24.2666666666667 0 0 0 "FJ" 2010
7 2011 24.5928571428571 0 0 0 "FJ" 2011
7 2012 23.925 0 0 0 "FJ" 2012
7 2013 23.9269230769231 0 0 0 "FJ" 2013
7 2014 22.4681818181818 0 0 0 "FJ" 2014
7 2015 22.9269230769231 0 0 0 "FJ" 2015
7 2016 23.1545454545455 0 0 0 "FJ" 2016
7 2017 24.3538461538462 0 0 0 "FJ" 2017
7 2018 23.075 0 0 0 "FJ" 2018
8 1961 23.4333333333333 0 0 0 "FJ" 1961
8 1963 23.7833333333333 0 0 0 "FJ" 1963
8 1966 23.35 0 0 0 "FJ" 1966
8 1968 23.3 0 0 0 "FJ" 1968
8 1969 25 0 0 0 "FJ" 1969
8 1987 22.0944444444444 0 0 0 "FJ" 1987
8 1988 23.9272727272727 0 0 0 "FJ" 1988
8 1989 23.5066666666667 0 0 0 "FJ" 1989
8 1990 23.175 0 0 0 "FJ" 1990
8 1991 24.4 0 0 0 "FJ" 1991
8 1992 23.0038461538462 0 0 0 "FJ" 1992
8 1993 22.565 0 0 0 "FJ" 1993
8 1994 22.8555555555556 0 0 0 "FJ" 1994
8 1995 23.7 0 0 0 "FJ" 1995
8 1996 22.8071428571429 0 0 0 "FJ" 1996
8 1997 24.7357142857143 0 0 0 "FJ" 1997
8 1998 23.4428571428571 0 0 0 "FJ" 1998
8 2000 25.525 0 0 0 "FJ" 2000
8 2001 19.85 0 0 0 "FJ" 2001
8 2003 21.845 0 0 0 "FJ" 2003
8 2004 24.065 0 0 0 "FJ" 2004
8 2005 22.9909090909091 0 0 0 "FJ" 2005
8 2006 23.825 0 0 0 "FJ" 2006
8 2007 25.6038461538462 0 0 0 "FJ" 2007
8 2008 24.925 0 0 0 "FJ" 2008
8 2009 23.3333333333333 0 0 0 "FJ" 2009
8 2010 24.50625 0 0 0 "FJ" 2010
8 2011 23.8076923076923 0 0 0 "FJ" 2011
8 2012 24.3 0 0 0 "FJ" 2012
8 2013 24.6461538461538 0 0 0 "FJ" 2013
8 2014 23.2833333333333 0 0 0 "FJ" 2014
8 2015 22.86875 0 0 0 "FJ" 2015
8 2016 24.2071428571429 0 0 0 "FJ" 2016
8 2017 24.2433333333333 0 0 0 "FJ" 2017
8 2018 23.425 0 0 0 "FJ" 2018
9 1961 25.9166666666667 0 0 0 "FJ" 1961
9 1962 25.1 0 0 0 "FJ" 1962
9 1963 25 0 0 0 "FJ" 1963
9 1964 26.7 0 0 0 "FJ" 1964
9 1965 23.6 0 0 0 "FJ" 1965
9 1966 25.3 0 0 0 "FJ" 1966
9 1967 25.125 0 0 0 "FJ" 1967
9 1969 25.25 0 0 0 "FJ" 1969
9 1987 23.6428571428571 0 0 0 "FJ" 1987
9 1988 24.8409090909091 0 0 0 "FJ" 1988
9 1989 24.8 0 0 0 "FJ" 1989
9 1990 23.9916666666667 0 0 0 "FJ" 1990
9 1991 22.9590909090909 0 0 0 "FJ" 1991
9 1992 24.0857142857143 0 0 0 "FJ" 1992
9 1993 22.4 0 0 0 "FJ" 1993
9 1994 22.19 0 0 0 "FJ" 1994
9 1995 25.0642857142857 0 0 0 "FJ" 1995
9 1996 24.3833333333333 0 0 0 "FJ" 1996
9 1997 23.35 0 0 0 "FJ" 1997
9 1998 24.975 0 0 0 "FJ" 1998
9 1999 24.95 0 0 0 "FJ" 1999
9 2000 25.475 0 0 0 "FJ" 2000
9 2001 25.2666666666667 0 0 0 "FJ" 2001
9 2002 24.1125 0 0 0 "FJ" 2002
9 2003 23.5944444444444 0 0 0 "FJ" 2003
9 2004 23.5666666666667 0 0 0 "FJ" 2004
9 2005 25.1454545454545 0 0 0 "FJ" 2005
9 2006 24.24 0 0 0 "FJ" 2006
9 2007 26.6192307692308 0 0 0 "FJ" 2007
9 2008 25.0208333333333 0 0 0 "FJ" 2008
9 2009 23.9583333333333 0 0 0 "FJ" 2009
9 2010 25.8583333333333 0 0 0 "FJ" 2010
9 2011 24.8409090909091 0 0 0 "FJ" 2011
9 2012 24.9409090909091 0 0 0 "FJ" 2012
9 2013 24.4357142857143 0 0 0 "FJ" 2013
9 2014 25.1181818181818 0 0 0 "FJ" 2014
9 2015 24.0611111111111 0 0 0 "FJ" 2015
9 2016 24.4 0 0 0 "FJ" 2016
9 2017 25.7730769230769 0 0 0 "FJ" 2017
9 2018 25.9454545454545 0 0 0 "FJ" 2018
10 1962 26.1875 0 0 0 "FJ" 1962
10 1963 22.65 0 0 0 "FJ" 1963
10 1964 26.125 0 0 0 "FJ" 1964
10 1965 22.9 0 0 0 "FJ" 1965
10 1966 25.3 0 0 0 "FJ" 1966
10 1967 25 0 0 0 "FJ" 1967
10 1968 25.25 0 0 0 "FJ" 1968
10 1969 25.4 0 0 0 "FJ" 1969
10 1987 25.5333333333333 0 0 0 "FJ" 1987
10 1988 25.1318181818182 0 0 0 "FJ" 1988
10 1989 25.4666666666667 0 0 0 "FJ" 1989
10 1990 24.9444444444444 0 0 0 "FJ" 1990
10 1991 25.5 0 0 0 "FJ" 1991
10 1992 25.18125 0 0 0 "FJ" 1992
10 1993 23.2333333333333 0 0 0 "FJ" 1993
10 1994 24.03125 0 0 0 "FJ" 1994
10 1995 26 0 0 0 "FJ" 1995
10 1996 24.575 0 0 0 "FJ" 1996
10 1997 23.8125 0 0 0 "FJ" 1997
10 1998 25.6555555555556 0 0 0 "FJ" 1998
10 1999 25.0318181818182 0 0 0 "FJ" 1999
10 2000 25.6 0 0 0 "FJ" 2000
10 2001 24.04 0 0 0 "FJ" 2001
10 2002 25.6 0 0 0 "FJ" 2002
10 2003 25.0266666666667 0 0 0 "FJ" 2003
10 2004 25.36875 0 0 0 "FJ" 2004
10 2005 26.7272727272727 0 0 0 "FJ" 2005
10 2006 25.2692307692308 0 0 0 "FJ" 2006
10 2007 26.8727272727273 0 0 0 "FJ" 2007
10 2008 25.65 0 0 0 "FJ" 2008
10 2009 24.1375 0 0 0 "FJ" 2009
10 2010 26.4625 0 0 0 "FJ" 2010
10 2011 25.6090909090909 0 0 0 "FJ" 2011
10 2012 25.3944444444444 0 0 0 "FJ" 2012
10 2013 25.575 0 0 0 "FJ" 2013
10 2014 26.12 0 0 0 "FJ" 2014
10 2015 25.0181818181818 0 0 0 "FJ" 2015
10 2016 25.8888888888889 0 0 0 "FJ" 2016
10 2017 26.475 0 0 0 "FJ" 2017
10 2018 26.9708333333333 0 0 0 "FJ" 2018
11 1961 26.17 0 0 0 "FJ" 1961
11 1962 25.7166666666667 0 0 0 "FJ" 1962
11 1963 26.05 0 0 0 "FJ" 1963
11 1966 25.55 0 0 0 "FJ" 1966
11 1968 26.1 0 0 0 "FJ" 1968
11 1969 25.35 0 0 0 "FJ" 1969
11 1987 26.9916666666667 0 0 0 "FJ" 1987
11 1988 25.75 0 0 0 "FJ" 1988
11 1989 25.7125 0 0 0 "FJ" 1989
11 1990 26.405 0 0 0 "FJ" 1990
11 1991 25.4277777777778 0 0 0 "FJ" 1991
11 1992 25.1777777777778 0 0 0 "FJ" 1992
11 1993 26.63 0 0 0 "FJ" 1993
11 1994 26.16 0 0 0 "FJ" 1994
11 1995 26.8 0 0 0 "FJ" 1995
11 1996 25.7 0 0 0 "FJ" 1996
11 1997 26.1125 0 0 0 "FJ" 1997
11 1998 27.9875 0 0 0 "FJ" 1998
11 1999 25.8 0 0 0 "FJ" 1999
11 2000 26.225 0 0 0 "FJ" 2000
11 2001 26.475 0 0 0 "FJ" 2001
11 2002 26.4214285714286 0 0 0 "FJ" 2002
11 2003 26.4772727272727 0 0 0 "FJ" 2003
11 2004 25.9633333333333 0 0 0 "FJ" 2004
11 2005 26.6638888888889 0 0 0 "FJ" 2005
11 2006 26.3318181818182 0 0 0 "FJ" 2006
11 2007 26.5777777777778 0 0 0 "FJ" 2007
11 2008 26.1833333333333 0 0 0 "FJ" 2008
11 2009 25.7038461538462 0 0 0 "FJ" 2009
11 2010 26.2807692307692 0 0 0 "FJ" 2010
11 2011 26.71 0 0 0 "FJ" 2011
11 2012 26.1772727272727 0 0 0 "FJ" 2012
11 2013 27.1166666666667 0 0 0 "FJ" 2013
11 2014 26.2785714285714 0 0 0 "FJ" 2014
11 2015 27.2692307692308 0 0 0 "FJ" 2015
11 2016 26.5916666666667 0 0 0 "FJ" 2016
11 2017 27.234375 0 0 0 "FJ" 2017
11 2018 26.5875 0 0 0 "FJ" 2018
12 1961 26.4 0 0 0 "FJ" 1961
12 1962 26.05 0 0 0 "FJ" 1962
12 1963 28.05 0 0 0 "FJ" 1963
12 1964 26.2166666666667 0 0 0 "FJ" 1964
12 1965 27.5166666666667 0 0 0 "FJ" 1965
12 1966 26.16 0 0 0 "FJ" 1966
12 1967 26.25 0 0 0 "FJ" 1967
12 1968 27.5 0 0 0 "FJ" 1968
12 1969 27.075 0 0 0 "FJ" 1969
12 1987 27.625 0 0 0 "FJ" 1987
12 1988 26.30625 0 0 0 "FJ" 1988
12 1989 26.11 0 0 0 "FJ" 1989
12 1990 26.2681818181818 0 0 0 "FJ" 1990
12 1991 26.85 0 0 0 "FJ" 1991
12 1992 27.3875 0 0 0 "FJ" 1992
12 1993 27.3 0 0 0 "FJ" 1993
12 1994 27.23 0 0 0 "FJ" 1994
12 1995 27.05 0 0 0 "FJ" 1995
12 1996 27.28 0 0 0 "FJ" 1996
12 1997 27.775 0 0 0 "FJ" 1997
12 1998 27.7555555555556 0 0 0 "FJ" 1998
12 1999 27.0409090909091 0 0 0 "FJ" 1999
12 2000 26.125 0 0 0 "FJ" 2000
12 2002 27.4433333333333 0 0 0 "FJ" 2002
12 2003 27.36 0 0 0 "FJ" 2003
12 2004 28.2571428571429 0 0 0 "FJ" 2004
12 2005 26.3333333333333 0 0 0 "FJ" 2005
12 2006 26.9088235294118 0 0 0 "FJ" 2006
12 2007 26.4777777777778 0 0 0 "FJ" 2007
12 2008 27.1833333333333 0 0 0 "FJ" 2008
12 2009 26 0 0 0 "FJ" 2009
12 2010 26.465625 0 0 0 "FJ" 2010
12 2011 26.67 0 0 0 "FJ" 2011
12 2012 27.3863636363636 0 0 0 "FJ" 2012
12 2013 26.8545454545455 0 0 0 "FJ" 2013
12 2014 27.0125 0 0 0 "FJ" 2014
12 2015 27.3038461538462 0 0 0 "FJ" 2015
12 2016 27.7 0 0 0 "FJ" 2016
12 2017 27 0 0 0 "FJ" 2017
12 2018 27.5694444444444 0 0 0 "FJ" 2018
1 1979 19.5 0 0 0 "FJ" 1979
1 1980 27.25 0 0 0 "FJ" 1980
1 2000 27.575 0 0 0 "FJ" 2000
1 2002 27.4666666666667 0 0 0 "FJ" 2002
1 2003 28.1277777777778 0 0 0 "FJ" 2003
1 2004 25.8470588235294 0 0 0 "FJ" 2004
1 2005 27.4909090909091 0 0 0 "FJ" 2005
1 2006 27.0055555555556 0 0 0 "FJ" 2006
1 2007 27.0142857142857 0 0 0 "FJ" 2007
1 2008 26.7433333333333 0 0 0 "FJ" 2008
1 2009 26.9433333333333 0 0 0 "FJ" 2009
1 2010 26.9321428571429 0 0 0 "FJ" 2010
1 2011 26.8192307692308 0 0 0 "FJ" 2011
1 2012 27.0346153846154 0 0 0 "FJ" 2012
1 2013 27.0666666666667 0 0 0 "FJ" 2013
1 2014 27.8433333333333 0 0 0 "FJ" 2014
1 2015 26.19 0 0 0 "FJ" 2015
1 2016 27.7166666666667 0 0 0 "FJ" 2016
1 2017 27.015 0 0 0 "FJ" 2017
1 2018 26.821875 0 0 0 "FJ" 2018
1 2019 27.0863636363636 0 0 0 "FJ" 2019
2 1979 30 0 0 0 "FJ" 1979
2 1981 21.75 0 0 0 "FJ" 1981
2 2000 25.7 0 0 0 "FJ" 2000
2 2003 26.45 0 0 0 "FJ" 2003
2 2004 27.3466666666667 0 0 0 "FJ" 2004
2 2005 27.36 0 0 0 "FJ" 2005
2 2006 27.3088235294118 0 0 0 "FJ" 2006
2 2007 27.0107142857143 0 0 0 "FJ" 2007
2 2008 26.9205882352941 0 0 0 "FJ" 2008
2 2009 27.0588235294118 0 0 0 "FJ" 2009
2 2010 27.421875 0 0 0 "FJ" 2010
2 2011 26.72 0 0 0 "FJ" 2011
2 2012 26.1533333333333 0 0 0 "FJ" 2012
2 2013 27.1176470588235 0 0 0 "FJ" 2013
2 2014 27.4382352941176 0 0 0 "FJ" 2014
2 2015 27.8125 0 0 0 "FJ" 2015
2 2016 28 0 0 0 "FJ" 2016
2 2017 27.3233333333333 0 0 0 "FJ" 2017
2 2018 27.7607142857143 0 0 0 "FJ" 2018
3 1979 29.5 0 0 0 "FJ" 1979
3 2000 27.75 0 0 0 "FJ" 2000
3 2001 27.9 0 0 0 "FJ" 2001
3 2002 27.2666666666667 0 0 0 "FJ" 2002
3 2003 27.5714285714286 0 0 0 "FJ" 2003
3 2004 27.4166666666667 0 0 0 "FJ" 2004
3 2005 27.1 0 0 0 "FJ" 2005
3 2006 27.58125 0 0 0 "FJ" 2006
3 2007 27.2833333333333 0 0 0 "FJ" 2007
3 2008 26.2633333333333 0 0 0 "FJ" 2008
3 2009 27.075 0 0 0 "FJ" 2009
3 2010 26.8058823529412 0 0 0 "FJ" 2010
3 2011 26.8047619047619 0 0 0 "FJ" 2011
3 2012 26.6705882352941 0 0 0 "FJ" 2012
3 2013 27.0727272727273 0 0 0 "FJ" 2013
3 2014 27.1346153846154 0 0 0 "FJ" 2014
3 2015 26.8555555555556 0 0 0 "FJ" 2015
3 2016 27.6107142857143 0 0 0 "FJ" 2016
3 2017 27.2166666666667 0 0 0 "FJ" 2017
3 2018 27.228125 0 0 0 "FJ" 2018
4 1979 26.1666666666667 0 0 0 "FJ" 1979
4 1980 24.5 0 0 0 "FJ" 1980
4 1981 29 0 0 0 "FJ" 1981
4 2002 27 0 0 0 "FJ" 2002
4 2003 26.0666666666667 0 0 0 "FJ" 2003
4 2004 25.7115384615385 0 0 0 "FJ" 2004
4 2005 26.7911764705882 0 0 0 "FJ" 2005
4 2006 27.1375 0 0 0 "FJ" 2006
4 2007 26.4235294117647 0 0 0 "FJ" 2007
4 2008 26.2 0 0 0 "FJ" 2008
4 2009 25.7823529411765 0 0 0 "FJ" 2009
4 2010 26.1323529411765 0 0 0 "FJ" 2010
4 2011 26.6294117647059 0 0 0 "FJ" 2011
4 2012 26.0088235294118 0 0 0 "FJ" 2012
4 2013 26.2676470588235 0 0 0 "FJ" 2013
4 2014 25.5714285714286 0 0 0 "FJ" 2014
4 2015 26.8 0 0 0 "FJ" 2015
4 2016 26.1375 0 0 0 "FJ" 2016
4 2017 26.5205882352941 0 0 0 "FJ" 2017
4 2018 25.9115384615385 0 0 0 "FJ" 2018
5 1979 24.5 0 0 0 "FJ" 1979
5 1980 24.5 0 0 0 "FJ" 1980
5 2002 24.85 0 0 0 "FJ" 2002
5 2003 25.6714285714286 0 0 0 "FJ" 2003
5 2004 24.3208333333333 0 0 0 "FJ" 2004
5 2005 24.7266666666667 0 0 0 "FJ" 2005
5 2006 25.246875 0 0 0 "FJ" 2006
5 2007 24.4625 0 0 0 "FJ" 2007
5 2008 23.8323529411765 0 0 0 "FJ" 2008
5 2009 24.3823529411765 0 0 0 "FJ" 2009
5 2010 25.8266666666667 0 0 0 "FJ" 2010
5 2011 26.1147058823529 0 0 0 "FJ" 2011
5 2012 24.2973684210526 0 0 0 "FJ" 2012
5 2013 25.1 0 0 0 "FJ" 2013
5 2014 24.0642857142857 0 0 0 "FJ" 2014
5 2015 24.45 0 0 0 "FJ" 2015
5 2016 24.4633333333333 0 0 0 "FJ" 2016
5 2017 25.9892857142857 0 0 0 "FJ" 2017
5 2018 24.32 0 0 0 "FJ" 2018
6 1979 24.5 0 0 0 "FJ" 1979
6 1981 24 0 0 0 "FJ" 1981
6 2000 24.26 0 0 0 "FJ" 2000
6 2001 24.55 0 0 0 "FJ" 2001
6 2002 24.95 0 0 0 "FJ" 2002
6 2003 23.2444444444444 0 0 0 "FJ" 2003
6 2004 24.4321428571429 0 0 0 "FJ" 2004
6 2005 22.6375 0 0 0 "FJ" 2005
6 2006 24.06 0 0 0 "FJ" 2006
6 2007 24.8733333333333 0 0 0 "FJ" 2007
6 2008 23.9346153846154 0 0 0 "FJ" 2008
6 2009 22.8730769230769 0 0 0 "FJ" 2009
6 2010 25.4411764705882 0 0 0 "FJ" 2010
6 2011 25.0058823529412 0 0 0 "FJ" 2011
6 2012 23.2266666666667 0 0 0 "FJ" 2012
6 2013 24.55 0 0 0 "FJ" 2013
6 2014 23.67 0 0 0 "FJ" 2014
6 2015 23.09 0 0 0 "FJ" 2015
6 2016 24.034375 0 0 0 "FJ" 2016
6 2017 24.5 0 0 0 "FJ" 2017
6 2018 25.3888888888889 0 0 0 "FJ" 2018
7 1980 19.5 0 0 0 "FJ" 1980
7 1981 24 0 0 0 "FJ" 1981
7 1998 23 0 0 0 "FJ" 1998
7 2000 23.6 0 0 0 "FJ" 2000
7 2001 22.9833333333333 0 0 0 "FJ" 2001
7 2002 23.7375 0 0 0 "FJ" 2002
7 2003 23.15 0 0 0 "FJ" 2003
7 2004 23.3416666666667 0 0 0 "FJ" 2004
7 2005 22.465625 0 0 0 "FJ" 2005
7 2006 21.621875 0 0 0 "FJ" 2006
7 2007 23.7538461538462 0 0 0 "FJ" 2007
7 2008 23.1461538461538 0 0 0 "FJ" 2008
7 2009 23.0676470588235 0 0 0 "FJ" 2009
7 2010 23.0576923076923 0 0 0 "FJ" 2010
7 2011 23.9552631578947 0 0 0 "FJ" 2011
7 2012 23.1076923076923 0 0 0 "FJ" 2012
7 2013 23.7264705882353 0 0 0 "FJ" 2013
7 2014 21.35 0 0 0 "FJ" 2014
7 2015 22.4 0 0 0 "FJ" 2015
7 2016 23.1821428571429 0 0 0 "FJ" 2016
7 2017 22.8423076923077 0 0 0 "FJ" 2017
7 2018 23.3 0 0 0 "FJ" 2018
8 1998 22.5714285714286 0 0 0 "FJ" 1998
8 2000 21.9 0 0 0 "FJ" 2000
8 2001 22.1 0 0 0 "FJ" 2001
8 2002 20.425 0 0 0 "FJ" 2002
8 2003 21.58 0 0 0 "FJ" 2003
8 2004 23.4111111111111 0 0 0 "FJ" 2004
8 2005 22.0607142857143 0 0 0 "FJ" 2005
8 2006 22.8363636363636 0 0 0 "FJ" 2006
8 2007 24.1266666666667 0 0 0 "FJ" 2007
8 2008 24.0657894736842 0 0 0 "FJ" 2008
8 2009 23.0289473684211 0 0 0 "FJ" 2009
8 2010 23.8970588235294 0 0 0 "FJ" 2010
8 2011 22.6454545454545 0 0 0 "FJ" 2011
8 2012 23.1875 0 0 0 "FJ" 2012
8 2013 23.928125 0 0 0 "FJ" 2013
8 2014 22.3615384615385 0 0 0 "FJ" 2014
8 2015 22.6875 0 0 0 "FJ" 2015
8 2016 22.5636363636364 0 0 0 "FJ" 2016
8 2017 23.1071428571429 0 0 0 "FJ" 2017
8 2018 22.72 0 0 0 "FJ" 2018
9 1979 25 0 0 0 "FJ" 1979
9 1998 23.3272727272727 0 0 0 "FJ" 1998
9 1999 24.2 0 0 0 "FJ" 1999
9 2000 22.65 0 0 0 "FJ" 2000
9 2002 23.52 0 0 0 "FJ" 2002
9 2003 22.5958333333333 0 0 0 "FJ" 2003
9 2004 23.2833333333333 0 0 0 "FJ" 2004
9 2005 24.2055555555556 0 0 0 "FJ" 2005
9 2006 23.325 0 0 0 "FJ" 2006
9 2007 25.2307692307692 0 0 0 "FJ" 2007
9 2008 24.2653846153846 0 0 0 "FJ" 2008
9 2009 22.7764705882353 0 0 0 "FJ" 2009
9 2010 24.7027777777778 0 0 0 "FJ" 2010
9 2011 23.79375 0 0 0 "FJ" 2011
9 2012 24.65 0 0 0 "FJ" 2012
9 2013 23.9785714285714 0 0 0 "FJ" 2013
9 2014 24.0192307692308 0 0 0 "FJ" 2014
9 2015 22.5 0 0 0 "FJ" 2015
9 2016 24.095 0 0 0 "FJ" 2016
9 2017 24.4916666666667 0 0 0 "FJ" 2017
9 2018 24.4285714285714 0 0 0 "FJ" 2018
10 1980 29 0 0 0 "FJ" 1980
10 1998 25.125 0 0 0 "FJ" 1998
10 1999 25.0363636363636 0 0 0 "FJ" 1999
10 2000 23.6166666666667 0 0 0 "FJ" 2000
10 2001 24.125 0 0 0 "FJ" 2001
10 2002 25.85 0 0 0 "FJ" 2002
10 2003 23.5142857142857 0 0 0 "FJ" 2003
10 2004 24.8441176470588 0 0 0 "FJ" 2004
10 2005 24.9583333333333 0 0 0 "FJ" 2005
10 2006 24.2384615384615 0 0 0 "FJ" 2006
10 2007 25.575 0 0 0 "FJ" 2007
10 2008 25.0933333333333 0 0 0 "FJ" 2008
10 2009 23.0142857142857 0 0 0 "FJ" 2009
10 2010 24.921875 0 0 0 "FJ" 2010
10 2011 25.021875 0 0 0 "FJ" 2011
10 2012 24.9785714285714 0 0 0 "FJ" 2012
10 2013 24.1764705882353 0 0 0 "FJ" 2013
10 2014 24.3791666666667 0 0 0 "FJ" 2014
10 2015 23.4038461538462 0 0 0 "FJ" 2015
10 2016 24.8678571428571 0 0 0 "FJ" 2016
10 2017 25.0764705882353 0 0 0 "FJ" 2017
10 2018 25.4954545454545 0 0 0 "FJ" 2018
11 1979 26.75 0 0 0 "FJ" 1979
11 1981 24 0 0 0 "FJ" 1981
11 1998 26.8041666666667 0 0 0 "FJ" 1998
11 1999 25.6769230769231 0 0 0 "FJ" 1999
11 2002 25.36 0 0 0 "FJ" 2002
11 2003 24.9382352941176 0 0 0 "FJ" 2003
11 2004 24.6083333333333 0 0 0 "FJ" 2004
11 2005 25.6 0 0 0 "FJ" 2005
11 2006 25.6285714285714 0 0 0 "FJ" 2006
11 2007 26.1555555555556 0 0 0 "FJ" 2007
11 2008 25.5088235294118 0 0 0 "FJ" 2008
11 2009 23.5863636363636 0 0 0 "FJ" 2009
11 2010 25.3352941176471 0 0 0 "FJ" 2010
11 2011 25.8461538461538 0 0 0 "FJ" 2011
11 2012 25.2884615384615 0 0 0 "FJ" 2012
11 2013 26.7875 0 0 0 "FJ" 2013
11 2014 24.95 0 0 0 "FJ" 2014
11 2015 25.7681818181818 0 0 0 "FJ" 2015
11 2016 25.775 0 0 0 "FJ" 2016
11 2017 26.384375 0 0 0 "FJ" 2017
11 2018 25.6833333333333 0 0 0 "FJ" 2018
12 1980 29.5 0 0 0 "FJ" 1980
12 1998 27.6192307692308 0 0 0 "FJ" 1998
12 1999 26.375 0 0 0 "FJ" 1999
12 2000 26.225 0 0 0 "FJ" 2000
12 2001 26.2 0 0 0 "FJ" 2001
12 2002 25.52 0 0 0 "FJ" 2002
12 2003 26.43125 0 0 0 "FJ" 2003
12 2004 26.6777777777778 0 0 0 "FJ" 2004
12 2005 26.5041666666667 0 0 0 "FJ" 2005
12 2006 25.9166666666667 0 0 0 "FJ" 2006
12 2007 26.4394736842105 0 0 0 "FJ" 2007
12 2008 26.6384615384615 0 0 0 "FJ" 2008
12 2009 24.825 0 0 0 "FJ" 2009
12 2010 26.2 0 0 0 "FJ" 2010
12 2011 26.6611111111111 0 0 0 "FJ" 2011
12 2012 26.6441176470588 0 0 0 "FJ" 2012
12 2013 26.7 0 0 0 "FJ" 2013
12 2014 25.68 0 0 0 "FJ" 2014
12 2015 26.2388888888889 0 0 0 "FJ" 2015
12 2016 26.55 0 0 0 "FJ" 2016
12 2017 25.9 0 0 0 "FJ" 2017
12 2018 26.775 0 0 0 "FJ" 2018
1 2012 27.52 0 0 0 "FJ" 2012
1 2013 28.6413043478261 0 0 0 "FJ" 2013
1 2014 29.0454545454545 0 0 0 "FJ" 2014
1 2015 27.8147058823529 0 0 0 "FJ" 2015
1 2016 28.6 0 0 0 "FJ" 2016
2 1980 25.5 0 0 0 "FJ" 1980
2 2012 27.2882352941176 0 0 0 "FJ" 2012
2 2013 28.9625 0 0 0 "FJ" 2013
2 2014 28.73125 0 0 0 "FJ" 2014
2 2015 29.4194444444444 0 0 0 "FJ" 2015
3 1979 25.5 0 0 0 "FJ" 1979
3 2012 28.1576923076923 0 0 0 "FJ" 2012
3 2013 28.35 0 0 0 "FJ" 2013
3 2014 28.9394736842105 0 0 0 "FJ" 2014
3 2015 27.8733333333333 0 0 0 "FJ" 2015
4 1980 26 0 0 0 "FJ" 1980
4 2012 26.7588235294118 0 0 0 "FJ" 2012
4 2013 27.7636363636364 0 0 0 "FJ" 2013
4 2014 26.9428571428571 0 0 0 "FJ" 2014
4 2015 26.75 0 0 0 "FJ" 2015
5 1981 26.5 0 0 0 "FJ" 1981
5 2012 24.6545454545455 0 0 0 "FJ" 2012
5 2013 26.7636363636364 0 0 0 "FJ" 2013
5 2014 25.7214285714286 0 0 0 "FJ" 2014
5 2015 25.2857142857143 0 0 0 "FJ" 2015
6 1980 29 0 0 0 "FJ" 1980
6 2012 23.678125 0 0 0 "FJ" 2012
6 2013 25.7535714285714 0 0 0 "FJ" 2013
6 2014 24.64 0 0 0 "FJ" 2014
6 2015 23.7638888888889 0 0 0 "FJ" 2015
7 2012 22.9205882352941 0 0 0 "FJ" 2012
7 2013 24.5333333333333 0 0 0 "FJ" 2013
7 2014 23.70625 0 0 0 "FJ" 2014
7 2015 23.175 0 0 0 "FJ" 2015
8 2012 23.8833333333333 0 0 0 "FJ" 2012
8 2013 24.8625 0 0 0 "FJ" 2013
8 2014 23.0590909090909 0 0 0 "FJ" 2014
8 2015 22.322 0 0 0 "FJ" 2015
9 1998 24.2 0 0 0 "FJ" 1998
9 2011 23.3 0 0 0 "FJ" 2011
9 2012 23.15625 0 0 0 "FJ" 2012
9 2013 24.7108695652174 0 0 0 "FJ" 2013
9 2014 25.2277777777778 0 0 0 "FJ" 2014
9 2015 23.3 0 0 0 "FJ" 2015
10 2011 25.7735294117647 0 0 0 "FJ" 2011
10 2012 24.9392857142857 0 0 0 "FJ" 2012
10 2013 25.6928571428571 0 0 0 "FJ" 2013
10 2014 24.5447368421053 0 0 0 "FJ" 2014
10 2015 24.5052631578947 0 0 0 "FJ" 2015
11 2011 26.0775 0 0 0 "FJ" 2011
11 2012 25.2368421052632 0 0 0 "FJ" 2012
11 2013 27.3823529411765 0 0 0 "FJ" 2013
11 2014 26.1666666666667 0 0 0 "FJ" 2014
11 2015 25.9395833333333 0 0 0 "FJ" 2015
11 2017 25.2 0 0 0 "FJ" 2017
12 1981 24 0 0 0 "FJ" 1981
12 2011 27.7236842105263 0 0 0 "FJ" 2011
12 2012 27.9386363636364 0 0 0 "FJ" 2012
12 2013 27.6380952380952 0 0 0 "FJ" 2013
12 2014 27.1275 0 0 0 "FJ" 2014
12 2015 26.4854166666667 0 0 0 "FJ" 2015
12 2017 25.625 0 0 0 "FJ" 2017
