"MONTH" "YEAR" "ave_precip_mo" "ave_mo_t" "opium_t" "mj_t" "coca_t" "fips" "year"
1 1979 5.3125 28.25 0 0 0 "FS" 1979
1 1980 7.16363636363636 28.3181818181818 0 0 0 "FS" 1980
1 1981 0.4 28.3 0 0 0 "FS" 1981
1 1982 0.5 29.65 0 0 0 "FS" 1982
1 1983 1.7 28.3833333333333 0 0 0 "FS" 1983
1 1984 3.49166666666667 27.725 0 0 0 "FS" 1984
1 1985 4.26875 27.88125 0 0 0 "FS" 1985
1 1986 10.43 27.19 0 0 0 "FS" 1986
1 1987 7.89 28.26 0 0 0 "FS" 1987
1 1988 6.0375 29.23125 0 0 0 "FS" 1988
1 1989 17.2230769230769 27.2730769230769 0 0 0 "FS" 1989
1 1990 7.66666666666667 27.7277777777778 0 0 0 "FS" 1990
1 1991 8.04 27.81 0 0 0 "FS" 1991
1 1992 14.42 28.15 0 0 0 "FS" 1992
1 1993 2.96666666666667 28.5166666666667 0 0 0 "FS" 1993
1 1994 2.31666666666667 28.0333333333333 0 0 0 "FS" 1994
1 1995 2.32142857142857 28.5642857142857 0 0 0 "FS" 1995
1 1996 6.985 28.01 0 0 0 "FS" 1996
1 1997 2.01428571428571 28.4785714285714 0 0 0 "FS" 1997
1 1998 6.88571428571429 28.7535714285714 0 0 0 "FS" 1998
1 2000 3 28.5909090909091 0 0 0 "FS" 2000
1 2001 18 26.55 0 0 0 "FS" 2001
1 2002 8.56666666666667 28.0916666666667 0 0 0 "FS" 2002
1 2003 0.333333333333333 28.2833333333333 0 0 0 "FS" 2003
1 2004 1.15714285714286 28.7785714285714 0 0 0 "FS" 2004
1 2005 0 27.8590909090909 0 0 0 "FS" 2005
1 2006 1.9 28.76 0 0 0 "FS" 2006
1 2009 1.8375 28.6375 0 0 0 "FS" 2009
1 2010 5.15 28.13125 0 0 0 "FS" 2010
1 2011 1.27142857142857 28.05 0 0 0 "FS" 2011
1 2012 0 29.525 0 0 0 "FS" 2012
1 2013 11.55625 28.49375 0 0 0 "FS" 2013
1 2014 0.433333333333333 28.95 0 0 0 "FS" 2014
2 1979 4.08461538461538 28.2692307692308 0 0 0 "FS" 1979
2 1980 0 28.3 0 0 0 "FS" 1980
2 1981 47.5 27.875 0 0 0 "FS" 1981
2 1982 2.36666666666667 28.3666666666667 0 0 0 "FS" 1982
2 1983 26.38 28.26 0 0 0 "FS" 1983
2 1984 10.8875 28.24375 0 0 0 "FS" 1984
2 1985 12.1 27.45625 0 0 0 "FS" 1985
2 1986 3.33333333333333 28.7583333333333 0 0 0 "FS" 1986
2 1987 16 28.6375 0 0 0 "FS" 1987
2 1988 14.2222222222222 28.1555555555556 0 0 0 "FS" 1988
2 1989 4.93333333333333 27.8583333333333 0 0 0 "FS" 1989
2 1990 15.4166666666667 27.775 0 0 0 "FS" 1990
2 1991 5.9 28.8875 0 0 0 "FS" 1991
2 1992 14.3 27.9333333333333 0 0 0 "FS" 1992
2 1993 1.98 28.22 0 0 0 "FS" 1993
2 1994 14.5 28.975 0 0 0 "FS" 1994
2 1995 0.388888888888889 27.8166666666667 0 0 0 "FS" 1995
2 1996 11.0071428571429 28.1892857142857 0 0 0 "FS" 1996
2 1997 3.46666666666667 27.9083333333333 0 0 0 "FS" 1997
2 1998 4.95384615384615 29.3653846153846 0 0 0 "FS" 1998
2 2000 5.84 28.02 0 0 0 "FS" 2000
2 2001 1.5 28.65 0 0 0 "FS" 2001
2 2002 3.95 26.825 0 0 0 "FS" 2002
2 2003 0 27.8 0 0 0 "FS" 2003
2 2004 0.392307692307692 28.3923076923077 0 0 0 "FS" 2004
2 2005 3.26666666666667 28.44 0 0 0 "FS" 2005
2 2006 10.57 27.905 0 0 0 "FS" 2006
2 2009 4.83333333333333 28.5833333333333 0 0 0 "FS" 2009
2 2010 3.97777777777778 28.8055555555556 0 0 0 "FS" 2010
2 2011 2.725 28.5625 0 0 0 "FS" 2011
2 2012 10.8857142857143 27.9214285714286 0 0 0 "FS" 2012
2 2013 7.24285714285714 27.8214285714286 0 0 0 "FS" 2013
2 2014 4.825 27.3041666666667 0 0 0 "FS" 2014
3 1979 0.125 28 0 0 0 "FS" 1979
3 1980 6.53333333333333 28.3333333333333 0 0 0 "FS" 1980
3 1981 8.225 28.4375 0 0 0 "FS" 1981
3 1983 2.58 28.47 0 0 0 "FS" 1983
3 1984 4.93636363636364 27.85 0 0 0 "FS" 1984
3 1985 5.625 28.16875 0 0 0 "FS" 1985
3 1986 2.21428571428571 28.4142857142857 0 0 0 "FS" 1986
3 1987 4.05454545454545 28.9454545454545 0 0 0 "FS" 1987
3 1988 9.32727272727273 28.25 0 0 0 "FS" 1988
3 1989 13.6142857142857 27.7714285714286 0 0 0 "FS" 1989
3 1990 3.46666666666667 28.75 0 0 0 "FS" 1990
3 1991 2.4 28.5583333333333 0 0 0 "FS" 1991
3 1992 9.18333333333333 28.9833333333333 0 0 0 "FS" 1992
3 1993 1.01666666666667 27.925 0 0 0 "FS" 1993
3 1994 23.05 27.7 0 0 0 "FS" 1994
3 1995 2.63076923076923 27.9615384615385 0 0 0 "FS" 1995
3 1996 6.12777777777778 28.4833333333333 0 0 0 "FS" 1996
3 1997 0.64 29.2866666666667 0 0 0 "FS" 1997
3 1998 4.62352941176471 28.9970588235294 0 0 0 "FS" 1998
3 2000 11.1111111111111 28.0944444444444 0 0 0 "FS" 2000
3 2001 8.5 27.725 0 0 0 "FS" 2001
3 2004 0 28.4625 0 0 0 "FS" 2004
3 2005 1.75 29.1194444444444 0 0 0 "FS" 2005
3 2009 2.76 28.57 0 0 0 "FS" 2009
3 2010 6.7 29.09375 0 0 0 "FS" 2010
3 2011 3.92142857142857 27.9035714285714 0 0 0 "FS" 2011
3 2012 9.3 27.8333333333333 0 0 0 "FS" 2012
3 2013 5.00909090909091 28.0136363636364 0 0 0 "FS" 2013
3 2014 2.93 28.695 0 0 0 "FS" 2014
4 1979 0 28.5 0 0 0 "FS" 1979
4 1980 2.08 28.6 0 0 0 "FS" 1980
4 1981 0.5 28.6111111111111 0 0 0 "FS" 1981
4 1982 13 26.65 0 0 0 "FS" 1982
4 1983 0.3 29.41 0 0 0 "FS" 1983
4 1984 5.86666666666667 28.35 0 0 0 "FS" 1984
4 1985 3.2625 28.1375 0 0 0 "FS" 1985
4 1986 0.714285714285714 28.9 0 0 0 "FS" 1986
4 1987 9.47333333333333 28.2233333333333 0 0 0 "FS" 1987
4 1988 2.86666666666667 28.6208333333333 0 0 0 "FS" 1988
4 1989 4.475 27.875 0 0 0 "FS" 1989
4 1990 13.525 27.8875 0 0 0 "FS" 1990
4 1991 46.0142857142857 26.8071428571429 0 0 0 "FS" 1991
4 1992 12.2571428571429 27.9642857142857 0 0 0 "FS" 1992
4 1993 2.45714285714286 28.5071428571429 0 0 0 "FS" 1993
4 1994 0 28.2 0 0 0 "FS" 1994
4 1995 1.48333333333333 28.4416666666667 0 0 0 "FS" 1995
4 1996 5.32857142857143 27.7928571428571 0 0 0 "FS" 1996
4 1997 1.0125 29.2 0 0 0 "FS" 1997
4 1998 7.57142857142857 28.6880952380952 0 0 0 "FS" 1998
4 2000 9.68571428571429 28.2071428571429 0 0 0 "FS" 2000
4 2001 1.9 28.075 0 0 0 "FS" 2001
4 2004 0.125 27.73125 0 0 0 "FS" 2004
4 2005 2.32 28.5925 0 0 0 "FS" 2005
4 2009 0.6 28.39 0 0 0 "FS" 2009
4 2010 2.125 28.9875 0 0 0 "FS" 2010
4 2011 2.30526315789474 28.7157894736842 0 0 0 "FS" 2011
4 2013 4.38823529411765 27.5 0 0 0 "FS" 2013
5 1979 0.5 27 0 0 0 "FS" 1979
5 1980 3.05 27.75 0 0 0 "FS" 1980
5 1981 0 26.5 0 0 0 "FS" 1981
5 1982 0.5 27.15 0 0 0 "FS" 1982
5 1983 0.857142857142857 27.75 0 0 0 "FS" 1983
5 1984 1.925 26.45625 0 0 0 "FS" 1984
5 1985 1.38181818181818 27.1 0 0 0 "FS" 1985
5 1986 11.3625 27.4625 0 0 0 "FS" 1986
5 1987 6.38888888888889 27.5222222222222 0 0 0 "FS" 1987
5 1988 4.75 26.8625 0 0 0 "FS" 1988
5 1989 0.0333333333333333 27.7444444444444 0 0 0 "FS" 1989
5 1990 0.75 27.875 0 0 0 "FS" 1990
5 1991 0 27.27 0 0 0 "FS" 1991
5 1992 0.409090909090909 27.1863636363636 0 0 0 "FS" 1992
5 1993 6.85 27.4125 0 0 0 "FS" 1993
5 1994 0.416666666666667 28.1416666666667 0 0 0 "FS" 1994
5 1995 2.33636363636364 27.4590909090909 0 0 0 "FS" 1995
5 1996 2.41904761904762 27.2714285714286 0 0 0 "FS" 1996
5 1997 1.86666666666667 27.525 0 0 0 "FS" 1997
5 1998 2.31875 28.06875 0 0 0 "FS" 1998
5 2000 3.68888888888889 26.75 0 0 0 "FS" 2000
5 2001 3.75384615384615 27.5192307692308 0 0 0 "FS" 2001
5 2004 0 25.9571428571429 0 0 0 "FS" 2004
5 2005 1.71666666666667 27.4166666666667 0 0 0 "FS" 2005
5 2009 2.84 26.765 0 0 0 "FS" 2009
5 2010 5.875 27.425 0 0 0 "FS" 2010
5 2011 2.87777777777778 27.9444444444444 0 0 0 "FS" 2011
5 2012 0.333333333333333 26.5166666666667 0 0 0 "FS" 2012
5 2013 2.23333333333333 26.0388888888889 0 0 0 "FS" 2013
6 1979 1.48333333333333 24.5 0 0 0 "FS" 1979
6 1980 2.275 26.125 0 0 0 "FS" 1980
6 1981 2.05 25.625 0 0 0 "FS" 1981
6 1982 0 26.825 0 0 0 "FS" 1982
6 1983 2.4375 25.425 0 0 0 "FS" 1983
6 1984 4.76363636363636 24.7045454545455 0 0 0 "FS" 1984
6 1985 0.55 23.65 0 0 0 "FS" 1985
6 1986 0.87 25.395 0 0 0 "FS" 1986
6 1987 0.357142857142857 24.6071428571429 0 0 0 "FS" 1987
6 1988 1.4 25.3125 0 0 0 "FS" 1988
6 1989 4.45 25.9 0 0 0 "FS" 1989
6 1990 0 25.45 0 0 0 "FS" 1990
6 1991 1.81666666666667 25.8166666666667 0 0 0 "FS" 1991
6 1992 0.2 25.97 0 0 0 "FS" 1992
6 1993 4.1 25.3 0 0 0 "FS" 1993
6 1994 2.58333333333333 25.6416666666667 0 0 0 "FS" 1994
6 1995 7.18333333333333 25.6083333333333 0 0 0 "FS" 1995
6 1996 15.9666666666667 25.05 0 0 0 "FS" 1996
6 1997 3.6 26.6363636363636 0 0 0 "FS" 1997
6 1998 1.14615384615385 26.3576923076923 0 0 0 "FS" 1998
6 2000 4.17 25.795 0 0 0 "FS" 2000
6 2001 7.32 24.57 0 0 0 "FS" 2001
6 2004 0 24.7923076923077 0 0 0 "FS" 2004
6 2005 0.2 25.6566666666667 0 0 0 "FS" 2005
6 2008 0.266666666666667 25.9833333333333 0 0 0 "FS" 2008
6 2009 1.24285714285714 26.0214285714286 0 0 0 "FS" 2009
6 2010 0.666666666666667 26.7666666666667 0 0 0 "FS" 2010
6 2011 2.5 26.3357142857143 0 0 0 "FS" 2011
6 2013 2 24.545 0 0 0 "FS" 2013
7 1979 1.975 25.75 0 0 0 "FS" 1979
7 1980 0.1 25.6 0 0 0 "FS" 1980
7 1981 0 24.75 0 0 0 "FS" 1981
7 1982 2.36666666666667 24.7666666666667 0 0 0 "FS" 1982
7 1983 0.75 25.175 0 0 0 "FS" 1983
7 1984 0.423076923076923 24.7115384615385 0 0 0 "FS" 1984
7 1985 1.25 24.7 0 0 0 "FS" 1985
7 1986 3.63333333333333 23.8 0 0 0 "FS" 1986
7 1987 4.44285714285714 25.2857142857143 0 0 0 "FS" 1987
7 1988 2.51428571428571 25.2785714285714 0 0 0 "FS" 1988
7 1989 3.58 23.85 0 0 0 "FS" 1989
7 1990 6.33333333333333 24.8666666666667 0 0 0 "FS" 1990
7 1991 0 25.2 0 0 0 "FS" 1991
7 1992 1.44285714285714 24.2 0 0 0 "FS" 1992
7 1993 2.6375 24.91875 0 0 0 "FS" 1993
7 1994 1.0125 23.9375 0 0 0 "FS" 1994
7 1995 2.11111111111111 25.0555555555556 0 0 0 "FS" 1995
7 1996 0.988888888888889 24.3833333333333 0 0 0 "FS" 1996
7 1997 1.5 24.25625 0 0 0 "FS" 1997
7 1998 1.31818181818182 24.6590909090909 0 0 0 "FS" 1998
7 2000 0.6 23.93 0 0 0 "FS" 2000
7 2001 0.383333333333333 24.4333333333333 0 0 0 "FS" 2001
7 2004 0.373333333333333 24.4133333333333 0 0 0 "FS" 2004
7 2005 1.41428571428571 25.1535714285714 0 0 0 "FS" 2005
7 2008 0 24.125 0 0 0 "FS" 2008
7 2009 0.942857142857143 25.0428571428571 0 0 0 "FS" 2009
7 2010 2.525 24.575 0 0 0 "FS" 2010
7 2011 1.15 24.675 0 0 0 "FS" 2011
7 2013 2.03333333333333 23.9833333333333 0 0 0 "FS" 2013
8 1979 0.333333333333333 25 0 0 0 "FS" 1979
8 1980 0.166666666666667 25 0 0 0 "FS" 1980
8 1981 0.375 24.625 0 0 0 "FS" 1981
8 1982 3.3 24.6333333333333 0 0 0 "FS" 1982
8 1983 2.425 25.2875 0 0 0 "FS" 1983
8 1984 1.82727272727273 23.6863636363636 0 0 0 "FS" 1984
8 1985 0.357142857142857 24.6642857142857 0 0 0 "FS" 1985
8 1986 1.01111111111111 24.5166666666667 0 0 0 "FS" 1986
8 1987 0.555555555555556 25.2555555555556 0 0 0 "FS" 1987
8 1988 4.7 25.5 0 0 0 "FS" 1988
8 1989 1.56666666666667 24.9 0 0 0 "FS" 1989
8 1990 0.25 25.275 0 0 0 "FS" 1990
8 1991 0.25 24.325 0 0 0 "FS" 1991
8 1992 0.585714285714286 24.3785714285714 0 0 0 "FS" 1992
8 1993 0.5 24.65 0 0 0 "FS" 1993
8 1994 1.16 25.03 0 0 0 "FS" 1994
8 1995 3.67777777777778 25.8555555555556 0 0 0 "FS" 1995
8 1996 0.166666666666667 25.025 0 0 0 "FS" 1996
8 1997 1.17647058823529 25.0588235294118 0 0 0 "FS" 1997
8 1998 0.366666666666667 24.6166666666667 0 0 0 "FS" 1998
8 2000 2.24285714285714 23.7714285714286 0 0 0 "FS" 2000
8 2001 1.9 25.6 0 0 0 "FS" 2001
8 2004 0 25.028125 0 0 0 "FS" 2004
8 2005 1.26666666666667 24.775 0 0 0 "FS" 2005
8 2008 0.25 23.375 0 0 0 "FS" 2008
8 2009 1.24444444444444 25.2 0 0 0 "FS" 2009
8 2010 4.28888888888889 24.9444444444444 0 0 0 "FS" 2010
8 2011 2.95 25.2125 0 0 0 "FS" 2011
8 2013 3.83333333333333 24.4 0 0 0 "FS" 2013
9 1979 0 26.5 0 0 0 "FS" 1979
9 1980 0.285714285714286 25.7142857142857 0 0 0 "FS" 1980
9 1981 0.333333333333333 26.1666666666667 0 0 0 "FS" 1981
9 1982 11.85 25.3416666666667 0 0 0 "FS" 1982
9 1983 1.55555555555556 25.2611111111111 0 0 0 "FS" 1983
9 1984 0.584615384615385 25.4 0 0 0 "FS" 1984
9 1985 2.14285714285714 25.6428571428571 0 0 0 "FS" 1985
9 1986 0.666666666666667 25.8166666666667 0 0 0 "FS" 1986
9 1987 0 26.175 0 0 0 "FS" 1987
9 1988 0.0909090909090909 25.7772727272727 0 0 0 "FS" 1988
9 1989 0.6 25.64 0 0 0 "FS" 1989
9 1990 3.55 24.575 0 0 0 "FS" 1990
9 1991 1.275 24.7875 0 0 0 "FS" 1991
9 1992 1.01428571428571 25.6285714285714 0 0 0 "FS" 1992
9 1993 1.525 25.05 0 0 0 "FS" 1993
9 1994 0 25.7318181818182 0 0 0 "FS" 1994
9 1995 0 26.29375 0 0 0 "FS" 1995
9 1996 0.2 25.3733333333333 0 0 0 "FS" 1996
9 1997 0.1875 26.2125 0 0 0 "FS" 1997
9 1998 0.69375 26.603125 0 0 0 "FS" 1998
9 1999 0 26.5 0 0 0 "FS" 1999
9 2000 0.75 25.425 0 0 0 "FS" 2000
9 2001 0 25.175 0 0 0 "FS" 2001
9 2004 0 26.0230769230769 0 0 0 "FS" 2004
9 2008 0.166666666666667 26.0875 0 0 0 "FS" 2008
9 2009 1.55 25.7875 0 0 0 "FS" 2009
9 2010 0.3 25.86 0 0 0 "FS" 2010
9 2011 0 25.7055555555556 0 0 0 "FS" 2011
9 2013 0.16 26.83 0 0 0 "FS" 2013
10 1979 0 27.625 0 0 0 "FS" 1979
10 1980 0.5 26.8125 0 0 0 "FS" 1980
10 1981 0 26.125 0 0 0 "FS" 1981
10 1982 0.166666666666667 26.6166666666667 0 0 0 "FS" 1982
10 1983 3.6 26.78 0 0 0 "FS" 1983
10 1984 0.09375 26.8375 0 0 0 "FS" 1984
10 1985 0 26.7928571428571 0 0 0 "FS" 1985
10 1986 0 26.775 0 0 0 "FS" 1986
10 1987 5.84285714285714 27.4214285714286 0 0 0 "FS" 1987
10 1988 1.7875 26.40625 0 0 0 "FS" 1988
10 1989 0 26.8944444444444 0 0 0 "FS" 1989
10 1990 0 26.875 0 0 0 "FS" 1990
10 1991 0 26.4833333333333 0 0 0 "FS" 1991
10 1992 0 27.3777777777778 0 0 0 "FS" 1992
10 1993 0.2 26.81 0 0 0 "FS" 1993
10 1994 8.16666666666667 26.9666666666667 0 0 0 "FS" 1994
10 1995 0 27.5388888888889 0 0 0 "FS" 1995
10 1996 0 26.6666666666667 0 0 0 "FS" 1996
10 1997 0.777777777777778 26.9805555555556 0 0 0 "FS" 1997
10 1998 0.417647058823529 27.3235294117647 0 0 0 "FS" 1998
10 1999 0.0588235294117647 26.7205882352941 0 0 0 "FS" 1999
10 2000 13 27.55 0 0 0 "FS" 2000
10 2001 0.5 26.75 0 0 0 "FS" 2001
10 2002 0.333333333333333 27.075 0 0 0 "FS" 2002
10 2004 0 27.1384615384615 0 0 0 "FS" 2004
10 2005 0.25 26.475 0 0 0 "FS" 2005
10 2008 0.0666666666666667 27.0266666666667 0 0 0 "FS" 2008
10 2009 0.0416666666666667 26.9958333333333 0 0 0 "FS" 2009
10 2010 0.0416666666666667 27.75 0 0 0 "FS" 2010
10 2011 0 27.4153846153846 0 0 0 "FS" 2011
10 2013 6.36666666666667 26.8666666666667 0 0 0 "FS" 2013
11 1979 0.718181818181818 28 0 0 0 "FS" 1979
11 1980 0 28.4285714285714 0 0 0 "FS" 1980
11 1981 0 27.5714285714286 0 0 0 "FS" 1981
11 1983 0.125 27.03125 0 0 0 "FS" 1983
11 1984 2.38095238095238 27.6904761904762 0 0 0 "FS" 1984
11 1985 0.0714285714285714 27.2642857142857 0 0 0 "FS" 1985
11 1986 0 28.25 0 0 0 "FS" 1986
11 1987 4.65 27.1833333333333 0 0 0 "FS" 1987
11 1988 4.85714285714286 27.5214285714286 0 0 0 "FS" 1988
11 1989 0.230769230769231 28.1307692307692 0 0 0 "FS" 1989
11 1990 0 28.9 0 0 0 "FS" 1990
11 1991 0 28.2375 0 0 0 "FS" 1991
11 1992 0 27.96 0 0 0 "FS" 1992
11 1993 0 28.75 0 0 0 "FS" 1993
11 1994 0 27.74375 0 0 0 "FS" 1994
11 1995 0.508333333333333 27.8083333333333 0 0 0 "FS" 1995
11 1996 1.245 27.6325 0 0 0 "FS" 1996
11 1997 0 28.1678571428571 0 0 0 "FS" 1997
11 1998 0.157894736842105 28.25 0 0 0 "FS" 1998
11 1999 0 27.9763157894737 0 0 0 "FS" 1999
11 2001 0.5 28.4 0 0 0 "FS" 2001
11 2002 3.75 27.725 0 0 0 "FS" 2002
11 2004 0 27.96 0 0 0 "FS" 2004
11 2005 0.5 27.1 0 0 0 "FS" 2005
11 2008 0 27.4666666666667 0 0 0 "FS" 2008
11 2009 0.61875 28.290625 0 0 0 "FS" 2009
11 2010 0 27.9214285714286 0 0 0 "FS" 2010
11 2011 1.19230769230769 28.1730769230769 0 0 0 "FS" 2011
11 2012 2.27142857142857 27.7857142857143 0 0 0 "FS" 2012
11 2013 2.73333333333333 28.25 0 0 0 "FS" 2013
12 1978 0 28 0 0 0 "FS" 1978
12 1979 2.46666666666667 28.75 0 0 0 "FS" 1979
12 1980 0.333333333333333 27.5833333333333 0 0 0 "FS" 1980
12 1981 2.15 28.4166666666667 0 0 0 "FS" 1981
12 1982 1.15 27.8375 0 0 0 "FS" 1982
12 1983 0.125 27.64375 0 0 0 "FS" 1983
12 1984 3.1 28.0184210526316 0 0 0 "FS" 1984
12 1985 5.5 28.4291666666667 0 0 0 "FS" 1985
12 1986 5.18 28.03 0 0 0 "FS" 1986
12 1987 0 28.6055555555556 0 0 0 "FS" 1987
12 1988 2.84 28.26 0 0 0 "FS" 1988
12 1989 4 28.3291666666667 0 0 0 "FS" 1989
12 1990 14.8 27.8333333333333 0 0 0 "FS" 1990
12 1991 16.42 27.76 0 0 0 "FS" 1991
12 1992 5.2375 28.075 0 0 0 "FS" 1992
12 1993 0 28.5625 0 0 0 "FS" 1993
12 1994 8.07777777777778 28.25 0 0 0 "FS" 1994
12 1995 0.142857142857143 28.0464285714286 0 0 0 "FS" 1995
12 1996 1.05882352941176 27.6058823529412 0 0 0 "FS" 1996
12 1997 3.57777777777778 29.0444444444444 0 0 0 "FS" 1997
12 1998 0.235294117647059 28.5088235294118 0 0 0 "FS" 1998
12 1999 0.933333333333333 28.43 0 0 0 "FS" 1999
12 2000 31.5 26.9 0 0 0 "FS" 2000
12 2001 8.5 27.175 0 0 0 "FS" 2001
12 2002 1.01666666666667 28.9333333333333 0 0 0 "FS" 2002
12 2003 8.9 28 0 0 0 "FS" 2003
12 2004 0 28.155 0 0 0 "FS" 2004
12 2005 19.5888888888889 27.6388888888889 0 0 0 "FS" 2005
12 2008 0 27.225 0 0 0 "FS" 2008
12 2009 0 29.2409090909091 0 0 0 "FS" 2009
12 2010 0.61 28.08 0 0 0 "FS" 2010
12 2011 2 28.5208333333333 0 0 0 "FS" 2011
12 2012 5.47272727272727 27.8727272727273 0 0 0 "FS" 2012
12 2013 14.1 27.4090909090909 0 0 0 "FS" 2013
1 1977 0 16.5 0 0 0 "FS" 1977
1 1978 1.81666666666667 16.8333333333333 0 0 0 "FS" 1978
1 1982 16.9 16.55 0 0 0 "FS" 1982
1 1983 0 15.7 0 0 0 "FS" 1983
1 1984 1.14615384615385 17.9769230769231 0 0 0 "FS" 1984
1 1985 3.98571428571429 15.7285714285714 0 0 0 "FS" 1985
1 1986 0 16.5 0 0 0 "FS" 1986
1 1987 1.01666666666667 17.725 0 0 0 "FS" 1987
1 1988 0 17.95 0 0 0 "FS" 1988
1 1989 1.7 18.3416666666667 0 0 0 "FS" 1989
1 1990 5.78888888888889 17.0833333333333 0 0 0 "FS" 1990
1 1991 0 16.85 0 0 0 "FS" 1991
1 1992 3.38 15.79 0 0 0 "FS" 1992
1 1993 8.14 16.53 0 0 0 "FS" 1993
1 1994 0.5 17.625 0 0 0 "FS" 1994
1 1995 0 18.25 0 0 0 "FS" 1995
1 1996 0.46875 18.9125 0 0 0 "FS" 1996
1 1998 0 16.4166666666667 0 0 0 "FS" 1998
1 2000 1.26153846153846 16.6807692307692 0 0 0 "FS" 2000
1 2001 0.857142857142857 16.8642857142857 0 0 0 "FS" 2001
1 2002 0.914285714285714 16.9357142857143 0 0 0 "FS" 2002
1 2003 1.51 17.2775 0 0 0 "FS" 2003
1 2004 0.573333333333333 18.1233333333333 0 0 0 "FS" 2004
1 2005 0.538461538461538 17.5653846153846 0 0 0 "FS" 2005
1 2006 0.5 16.5285714285714 0 0 0 "FS" 2006
1 2007 1.77692307692308 17.9576923076923 0 0 0 "FS" 2007
1 2008 0.611764705882353 17.4617647058824 0 0 0 "FS" 2008
1 2009 6.37368421052632 16.1710526315789 0 0 0 "FS" 2009
1 2010 2.77894736842105 17.3184210526316 0 0 0 "FS" 2010
1 2011 0.233333333333333 17.5666666666667 0 0 0 "FS" 2011
1 2012 1.43333333333333 17.6055555555556 0 0 0 "FS" 2012
1 2013 1.61176470588235 17.2294117647059 0 0 0 "FS" 2013
1 2014 1.0695652173913 16.654347826087 0 0 0 "FS" 2014
1 2015 0.61304347826087 17.9173913043478 0 0 0 "FS" 2015
1 2016 3.23684210526316 17.6684210526316 0 0 0 "FS" 2016
1 2017 0.773913043478261 16.7847826086957 0 0 0 "FS" 2017
1 2018 0.688235294117647 18.0470588235294 0 0 0 "FS" 2018
1 2019 0.977777777777778 18.9111111111111 0 0 0 "FS" 2019
2 1977 0 17.125 0 0 0 "FS" 1977
2 1978 0 18 0 0 0 "FS" 1978
2 1980 0 15 0 0 0 "FS" 1980
2 1982 0 19.69 0 0 0 "FS" 1982
2 1983 1 18.0333333333333 0 0 0 "FS" 1983
2 1984 0.6 16.04 0 0 0 "FS" 1984
2 1985 9.1 16.7666666666667 0 0 0 "FS" 1985
2 1986 1.5 17.875 0 0 0 "FS" 1986
2 1987 2.35 17.2333333333333 0 0 0 "FS" 1987
2 1988 2.05 17.825 0 0 0 "FS" 1988
2 1989 1.42 16.44 0 0 0 "FS" 1989
2 1990 3.6 18.3 0 0 0 "FS" 1990
2 1992 0 17.0666666666667 0 0 0 "FS" 1992
2 1993 0 16.7 0 0 0 "FS" 1993
2 1994 0 20.05 0 0 0 "FS" 1994
2 1996 0.272727272727273 16.6136363636364 0 0 0 "FS" 1996
2 1997 0.25 18.475 0 0 0 "FS" 1997
2 1998 4.22 20.37 0 0 0 "FS" 1998
2 2000 0.588888888888889 15.9722222222222 0 0 0 "FS" 2000
2 2001 1.31428571428571 17.8214285714286 0 0 0 "FS" 2001
2 2002 1.88333333333333 18.2388888888889 0 0 0 "FS" 2002
2 2003 1.925 16.7375 0 0 0 "FS" 2003
2 2004 1.2875 16.540625 0 0 0 "FS" 2004
2 2005 0.21875 16.584375 0 0 0 "FS" 2005
2 2006 0.357142857142857 18.1928571428571 0 0 0 "FS" 2006
2 2007 1.79285714285714 18.8392857142857 0 0 0 "FS" 2007
2 2008 0.825 17.940625 0 0 0 "FS" 2008
2 2009 0.373684210526316 16.35 0 0 0 "FS" 2009
2 2010 3.98 17.53 0 0 0 "FS" 2010
2 2011 3.54285714285714 19.3380952380952 0 0 0 "FS" 2011
2 2012 2.32666666666667 18.0666666666667 0 0 0 "FS" 2012
2 2013 0.783333333333333 17.175 0 0 0 "FS" 2013
2 2014 1.51 17.2175 0 0 0 "FS" 2014
2 2015 0.505263157894737 17.8342105263158 0 0 0 "FS" 2015
2 2016 3.17272727272727 17.2681818181818 0 0 0 "FS" 2016
2 2017 1.28333333333333 18.3833333333333 0 0 0 "FS" 2017
2 2018 0.977777777777778 18.9111111111111 0 0 0 "FS" 2018
3 1974 0 13.5 0 0 0 "FS" 1974
3 1977 0 14.5 0 0 0 "FS" 1977
3 1978 0.25 14.7375 0 0 0 "FS" 1978
3 1982 0.2625 17.98125 0 0 0 "FS" 1982
3 1983 0.477777777777778 15.6222222222222 0 0 0 "FS" 1983
3 1984 0.227272727272727 17.2954545454545 0 0 0 "FS" 1984
3 1985 1.47142857142857 16.8357142857143 0 0 0 "FS" 1985
3 1986 1.4 16.59375 0 0 0 "FS" 1986
3 1987 0.05 17.2916666666667 0 0 0 "FS" 1987
3 1988 12.175 15.7 0 0 0 "FS" 1988
3 1989 4.67272727272727 16.8545454545455 0 0 0 "FS" 1989
3 1990 0.6 15.81 0 0 0 "FS" 1990
3 1991 4.95 17.95 0 0 0 "FS" 1991
3 1992 15.4 15.5083333333333 0 0 0 "FS" 1992
3 1993 1.15 16.025 0 0 0 "FS" 1993
3 1994 3.68333333333333 17.3666666666667 0 0 0 "FS" 1994
3 1995 5.57 16.24 0 0 0 "FS" 1995
3 1996 3.04545454545455 16.6272727272727 0 0 0 "FS" 1996
3 1997 0 17.85 0 0 0 "FS" 1997
3 1998 0.194444444444444 16.55 0 0 0 "FS" 1998
3 2000 0.930769230769231 18.8115384615385 0 0 0 "FS" 2000
3 2001 3.26666666666667 18.04 0 0 0 "FS" 2001
3 2002 1.44375 16.665625 0 0 0 "FS" 2002
3 2003 2.7 16.2578947368421 0 0 0 "FS" 2003
3 2004 0.776470588235294 16.5441176470588 0 0 0 "FS" 2004
3 2005 3.38823529411765 15.8588235294118 0 0 0 "FS" 2005
3 2006 0.325 17.0625 0 0 0 "FS" 2006
3 2007 3.48888888888889 16.3833333333333 0 0 0 "FS" 2007
3 2008 1.0304347826087 16.7934782608696 0 0 0 "FS" 2008
3 2009 1.57368421052632 15.3710526315789 0 0 0 "FS" 2009
3 2010 0.782352941176471 16.3735294117647 0 0 0 "FS" 2010
3 2011 1.04375 18.465625 0 0 0 "FS" 2011
3 2012 2.335 15.91 0 0 0 "FS" 2012
3 2013 0.266666666666667 17.3666666666667 0 0 0 "FS" 2013
3 2014 5.648 17.42 0 0 0 "FS" 2014
3 2015 1.6695652173913 18.1739130434783 0 0 0 "FS" 2015
3 2016 5.86842105263158 17.3342105263158 0 0 0 "FS" 2016
3 2017 0.705 17.875 0 0 0 "FS" 2017
3 2018 2.36818181818182 18.2181818181818 0 0 0 "FS" 2018
4 1977 0.785714285714286 16.4285714285714 0 0 0 "FS" 1977
4 1978 1.36666666666667 16.3333333333333 0 0 0 "FS" 1978
4 1982 2.96666666666667 13.8166666666667 0 0 0 "FS" 1982
4 1983 3.05555555555556 16.1111111111111 0 0 0 "FS" 1983
4 1984 2.85555555555556 14.1888888888889 0 0 0 "FS" 1984
4 1985 2.54444444444444 15.4777777777778 0 0 0 "FS" 1985
4 1986 0.21 15.46 0 0 0 "FS" 1986
4 1987 1.13636363636364 15.8772727272727 0 0 0 "FS" 1987
4 1988 0.1 15.075 0 0 0 "FS" 1988
4 1989 4.62727272727273 15.0772727272727 0 0 0 "FS" 1989
4 1990 0.666666666666667 18.0833333333333 0 0 0 "FS" 1990
4 1991 2.8 14.9833333333333 0 0 0 "FS" 1991
4 1992 0.26 15.53 0 0 0 "FS" 1992
4 1993 1.22 14.27 0 0 0 "FS" 1993
4 1994 0.5 13.4 0 0 0 "FS" 1994
4 1995 1.76666666666667 15.25 0 0 0 "FS" 1995
4 1996 1.78181818181818 14.7 0 0 0 "FS" 1996
4 1997 5 16.675 0 0 0 "FS" 1997
4 1998 0.864705882352941 15.5117647058824 0 0 0 "FS" 1998
4 2000 1.71333333333333 16.0366666666667 0 0 0 "FS" 2000
4 2001 1.99230769230769 15.0576923076923 0 0 0 "FS" 2001
4 2002 0.728571428571429 15.8678571428571 0 0 0 "FS" 2002
4 2003 0.705882352941177 14.6411764705882 0 0 0 "FS" 2003
4 2004 0.194444444444444 15.8083333333333 0 0 0 "FS" 2004
4 2005 3.44285714285714 14.4535714285714 0 0 0 "FS" 2005
4 2006 0.125 16.7375 0 0 0 "FS" 2006
4 2007 2.55714285714286 14.7821428571429 0 0 0 "FS" 2007
4 2008 1.47222222222222 15.8138888888889 0 0 0 "FS" 2008
4 2009 1.33529411764706 15.7529411764706 0 0 0 "FS" 2009
4 2010 1.66 14.9966666666667 0 0 0 "FS" 2010
4 2011 0.713333333333333 15.44 0 0 0 "FS" 2011
4 2012 0.678571428571428 14.875 0 0 0 "FS" 2012
4 2013 0.716666666666667 15.6104166666667 0 0 0 "FS" 2013
4 2014 1.64166666666667 16.1229166666667 0 0 0 "FS" 2014
4 2015 3.41428571428571 16.4071428571429 0 0 0 "FS" 2015
4 2016 0.126086956521739 16.1804347826087 0 0 0 "FS" 2016
4 2017 2.93 17.44 0 0 0 "FS" 2017
4 2018 1.64545454545455 16.4909090909091 0 0 0 "FS" 2018
5 1977 1.52 14.3 0 0 0 "FS" 1977
5 1978 1.975 13.5 0 0 0 "FS" 1978
5 1982 5 14.45 0 0 0 "FS" 1982
5 1983 1.15555555555556 13.5444444444444 0 0 0 "FS" 1983
5 1984 3.3625 12.65625 0 0 0 "FS" 1984
5 1985 6.225 12.3125 0 0 0 "FS" 1985
5 1986 1.69090909090909 14.4545454545455 0 0 0 "FS" 1986
5 1987 1.88888888888889 16.6944444444444 0 0 0 "FS" 1987
5 1988 1.5 13.8125 0 0 0 "FS" 1988
5 1989 2.05 12.525 0 0 0 "FS" 1989
5 1990 3.35714285714286 11.9928571428571 0 0 0 "FS" 1990
5 1991 0.15 15.3 0 0 0 "FS" 1991
5 1992 2.03333333333333 14.35 0 0 0 "FS" 1992
5 1993 1.8 13.44 0 0 0 "FS" 1993
5 1994 6.1 11.4 0 0 0 "FS" 1994
5 1995 4.18333333333333 13.525 0 0 0 "FS" 1995
5 1996 1.41875 12.4125 0 0 0 "FS" 1996
5 1997 2 13.35 0 0 0 "FS" 1997
5 1998 1.83333333333333 14.9625 0 0 0 "FS" 1998
5 2000 5.55 14.7285714285714 0 0 0 "FS" 2000
5 2001 1.725 14.665625 0 0 0 "FS" 2001
5 2002 2.96666666666667 12.6291666666667 0 0 0 "FS" 2002
5 2003 3.8 11.6464285714286 0 0 0 "FS" 2003
5 2004 7.89444444444444 13.0111111111111 0 0 0 "FS" 2004
5 2005 6.57142857142857 13 0 0 0 "FS" 2005
5 2006 4.23 14.3 0 0 0 "FS" 2006
5 2007 1.205 14.25 0 0 0 "FS" 2007
5 2008 2.13157894736842 13.8026315789474 0 0 0 "FS" 2008
5 2009 2.77857142857143 12.8821428571429 0 0 0 "FS" 2009
5 2010 3.08235294117647 14.0029411764706 0 0 0 "FS" 2010
5 2011 3.6 14.3694444444444 0 0 0 "FS" 2011
5 2012 2.61538461538462 13.1307692307692 0 0 0 "FS" 2012
5 2013 2.38181818181818 14.5454545454545 0 0 0 "FS" 2013
5 2014 4.716 14.426 0 0 0 "FS" 2014
5 2015 4.70454545454545 14.8 0 0 0 "FS" 2015
5 2016 2.03333333333333 14.2958333333333 0 0 0 "FS" 2016
5 2017 2.32727272727273 14.0886363636364 0 0 0 "FS" 2017
6 1977 0.5 14 0 0 0 "FS" 1977
6 1978 0.7 11.6 0 0 0 "FS" 1978
6 1982 3.35 13.125 0 0 0 "FS" 1982
6 1983 1.85 12.4375 0 0 0 "FS" 1983
6 1984 3.83846153846154 11.1 0 0 0 "FS" 1984
6 1985 2.5375 11.6 0 0 0 "FS" 1985
6 1986 4.43333333333333 13.0333333333333 0 0 0 "FS" 1986
6 1987 0.757142857142857 13.2857142857143 0 0 0 "FS" 1987
6 1988 5.24 11.5 0 0 0 "FS" 1988
6 1989 5.11428571428571 12.1 0 0 0 "FS" 1989
6 1990 0.5 11.55 0 0 0 "FS" 1990
6 1991 0.75 13.1 0 0 0 "FS" 1991
6 1992 5 10.6333333333333 0 0 0 "FS" 1992
6 1993 1.6 13.63 0 0 0 "FS" 1993
6 1994 3 13.8 0 0 0 "FS" 1994
6 1995 6.9 10.9 0 0 0 "FS" 1995
6 1996 2.44 12.88 0 0 0 "FS" 1996
6 1997 3.95 11.325 0 0 0 "FS" 1997
6 1998 3.26 11.965 0 0 0 "FS" 1998
6 2000 2.72 12.4233333333333 0 0 0 "FS" 2000
6 2001 3.9 12.7928571428571 0 0 0 "FS" 2001
6 2002 2.46666666666667 10.8208333333333 0 0 0 "FS" 2002
6 2003 7.2 11.49 0 0 0 "FS" 2003
6 2004 2.31666666666667 12.025 0 0 0 "FS" 2004
6 2005 0.921428571428571 12.4892857142857 0 0 0 "FS" 2005
6 2006 1.82727272727273 13.7227272727273 0 0 0 "FS" 2006
6 2007 3.21176470588235 10.4735294117647 0 0 0 "FS" 2007
6 2008 1.99375 11.196875 0 0 0 "FS" 2008
6 2009 5.06666666666667 12.1666666666667 0 0 0 "FS" 2009
6 2010 0.876923076923077 12.0807692307692 0 0 0 "FS" 2010
6 2011 4.25882352941176 11.6176470588235 0 0 0 "FS" 2011
6 2012 2.68235294117647 12.6382352941176 0 0 0 "FS" 2012
6 2013 4.1695652173913 13.1260869565217 0 0 0 "FS" 2013
6 2014 4.095 13.28 0 0 0 "FS" 2014
6 2015 2.20952380952381 13.0642857142857 0 0 0 "FS" 2015
6 2016 2.02727272727273 12.4113636363636 0 0 0 "FS" 2016
6 2017 2.46315789473684 13.5868421052632 0 0 0 "FS" 2017
6 2018 2.19285714285714 11.5285714285714 0 0 0 "FS" 2018
7 1974 0 14 0 0 0 "FS" 1974
7 1977 2.05 9.25 0 0 0 "FS" 1977
7 1978 4.0375 11 0 0 0 "FS" 1978
7 1982 1.85 12.4833333333333 0 0 0 "FS" 1982
7 1983 3.825 11.15 0 0 0 "FS" 1983
7 1984 3.41818181818182 11.9590909090909 0 0 0 "FS" 1984
7 1985 2.88333333333333 11.4916666666667 0 0 0 "FS" 1985
7 1986 1.9 11.2875 0 0 0 "FS" 1986
7 1987 0.766666666666667 13.1833333333333 0 0 0 "FS" 1987
7 1988 1.93333333333333 11.475 0 0 0 "FS" 1988
7 1989 2.13333333333333 11.775 0 0 0 "FS" 1989
7 1991 2.05 11.2 0 0 0 "FS" 1991
7 1992 2.85714285714286 10.7 0 0 0 "FS" 1992
7 1993 2.96666666666667 11.6166666666667 0 0 0 "FS" 1993
7 1994 0.666666666666667 11.7833333333333 0 0 0 "FS" 1994
7 1995 1.67272727272727 12.4363636363636 0 0 0 "FS" 1995
7 1996 5.16666666666667 10.0888888888889 0 0 0 "FS" 1996
7 1997 1.86666666666667 13.05 0 0 0 "FS" 1997
7 1998 1.03684210526316 10.9421052631579 0 0 0 "FS" 1998
7 2000 4.25263157894737 12.1947368421053 0 0 0 "FS" 2000
7 2001 3.34166666666667 10.8791666666667 0 0 0 "FS" 2001
7 2002 1.7375 11.35625 0 0 0 "FS" 2002
7 2003 5.6 11.25 0 0 0 "FS" 2003
7 2004 0.763636363636364 11.8636363636364 0 0 0 "FS" 2004
7 2005 2.91333333333333 11.3133333333333 0 0 0 "FS" 2005
7 2006 1.28888888888889 11.9222222222222 0 0 0 "FS" 2006
7 2007 1.8625 11.040625 0 0 0 "FS" 2007
7 2008 4.1 10.0652173913043 0 0 0 "FS" 2008
7 2009 3.97142857142857 10.4642857142857 0 0 0 "FS" 2009
7 2010 1.29230769230769 10.9384615384615 0 0 0 "FS" 2010
7 2011 2.75833333333333 11.3958333333333 0 0 0 "FS" 2011
7 2012 1.63636363636364 12.2772727272727 0 0 0 "FS" 2012
7 2013 2.67647058823529 11.4352941176471 0 0 0 "FS" 2013
7 2014 2.41578947368421 12.0131578947368 0 0 0 "FS" 2014
7 2015 4.38076923076923 12.0057692307692 0 0 0 "FS" 2015
7 2016 2.265 10.6675 0 0 0 "FS" 2016
7 2017 1.98 12.4375 0 0 0 "FS" 2017
7 2018 2.42380952380952 10.6642857142857 0 0 0 "FS" 2018
8 1973 1 12 0 0 0 "FS" 1973
8 1977 0.6 11.6666666666667 0 0 0 "FS" 1977
8 1978 1.51428571428571 12.6428571428571 0 0 0 "FS" 1978
8 1982 0.416666666666667 11.5333333333333 0 0 0 "FS" 1982
8 1983 4.15 10.6833333333333 0 0 0 "FS" 1983
8 1984 6.15 11.795 0 0 0 "FS" 1984
8 1985 0.511111111111111 11.6277777777778 0 0 0 "FS" 1985
8 1986 1.72857142857143 12.0857142857143 0 0 0 "FS" 1986
8 1987 5.66666666666667 12.2 0 0 0 "FS" 1987
8 1988 1.425 11.6875 0 0 0 "FS" 1988
8 1989 1.18181818181818 11.3818181818182 0 0 0 "FS" 1989
8 1990 1.16 11.2 0 0 0 "FS" 1990
8 1991 3.3 11.55 0 0 0 "FS" 1991
8 1992 7.02 10.54 0 0 0 "FS" 1992
8 1993 0.25 12.675 0 0 0 "FS" 1993
8 1994 1.125 11.1875 0 0 0 "FS" 1994
8 1995 1.47272727272727 11.2954545454545 0 0 0 "FS" 1995
8 1996 2.38888888888889 11.0666666666667 0 0 0 "FS" 1996
8 1997 1 10.55 0 0 0 "FS" 1997
8 1998 2.41333333333333 11.3266666666667 0 0 0 "FS" 1998
8 2000 3.66315789473684 10.8657894736842 0 0 0 "FS" 2000
8 2001 1.6125 11.225 0 0 0 "FS" 2001
8 2002 1.36470588235294 11.0029411764706 0 0 0 "FS" 2002
8 2003 1.35882352941176 10.4176470588235 0 0 0 "FS" 2003
8 2004 0.869230769230769 12.1115384615385 0 0 0 "FS" 2004
8 2005 1 11.66 0 0 0 "FS" 2005
8 2006 4.86363636363636 9.76363636363636 0 0 0 "FS" 2006
8 2007 2.70666666666667 10.73 0 0 0 "FS" 2007
8 2008 0.545454545454545 11.6181818181818 0 0 0 "FS" 2008
8 2009 1.84117647058824 10.6235294117647 0 0 0 "FS" 2009
8 2010 3.83157894736842 10.9473684210526 0 0 0 "FS" 2010
8 2011 1.965 11.015 0 0 0 "FS" 2011
8 2012 1.41875 11.490625 0 0 0 "FS" 2012
8 2013 3.80909090909091 11.7363636363636 0 0 0 "FS" 2013
8 2014 3.16153846153846 10.5807692307692 0 0 0 "FS" 2014
8 2015 2.53333333333333 11.84375 0 0 0 "FS" 2015
8 2016 2.04444444444444 10.9111111111111 0 0 0 "FS" 2016
8 2017 4.18571428571429 11.6904761904762 0 0 0 "FS" 2017
8 2018 3.42727272727273 10.9454545454545 0 0 0 "FS" 2018
9 1974 0 12.3333333333333 0 0 0 "FS" 1974
9 1976 0.375 12 0 0 0 "FS" 1976
9 1977 0.5 13.5 0 0 0 "FS" 1977
9 1978 0 10.6666666666667 0 0 0 "FS" 1978
9 1982 1.7 12.6833333333333 0 0 0 "FS" 1982
9 1983 3.19333333333333 10.5533333333333 0 0 0 "FS" 1983
9 1984 2.08 12.68 0 0 0 "FS" 1984
9 1985 1.77 11.545 0 0 0 "FS" 1985
9 1986 1.16923076923077 12.6576923076923 0 0 0 "FS" 1986
9 1987 1.87272727272727 13.2954545454545 0 0 0 "FS" 1987
9 1988 4.9125 10.15625 0 0 0 "FS" 1988
9 1989 2.46666666666667 11.8861111111111 0 0 0 "FS" 1989
9 1990 3.975 11.8875 0 0 0 "FS" 1990
9 1991 1.33333333333333 11.2 0 0 0 "FS" 1991
9 1992 5.58 12.31 0 0 0 "FS" 1992
9 1993 0.75 12.0625 0 0 0 "FS" 1993
9 1994 1.94285714285714 12.3285714285714 0 0 0 "FS" 1994
9 1995 3.32857142857143 11.1142857142857 0 0 0 "FS" 1995
9 1996 2.95555555555556 10.4111111111111 0 0 0 "FS" 1996
9 1997 2.17777777777778 12.1388888888889 0 0 0 "FS" 1997
9 1998 3.06111111111111 11.7388888888889 0 0 0 "FS" 1998
9 1999 0 8.5 0 0 0 "FS" 1999
9 2000 2.34117647058824 12.0676470588235 0 0 0 "FS" 2000
9 2001 0.626666666666667 11.73 0 0 0 "FS" 2001
9 2002 2.325 11.5708333333333 0 0 0 "FS" 2002
9 2003 1.11176470588235 11.2617647058824 0 0 0 "FS" 2003
9 2004 2.22352941176471 12.2029411764706 0 0 0 "FS" 2004
9 2005 1.9 11.2944444444444 0 0 0 "FS" 2005
9 2006 1.9625 12.1 0 0 0 "FS" 2006
9 2007 2.17647058823529 11.25 0 0 0 "FS" 2007
9 2008 0.294117647058824 12.3705882352941 0 0 0 "FS" 2008
9 2009 2.89333333333333 11.8566666666667 0 0 0 "FS" 2009
9 2010 1.46470588235294 12.1588235294118 0 0 0 "FS" 2010
9 2011 2.70769230769231 12.0269230769231 0 0 0 "FS" 2011
9 2012 0.375 13.2375 0 0 0 "FS" 2012
9 2013 1.82608695652174 12.0369565217391 0 0 0 "FS" 2013
9 2014 3.9695652173913 10.8695652173913 0 0 0 "FS" 2014
9 2015 2.88695652173913 12.4065217391304 0 0 0 "FS" 2015
9 2016 2.42 12.2825 0 0 0 "FS" 2016
9 2017 1.61428571428571 12.05 0 0 0 "FS" 2017
9 2018 2.005 11.095 0 0 0 "FS" 2018
10 1973 0 12.5 0 0 0 "FS" 1973
10 1976 5.04285714285714 13 0 0 0 "FS" 1976
10 1977 1.775 12.8125 0 0 0 "FS" 1977
10 1978 0 12.7142857142857 0 0 0 "FS" 1978
10 1982 0.8 11.86 0 0 0 "FS" 1982
10 1983 2.31428571428571 11.2214285714286 0 0 0 "FS" 1983
10 1984 2.07 12.26 0 0 0 "FS" 1984
10 1985 2.96666666666667 12.925 0 0 0 "FS" 1985
10 1986 0.938461538461538 13.3269230769231 0 0 0 "FS" 1986
10 1987 1.22666666666667 12.65 0 0 0 "FS" 1987
10 1988 1.50909090909091 11.5363636363636 0 0 0 "FS" 1988
10 1989 2.625 11.31875 0 0 0 "FS" 1989
10 1990 5.95 12.6 0 0 0 "FS" 1990
10 1991 0.1 11.86 0 0 0 "FS" 1991
10 1992 1.9625 12.64375 0 0 0 "FS" 1992
10 1993 3.63333333333333 11.95 0 0 0 "FS" 1993
10 1994 0.416666666666667 13.9333333333333 0 0 0 "FS" 1994
10 1995 1.00909090909091 12.9727272727273 0 0 0 "FS" 1995
10 1996 0.781818181818182 12.8772727272727 0 0 0 "FS" 1996
10 1997 1.475 13.6833333333333 0 0 0 "FS" 1997
10 1998 1.20625 12.09375 0 0 0 "FS" 1998
10 1999 1.27777777777778 12.3638888888889 0 0 0 "FS" 1999
10 2000 3.3625 11.740625 0 0 0 "FS" 2000
10 2001 2.1 11.6357142857143 0 0 0 "FS" 2001
10 2002 1.91538461538462 12.2346153846154 0 0 0 "FS" 2002
10 2003 1.07368421052632 12.5710526315789 0 0 0 "FS" 2003
10 2004 2.51111111111111 12.6472222222222 0 0 0 "FS" 2004
10 2005 2.53846153846154 11.6538461538462 0 0 0 "FS" 2005
10 2006 2.625 11.15625 0 0 0 "FS" 2006
10 2007 2.04666666666667 12.0166666666667 0 0 0 "FS" 2007
10 2008 0.505555555555556 12.7166666666667 0 0 0 "FS" 2008
10 2009 1.23529411764706 12.3794117647059 0 0 0 "FS" 2009
10 2010 1.17894736842105 12.7631578947368 0 0 0 "FS" 2010
10 2011 1.30909090909091 13.6681818181818 0 0 0 "FS" 2011
10 2012 1.02 11.765 0 0 0 "FS" 2012
10 2013 2.8 12.3152173913043 0 0 0 "FS" 2013
10 2014 3.81666666666667 11.7395833333333 0 0 0 "FS" 2014
10 2015 1.50869565217391 12.5086956521739 0 0 0 "FS" 2015
10 2016 1.22 11.965 0 0 0 "FS" 2016
10 2017 0.848 13.39 0 0 0 "FS" 2017
10 2018 1.55652173913043 13.1782608695652 0 0 0 "FS" 2018
11 1976 0.0714285714285714 14.4285714285714 0 0 0 "FS" 1976
11 1977 1.19230769230769 14.2307692307692 0 0 0 "FS" 1977
11 1978 3.68333333333333 16.3333333333333 0 0 0 "FS" 1978
11 1982 5.775 13.0875 0 0 0 "FS" 1982
11 1983 1.44166666666667 13.225 0 0 0 "FS" 1983
11 1984 1.79333333333333 13.3333333333333 0 0 0 "FS" 1984
11 1985 0.333333333333333 13.5222222222222 0 0 0 "FS" 1985
11 1986 2.61111111111111 13.9611111111111 0 0 0 "FS" 1986
11 1987 3.94 13.365 0 0 0 "FS" 1987
11 1988 1.7 14.2928571428571 0 0 0 "FS" 1988
11 1989 2.44 13.79 0 0 0 "FS" 1989
11 1991 0 14 0 0 0 "FS" 1991
11 1992 2.03333333333333 15.6 0 0 0 "FS" 1992
11 1993 0.5 12.55 0 0 0 "FS" 1993
11 1994 0 12.6833333333333 0 0 0 "FS" 1994
11 1995 2.34166666666667 13.7125 0 0 0 "FS" 1995
11 1996 2.77 13.505 0 0 0 "FS" 1996
11 1997 2.4 13.815 0 0 0 "FS" 1997
11 1998 1.3375 12.875 0 0 0 "FS" 1998
11 1999 0.136363636363636 13.7954545454545 0 0 0 "FS" 1999
11 2000 1.48 12.4766666666667 0 0 0 "FS" 2000
11 2001 0.415789473684211 14.1131578947368 0 0 0 "FS" 2001
11 2002 1.18333333333333 14.3041666666667 0 0 0 "FS" 2002
11 2003 0.453333333333333 14.4233333333333 0 0 0 "FS" 2003
11 2004 0.923809523809524 13.9547619047619 0 0 0 "FS" 2004
11 2005 0.166666666666667 13.6916666666667 0 0 0 "FS" 2005
11 2006 0.666666666666667 13.25 0 0 0 "FS" 2006
11 2007 0.911764705882353 13.4382352941176 0 0 0 "FS" 2007
11 2008 4.5875 13.49375 0 0 0 "FS" 2008
11 2009 1.97692307692308 13.7269230769231 0 0 0 "FS" 2009
11 2010 1.25714285714286 13.1 0 0 0 "FS" 2010
11 2011 1.04444444444444 14.6055555555556 0 0 0 "FS" 2011
11 2012 1.35555555555556 13.9777777777778 0 0 0 "FS" 2012
11 2013 2.175 13.635 0 0 0 "FS" 2013
11 2014 1.68333333333333 13.7145833333333 0 0 0 "FS" 2014
11 2015 0.938888888888889 13.5722222222222 0 0 0 "FS" 2015
11 2016 1.65625 14.675 0 0 0 "FS" 2016
11 2017 3.92777777777778 14.5 0 0 0 "FS" 2017
11 2018 3.44285714285714 15.4214285714286 0 0 0 "FS" 2018
12 1976 0.611111111111111 16.0555555555556 0 0 0 "FS" 1976
12 1977 1.2 14.5 0 0 0 "FS" 1977
12 1982 0.666666666666667 14.9666666666667 0 0 0 "FS" 1982
12 1983 1.875 15.4875 0 0 0 "FS" 1983
12 1984 3.35333333333333 16.9966666666667 0 0 0 "FS" 1984
12 1985 1.525 16.30625 0 0 0 "FS" 1985
12 1986 1.42 17.43 0 0 0 "FS" 1986
12 1987 4.71428571428571 14.4 0 0 0 "FS" 1987
12 1988 0.363636363636364 19.1136363636364 0 0 0 "FS" 1988
12 1989 0.53 15.22 0 0 0 "FS" 1989
12 1990 0 12.55 0 0 0 "FS" 1990
12 1991 0.766666666666667 15.2666666666667 0 0 0 "FS" 1991
12 1992 7 14.575 0 0 0 "FS" 1992
12 1993 0 17.25 0 0 0 "FS" 1993
12 1994 2.1 15.825 0 0 0 "FS" 1994
12 1995 3.26153846153846 14.6076923076923 0 0 0 "FS" 1995
12 1996 0 14.0833333333333 0 0 0 "FS" 1996
12 1997 1.6 15.7111111111111 0 0 0 "FS" 1997
12 1998 2.15882352941176 16.7058823529412 0 0 0 "FS" 1998
12 1999 0.65 15.503125 0 0 0 "FS" 1999
12 2000 2.36 15.42 0 0 0 "FS" 2000
12 2001 1.17692307692308 16.0038461538462 0 0 0 "FS" 2001
12 2002 0.25 15.425 0 0 0 "FS" 2002
12 2003 0.228571428571429 16.65 0 0 0 "FS" 2003
12 2004 1.04444444444444 15.1388888888889 0 0 0 "FS" 2004
12 2005 2.3 16.5772727272727 0 0 0 "FS" 2005
12 2006 0.527777777777778 15.6472222222222 0 0 0 "FS" 2006
12 2007 1.02631578947368 14.6263157894737 0 0 0 "FS" 2007
12 2008 1.075 15.81 0 0 0 "FS" 2008
12 2009 1.685 15.8925 0 0 0 "FS" 2009
12 2010 2.21875 18.378125 0 0 0 "FS" 2010
12 2011 0.361111111111111 16.2638888888889 0 0 0 "FS" 2011
12 2012 1.13571428571429 15.4785714285714 0 0 0 "FS" 2012
12 2013 1.21739130434783 15.5760869565217 0 0 0 "FS" 2013
12 2014 1.41304347826087 17.0695652173913 0 0 0 "FS" 2014
12 2015 1.08333333333333 16.0694444444444 0 0 0 "FS" 2015
12 2016 0.295238095238095 15.8119047619048 0 0 0 "FS" 2016
12 2017 0.85 17.6045454545455 0 0 0 "FS" 2017
12 2018 1.79444444444444 17.4611111111111 0 0 0 "FS" 2018
1 1978 0 5.5 0 0 0 "FS" 1978
1 1982 24.9 11.7 0 0 0 "FS" 1982
1 1983 3.875 9.25 0 0 0 "FS" 1983
1 1984 2.925 7.99166666666667 0 0 0 "FS" 1984
1 1985 4.06 7.86 0 0 0 "FS" 1985
1 1986 7.82 5.5 0 0 0 "FS" 1986
1 1987 5.5 8.775 0 0 0 "FS" 1987
1 1988 2 4.4 0 0 0 "FS" 1988
1 1989 9.4625 6.05625 0 0 0 "FS" 1989
1 1990 2.44 8.01 0 0 0 "FS" 1990
1 1992 16.15 9.275 0 0 0 "FS" 1992
1 1993 8.96666666666667 5.73333333333333 0 0 0 "FS" 1993
1 1994 0.166666666666667 4.63333333333333 0 0 0 "FS" 1994
1 1995 3.35 7.76666666666667 0 0 0 "FS" 1995
1 1996 16.65 8.08125 0 0 0 "FS" 1996
1 1997 5.16666666666667 9.38333333333333 0 0 0 "FS" 1997
1 1998 3.77142857142857 7.80714285714286 0 0 0 "FS" 1998
1 2001 8.875 7.5625 0 0 0 "FS" 2001
1 2002 7.5 8.05 0 0 0 "FS" 2002
1 2003 0.5 8.1 0 0 0 "FS" 2003
1 2004 6.1 8.3 0 0 0 "FS" 2004
1 2005 4.23076923076923 6.14615384615385 0 0 0 "FS" 2005
1 2006 1.09090909090909 7.43636363636364 0 0 0 "FS" 2006
1 2007 5.8 6.57692307692308 0 0 0 "FS" 2007
1 2008 7.26315789473684 7.33421052631579 0 0 0 "FS" 2008
1 2009 7.25 5.74444444444444 0 0 0 "FS" 2009
1 2010 0.771428571428571 7.73928571428571 0 0 0 "FS" 2010
1 2011 2.49090909090909 7.74545454545455 0 0 0 "FS" 2011
1 2012 4.70714285714286 7.78571428571429 0 0 0 "FS" 2012
1 2013 5.58333333333333 7.18055555555556 0 0 0 "FS" 2013
1 2014 5.11764705882353 9.36470588235294 0 0 0 "FS" 2014
1 2015 3.91052631578947 8.49473684210526 0 0 0 "FS" 2015
1 2016 4.51111111111111 6.44444444444444 0 0 0 "FS" 2016
1 2017 4.80833333333333 8.0375 0 0 0 "FS" 2017
1 2018 2.31578947368421 8.53421052631579 0 0 0 "FS" 2018
1 2019 3.25294117647059 7.79705882352941 0 0 0 "FS" 2019
2 1982 1.7 8.58333333333333 0 0 0 "FS" 1982
2 1983 7.96666666666667 10.5166666666667 0 0 0 "FS" 1983
2 1984 3.51428571428571 8.05714285714286 0 0 0 "FS" 1984
2 1985 9.6 8.16 0 0 0 "FS" 1985
2 1986 1.06 9.68 0 0 0 "FS" 1986
2 1988 0.833333333333333 6.61666666666667 0 0 0 "FS" 1988
2 1989 3.11428571428571 9.32142857142857 0 0 0 "FS" 1989
2 1990 2.1625 10.1625 0 0 0 "FS" 1990
2 1992 2 9.08333333333333 0 0 0 "FS" 1992
2 1993 1.65 7.6875 0 0 0 "FS" 1993
2 1994 1.53333333333333 8.25 0 0 0 "FS" 1994
2 1995 1.025 6.1 0 0 0 "FS" 1995
2 1996 8.3 8.30555555555556 0 0 0 "FS" 1996
2 1997 3.3 11.5090909090909 0 0 0 "FS" 1997
2 1998 2.96 7.26 0 0 0 "FS" 1998
2 2001 1.36666666666667 8.46666666666667 0 0 0 "FS" 2001
2 2002 4.59333333333333 8.41666666666667 0 0 0 "FS" 2002
2 2005 4.41666666666667 6.4375 0 0 0 "FS" 2005
2 2006 6.73333333333333 9.36111111111111 0 0 0 "FS" 2006
2 2007 3.41333333333333 8.52333333333333 0 0 0 "FS" 2007
2 2008 4.82666666666667 7.82333333333333 0 0 0 "FS" 2008
2 2009 3.53333333333333 8.15333333333333 0 0 0 "FS" 2009
2 2010 1.49166666666667 7.925 0 0 0 "FS" 2010
2 2011 1.65 7.58571428571429 0 0 0 "FS" 2011
2 2012 7.17 9.355 0 0 0 "FS" 2012
2 2013 2.21 8.235 0 0 0 "FS" 2013
2 2014 4.23157894736842 7.59473684210526 0 0 0 "FS" 2014
2 2015 7.13125 10.578125 0 0 0 "FS" 2015
2 2016 4.09411764705882 7.22941176470588 0 0 0 "FS" 2016
2 2017 5.56666666666667 8.04 0 0 0 "FS" 2017
2 2018 3.25294117647059 7.79705882352941 0 0 0 "FS" 2018
3 1978 3.36666666666667 8.33333333333333 0 0 0 "FS" 1978
3 1982 1.38 7.78 0 0 0 "FS" 1982
3 1983 6.77 6.78 0 0 0 "FS" 1983
3 1984 4.925 6.3375 0 0 0 "FS" 1984
3 1985 6.51818181818182 8.11363636363636 0 0 0 "FS" 1985
3 1986 6.05 9.3625 0 0 0 "FS" 1986
3 1987 2.55 8.4 0 0 0 "FS" 1987
3 1988 3.3 5.25 0 0 0 "FS" 1988
3 1989 9.6 7.6125 0 0 0 "FS" 1989
3 1990 9.51428571428571 7.72857142857143 0 0 0 "FS" 1990
3 1991 5.1 8.525 0 0 0 "FS" 1991
3 1992 0.75 9.425 0 0 0 "FS" 1992
3 1993 5.725 9.325 0 0 0 "FS" 1993
3 1994 2 6.725 0 0 0 "FS" 1994
3 1995 3.4 5.78 0 0 0 "FS" 1995
3 1996 0.272727272727273 8.52272727272727 0 0 0 "FS" 1996
3 1997 3.0125 8.525 0 0 0 "FS" 1997
3 1998 1.19090909090909 7.88636363636364 0 0 0 "FS" 1998
3 2001 1.66363636363636 9.24090909090909 0 0 0 "FS" 2001
3 2002 10.3333333333333 8.68333333333333 0 0 0 "FS" 2002
3 2005 4.04444444444444 7.92222222222222 0 0 0 "FS" 2005
3 2006 5.44615384615385 7.45 0 0 0 "FS" 2006
3 2007 4.7 6.6375 0 0 0 "FS" 2007
3 2008 5.18235294117647 6.61470588235294 0 0 0 "FS" 2008
3 2009 2.95833333333333 6.97083333333333 0 0 0 "FS" 2009
3 2010 5.28181818181818 7.45 0 0 0 "FS" 2010
3 2011 2.86666666666667 6.20833333333333 0 0 0 "FS" 2011
3 2012 3.175 7.575 0 0 0 "FS" 2012
3 2013 4.06875 7.48125 0 0 0 "FS" 2013
3 2014 3.63809523809524 7.90952380952381 0 0 0 "FS" 2014
3 2015 4.83076923076923 6.5 0 0 0 "FS" 2015
3 2016 4.88260869565217 8.49130434782609 0 0 0 "FS" 2016
3 2017 11.1857142857143 7.55238095238095 0 0 0 "FS" 2017
3 2018 7.44 7.83 0 0 0 "FS" 2018
4 1982 1.375 6.3625 0 0 0 "FS" 1982
4 1983 5.64 5.45 0 0 0 "FS" 1983
4 1984 7.625 6.88125 0 0 0 "FS" 1984
4 1985 3.95 7.79583333333333 0 0 0 "FS" 1985
4 1986 6.825 6.80625 0 0 0 "FS" 1986
4 1987 0.357142857142857 6.60714285714286 0 0 0 "FS" 1987
4 1988 0.6 7.11666666666667 0 0 0 "FS" 1988
4 1989 8.55 6.675 0 0 0 "FS" 1989
4 1990 2.55 6.775 0 0 0 "FS" 1990
4 1991 7.1 5.4 0 0 0 "FS" 1991
4 1992 2.46666666666667 6.98333333333333 0 0 0 "FS" 1992
4 1993 0.75 10.95 0 0 0 "FS" 1993
4 1994 1.4 5.275 0 0 0 "FS" 1994
4 1995 8 7 0 0 0 "FS" 1995
4 1996 1.93076923076923 6.60384615384615 0 0 0 "FS" 1996
4 1997 1.32727272727273 5.59090909090909 0 0 0 "FS" 1997
4 1998 4.08333333333333 6.5375 0 0 0 "FS" 1998
4 2001 1.1 7.24 0 0 0 "FS" 2001
4 2004 7.075 7.79166666666667 0 0 0 "FS" 2004
4 2005 4.15 5.1 0 0 0 "FS" 2005
4 2006 6.8 6.48333333333333 0 0 0 "FS" 2006
4 2007 4.89 7.61 0 0 0 "FS" 2007
4 2008 3.20769230769231 4.23846153846154 0 0 0 "FS" 2008
4 2009 3.3 5.82727272727273 0 0 0 "FS" 2009
4 2010 4.73333333333333 5.125 0 0 0 "FS" 2010
4 2011 6.925 5.725 0 0 0 "FS" 2011
4 2012 2.84666666666667 7.28 0 0 0 "FS" 2012
4 2013 8.11578947368421 6.49473684210526 0 0 0 "FS" 2013
4 2014 4.86190476190476 6.84285714285714 0 0 0 "FS" 2014
4 2015 1.32 7.13 0 0 0 "FS" 2015
4 2016 5.20952380952381 6.14285714285714 0 0 0 "FS" 2016
4 2017 2.75625 6.03125 0 0 0 "FS" 2017
4 2018 0.96 6.82 0 0 0 "FS" 2018
5 1978 5.7 6 0 0 0 "FS" 1978
5 1982 5.33333333333333 4.6 0 0 0 "FS" 1982
5 1983 14.8833333333333 5.08333333333333 0 0 0 "FS" 1983
5 1984 5.16923076923077 5.74230769230769 0 0 0 "FS" 1984
5 1985 4.25714285714286 3.37142857142857 0 0 0 "FS" 1985
5 1986 11.0666666666667 3.8 0 0 0 "FS" 1986
5 1987 3.05 4.25 0 0 0 "FS" 1987
5 1988 1 2.08333333333333 0 0 0 "FS" 1988
5 1989 8.51666666666667 6.20833333333333 0 0 0 "FS" 1989
5 1990 7.7 3.88333333333333 0 0 0 "FS" 1990
5 1991 1 5.9 0 0 0 "FS" 1991
5 1992 47 2.35 0 0 0 "FS" 1992
5 1993 1 6.1 0 0 0 "FS" 1993
5 1994 0.166666666666667 6.18333333333333 0 0 0 "FS" 1994
5 1995 6.23333333333333 2.525 0 0 0 "FS" 1995
5 1996 2.69 5.275 0 0 0 "FS" 1996
5 1997 2.5 5.04166666666667 0 0 0 "FS" 1997
5 1998 0 5.11666666666667 0 0 0 "FS" 1998
5 2001 8.5 2.95 0 0 0 "FS" 2001
5 2004 3.32222222222222 2.66111111111111 0 0 0 "FS" 2004
5 2005 8.02 4.98 0 0 0 "FS" 2005
5 2006 5.48571428571429 6.77142857142857 0 0 0 "FS" 2006
5 2007 15.8125 3.8125 0 0 0 "FS" 2007
5 2008 3.41538461538462 5.26153846153846 0 0 0 "FS" 2008
5 2009 0.6375 2.2 0 0 0 "FS" 2009
5 2010 6.34444444444444 4.58888888888889 0 0 0 "FS" 2010
5 2011 2.8125 2.7 0 0 0 "FS" 2011
5 2012 8.15 5.445 0 0 0 "FS" 2012
5 2013 4.69 3.8775 0 0 0 "FS" 2013
5 2014 5.53684210526316 4.04473684210526 0 0 0 "FS" 2014
5 2015 2.52631578947368 5.22631578947368 0 0 0 "FS" 2015
5 2016 6.43 3.705 0 0 0 "FS" 2016
5 2017 6.8375 5.3875 0 0 0 "FS" 2017
6 1978 0.833333333333333 4.5 0 0 0 "FS" 1978
6 1982 2.8 3.95 0 0 0 "FS" 1982
6 1983 5.7 5.3625 0 0 0 "FS" 1983
6 1984 6.75 4.65625 0 0 0 "FS" 1984
6 1985 4.45 4.1125 0 0 0 "FS" 1985
6 1986 0.5 4 0 0 0 "FS" 1986
6 1987 7.36666666666667 4.51666666666667 0 0 0 "FS" 1987
6 1988 3.025 3.8125 0 0 0 "FS" 1988
6 1989 9.46 4.04 0 0 0 "FS" 1989
6 1990 6.95 3.45 0 0 0 "FS" 1990
6 1991 1.5 4.8 0 0 0 "FS" 1991
6 1993 3.03333333333333 5.15 0 0 0 "FS" 1993
6 1994 0.333333333333333 3.36666666666667 0 0 0 "FS" 1994
6 1995 6.225 2.45625 0 0 0 "FS" 1995
6 1996 0.214285714285714 3.36428571428571 0 0 0 "FS" 1996
6 1997 2.675 4.53333333333333 0 0 0 "FS" 1997
6 1998 1.01428571428571 3.16428571428571 0 0 0 "FS" 1998
6 2001 6.18333333333333 4.18333333333333 0 0 0 "FS" 2001
6 2002 11.05 4.475 0 0 0 "FS" 2002
6 2004 0 3.525 0 0 0 "FS" 2004
6 2005 5.6 2.74545454545455 0 0 0 "FS" 2005
6 2006 12.1571428571429 2.64285714285714 0 0 0 "FS" 2006
6 2007 0.508333333333333 2.54583333333333 0 0 0 "FS" 2007
6 2008 2.61538461538462 4.89615384615385 0 0 0 "FS" 2008
6 2009 5.14285714285714 4.29285714285714 0 0 0 "FS" 2009
6 2010 3.45 5.715 0 0 0 "FS" 2010
6 2011 1.15 0.933333333333333 0 0 0 "FS" 2011
6 2012 7.82222222222222 3.76666666666667 0 0 0 "FS" 2012
6 2013 3.88235294117647 3.02941176470588 0 0 0 "FS" 2013
6 2014 15.3857142857143 3.775 0 0 0 "FS" 2014
6 2015 5.55882352941176 4.09705882352941 0 0 0 "FS" 2015
6 2016 7.365 5.4675 0 0 0 "FS" 2016
6 2017 7.9047619047619 4.77619047619048 0 0 0 "FS" 2017
7 1977 0 0.5 0 0 0 "FS" 1977
7 1978 1.5 3 0 0 0 "FS" 1978
7 1982 5.43333333333333 2.41666666666667 0 0 0 "FS" 1982
7 1983 4.97142857142857 2.45 0 0 0 "FS" 1983
7 1984 6.03076923076923 3.02307692307692 0 0 0 "FS" 1984
7 1985 3.425 3.85625 0 0 0 "FS" 1985
7 1986 4.3 1.95 0 0 0 "FS" 1986
7 1987 4.4 5.83333333333333 0 0 0 "FS" 1987
7 1988 10.68 4.08 0 0 0 "FS" 1988
7 1989 8 5.1125 0 0 0 "FS" 1989
7 1990 7 5.48333333333333 0 0 0 "FS" 1990
7 1991 10.05 1.875 0 0 0 "FS" 1991
7 1992 1.5 0.075 0 0 0 "FS" 1992
7 1993 1.33333333333333 3.75 0 0 0 "FS" 1993
7 1994 3.675 2.85 0 0 0 "FS" 1994
7 1995 7.2 3.93333333333333 0 0 0 "FS" 1995
7 1996 0.5625 5.1 0 0 0 "FS" 1996
7 1997 4.2 3.45 0 0 0 "FS" 1997
7 1998 1.88571428571429 3.56428571428571 0 0 0 "FS" 1998
7 2001 7.25 5.225 0 0 0 "FS" 2001
7 2002 7.16363636363636 5.19545454545455 0 0 0 "FS" 2002
7 2004 2.1 4.35 0 0 0 "FS" 2004
7 2005 3.09166666666667 2.70416666666667 0 0 0 "FS" 2005
7 2006 1.68333333333333 2.275 0 0 0 "FS" 2006
7 2007 6.86 4.465 0 0 0 "FS" 2007
7 2008 5.39090909090909 3.36818181818182 0 0 0 "FS" 2008
7 2009 5.84444444444444 2.25555555555556 0 0 0 "FS" 2009
7 2010 1.44285714285714 4.3 0 0 0 "FS" 2010
7 2011 2.2375 2.95 0 0 0 "FS" 2011
7 2012 1.31 3.94 0 0 0 "FS" 2012
7 2013 8.55714285714286 3.5452380952381 0 0 0 "FS" 2013
7 2014 3.13157894736842 3.04736842105263 0 0 0 "FS" 2014
7 2015 4.63333333333333 2.38333333333333 0 0 0 "FS" 2015
7 2016 4.36111111111111 4.06111111111111 0 0 0 "FS" 2016
7 2018 9.27894736842105 4.43157894736842 0 0 0 "FS" 2018
8 1977 0.75 1.625 0 0 0 "FS" 1977
8 1978 6 3.83333333333333 0 0 0 "FS" 1978
8 1982 2.11666666666667 3.65833333333333 0 0 0 "FS" 1982
8 1983 1.68571428571429 3.75714285714286 0 0 0 "FS" 1983
8 1984 4.475 2.75 0 0 0 "FS" 1984
8 1985 1.5 2.275 0 0 0 "FS" 1985
8 1986 6.57142857142857 2.89285714285714 0 0 0 "FS" 1986
8 1987 1.78333333333333 8.55833333333333 0 0 0 "FS" 1987
8 1988 4.62222222222222 1.05 0 0 0 "FS" 1988
8 1989 6.68333333333333 4.2 0 0 0 "FS" 1989
8 1990 5.95 1.025 0 0 0 "FS" 1990
8 1991 0.75 2.65 0 0 0 "FS" 1991
8 1992 0.5 1.7 0 0 0 "FS" 1992
8 1993 0 -0.4 0 0 0 "FS" 1993
8 1994 4.75 3.025 0 0 0 "FS" 1994
8 1995 3.5 3.29545454545455 0 0 0 "FS" 1995
8 1996 1.7625 2.44375 0 0 0 "FS" 1996
8 1997 4.10909090909091 4.68181818181818 0 0 0 "FS" 1997
8 1998 0 2.53333333333333 0 0 0 "FS" 1998
8 2001 2.3 2.225 0 0 0 "FS" 2001
8 2002 5.55714285714286 6.59285714285714 0 0 0 "FS" 2002
8 2004 3.18181818181818 2.56818181818182 0 0 0 "FS" 2004
8 2005 11.38 3.19 0 0 0 "FS" 2005
8 2006 4 1.35 0 0 0 "FS" 2006
8 2007 6.11428571428571 2.01428571428571 0 0 0 "FS" 2007
8 2008 7.46 2.25 0 0 0 "FS" 2008
8 2009 4.08333333333333 4.8 0 0 0 "FS" 2009
8 2010 1.29 3.14 0 0 0 "FS" 2010
8 2011 2.63846153846154 5.82692307692308 0 0 0 "FS" 2011
8 2012 0.75 3.64375 0 0 0 "FS" 2012
8 2013 2.41428571428571 3.74642857142857 0 0 0 "FS" 2013
8 2014 2.94 1.64 0 0 0 "FS" 2014
8 2015 3.31666666666667 3.35555555555556 0 0 0 "FS" 2015
8 2016 7.46111111111111 3.21944444444444 0 0 0 "FS" 2016
8 2017 11.2666666666667 5.48333333333333 0 0 0 "FS" 2017
8 2018 3.53333333333333 2.55 0 0 0 "FS" 2018
9 1976 1 4.5 0 0 0 "FS" 1976
9 1977 0.5 1.75 0 0 0 "FS" 1977
9 1978 0 2 0 0 0 "FS" 1978
9 1982 10.225 2.1875 0 0 0 "FS" 1982
9 1983 5.38888888888889 2.97222222222222 0 0 0 "FS" 1983
9 1984 5.37058823529412 2.29117647058824 0 0 0 "FS" 1984
9 1985 15.525 3.7375 0 0 0 "FS" 1985
9 1986 4.75454545454545 4.03636363636364 0 0 0 "FS" 1986
9 1987 5.7125 2.80625 0 0 0 "FS" 1987
9 1988 10 2.4 0 0 0 "FS" 1988
9 1989 5.01333333333333 3.64333333333333 0 0 0 "FS" 1989
9 1990 0.5 7.75 0 0 0 "FS" 1990
9 1991 3.6 3.6375 0 0 0 "FS" 1991
9 1993 1 2.15 0 0 0 "FS" 1993
9 1994 0.375 0.25 0 0 0 "FS" 1994
9 1995 2.94166666666667 2.89583333333333 0 0 0 "FS" 1995
9 1996 3.575 2.25 0 0 0 "FS" 1996
9 1997 5.9 3.565 0 0 0 "FS" 1997
9 1998 0 2.75 0 0 0 "FS" 1998
9 1999 2 3.65 0 0 0 "FS" 1999
9 2000 9.95 3.275 0 0 0 "FS" 2000
9 2001 17.7 5.1 0 0 0 "FS" 2001
9 2002 6.8 2.17222222222222 0 0 0 "FS" 2002
9 2004 2.04 1.73 0 0 0 "FS" 2004
9 2005 10.2714285714286 3.76428571428571 0 0 0 "FS" 2005
9 2006 2.81111111111111 2.67777777777778 0 0 0 "FS" 2006
9 2007 2.46 3.765 0 0 0 "FS" 2007
9 2008 4.13636363636364 4.91363636363636 0 0 0 "FS" 2008
9 2009 3.06923076923077 2.53846153846154 0 0 0 "FS" 2009
9 2010 0.0533333333333333 2.13 0 0 0 "FS" 2010
9 2011 0.9375 2.10625 0 0 0 "FS" 2011
9 2012 6.84 4.31666666666667 0 0 0 "FS" 2012
9 2013 8.88666666666667 3.07 0 0 0 "FS" 2013
9 2014 6.8578947368421 2.79473684210526 0 0 0 "FS" 2014
9 2015 5.73157894736842 3.99736842105263 0 0 0 "FS" 2015
9 2016 8.3 3.7875 0 0 0 "FS" 2016
9 2017 5.45238095238095 2.57857142857143 0 0 0 "FS" 2017
10 1976 0.25 3.25 0 0 0 "FS" 1976
10 1977 1 3 0 0 0 "FS" 1977
10 1978 8.75 4.125 0 0 0 "FS" 1978
10 1982 7.15 2.44166666666667 0 0 0 "FS" 1982
10 1983 4.225 2.3375 0 0 0 "FS" 1983
10 1984 3.33 4.975 0 0 0 "FS" 1984
10 1985 2.44444444444444 4.65 0 0 0 "FS" 1985
10 1986 4.5125 4.575 0 0 0 "FS" 1986
10 1987 3.4625 3.85 0 0 0 "FS" 1987
10 1988 1.85 3.65 0 0 0 "FS" 1988
10 1989 8 4.8 0 0 0 "FS" 1989
10 1990 0.45 2.3 0 0 0 "FS" 1990
10 1991 2.12857142857143 3.55 0 0 0 "FS" 1991
10 1992 6.275 3.125 0 0 0 "FS" 1992
10 1993 4.25 6.5625 0 0 0 "FS" 1993
10 1994 1.42 2.62 0 0 0 "FS" 1994
10 1995 1.91818181818182 2.87272727272727 0 0 0 "FS" 1995
10 1996 1.175 4.23125 0 0 0 "FS" 1996
10 1997 4.8 4.39285714285714 0 0 0 "FS" 1997
10 1998 0 3.6375 0 0 0 "FS" 1998
10 1999 4.47142857142857 4.35 0 0 0 "FS" 1999
10 2001 5.5875 3.2 0 0 0 "FS" 2001
10 2002 0.7 4.4 0 0 0 "FS" 2002
10 2004 2.55555555555556 3.61944444444444 0 0 0 "FS" 2004
10 2005 5.08333333333333 6.78333333333333 0 0 0 "FS" 2005
10 2006 9.16666666666667 6.35555555555556 0 0 0 "FS" 2006
10 2007 7.40833333333333 4.90833333333333 0 0 0 "FS" 2007
10 2008 2.51428571428571 3.77857142857143 0 0 0 "FS" 2008
10 2009 3.08 2.59 0 0 0 "FS" 2009
10 2010 2.05555555555556 4 0 0 0 "FS" 2010
10 2011 2.00833333333333 4.30416666666667 0 0 0 "FS" 2011
10 2012 2.58823529411765 3.19705882352941 0 0 0 "FS" 2012
10 2013 4.23157894736842 2.31578947368421 0 0 0 "FS" 2013
10 2014 1.23333333333333 4.14722222222222 0 0 0 "FS" 2014
10 2015 4.83125 4.203125 0 0 0 "FS" 2015
10 2016 1.86428571428571 3.70714285714286 0 0 0 "FS" 2016
10 2017 7.24666666666667 4.90333333333333 0 0 0 "FS" 2017
11 1977 5.42 3.3 0 0 0 "FS" 1977
11 1978 0 3.875 0 0 0 "FS" 1978
11 1982 0.5 2.875 0 0 0 "FS" 1982
11 1983 4.29333333333333 5.85666666666667 0 0 0 "FS" 1983
11 1984 4.17272727272727 3.96818181818182 0 0 0 "FS" 1984
11 1985 1 4.6 0 0 0 "FS" 1985
11 1986 5.8 4.06666666666667 0 0 0 "FS" 1986
11 1987 3.3375 4.475 0 0 0 "FS" 1987
11 1988 4.51111111111111 5.12777777777778 0 0 0 "FS" 1988
11 1989 0.65 4.025 0 0 0 "FS" 1989
11 1990 7.9 9.1 0 0 0 "FS" 1990
11 1991 2.7 5.1 0 0 0 "FS" 1991
11 1992 0.25 4.4 0 0 0 "FS" 1992
11 1993 3.05 5.125 0 0 0 "FS" 1993
11 1995 7.18571428571429 4.47857142857143 0 0 0 "FS" 1995
11 1996 8.58 5.33 0 0 0 "FS" 1996
11 1997 1.7375 4.70625 0 0 0 "FS" 1997
11 1998 0 7.875 0 0 0 "FS" 1998
11 1999 0 3.65 0 0 0 "FS" 1999
11 2000 6.06 6.56 0 0 0 "FS" 2000
11 2001 4.65 6.58333333333333 0 0 0 "FS" 2001
11 2002 6.29166666666667 5.3875 0 0 0 "FS" 2002
11 2003 0.5 4 0 0 0 "FS" 2003
11 2004 9.5375 5.18125 0 0 0 "FS" 2004
11 2005 8.64 7.34 0 0 0 "FS" 2005
11 2006 5.46666666666667 4.56666666666667 0 0 0 "FS" 2006
11 2007 4.725 4.2 0 0 0 "FS" 2007
11 2008 5.26428571428571 4.725 0 0 0 "FS" 2008
11 2009 4.06153846153846 4.41538461538462 0 0 0 "FS" 2009
11 2010 2.51875 5.1875 0 0 0 "FS" 2010
11 2011 4.33684210526316 5.16315789473684 0 0 0 "FS" 2011
11 2012 5.04117647058824 4.92941176470588 0 0 0 "FS" 2012
11 2013 5.11052631578947 4.50526315789474 0 0 0 "FS" 2013
11 2014 4.20555555555556 4.31388888888889 0 0 0 "FS" 2014
11 2015 7.845 4.55 0 0 0 "FS" 2015
11 2016 2.13333333333333 6.78333333333333 0 0 0 "FS" 2016
11 2017 3.55714285714286 4.625 0 0 0 "FS" 2017
12 1976 0 5.5 0 0 0 "FS" 1976
12 1982 5.33333333333333 5.1 0 0 0 "FS" 1982
12 1983 1.73333333333333 7.47222222222222 0 0 0 "FS" 1983
12 1984 6.63571428571429 5.36428571428571 0 0 0 "FS" 1984
12 1985 3.26 6.99 0 0 0 "FS" 1985
12 1986 3.25 6.0125 0 0 0 "FS" 1986
12 1987 14.975 6.45 0 0 0 "FS" 1987
12 1988 5.65 6.0125 0 0 0 "FS" 1988
12 1989 8.51 8.155 0 0 0 "FS" 1989
12 1991 0.5 3.1 0 0 0 "FS" 1991
12 1992 0.5 6.675 0 0 0 "FS" 1992
12 1993 8.9 4.95 0 0 0 "FS" 1993
12 1995 1.99444444444444 5.19722222222222 0 0 0 "FS" 1995
12 1996 2.775 6.56666666666667 0 0 0 "FS" 1996
12 1997 1.15454545454545 6.88181818181818 0 0 0 "FS" 1997
12 1998 0 7.45 0 0 0 "FS" 1998
12 1999 0 4.45 0 0 0 "FS" 1999
12 2000 9.61538461538461 5.78076923076923 0 0 0 "FS" 2000
12 2001 3.375 7.35 0 0 0 "FS" 2001
12 2002 4.93846153846154 5.95384615384615 0 0 0 "FS" 2002
12 2003 8.18 6.22 0 0 0 "FS" 2003
12 2004 2.11666666666667 6.94583333333333 0 0 0 "FS" 2004
12 2005 2.11538461538462 4.98846153846154 0 0 0 "FS" 2005
12 2006 3.2 8.26333333333333 0 0 0 "FS" 2006
12 2007 2.94 6.29 0 0 0 "FS" 2007
12 2008 3.725 6.034375 0 0 0 "FS" 2008
12 2009 3.28461538461538 5.28461538461538 0 0 0 "FS" 2009
12 2010 9.17142857142857 5.65714285714286 0 0 0 "FS" 2010
12 2011 2.55625 7.38125 0 0 0 "FS" 2011
12 2012 4.41764705882353 4.98823529411765 0 0 0 "FS" 2012
12 2013 3.37272727272727 5.72272727272727 0 0 0 "FS" 2013
12 2014 3.59333333333333 5.90666666666667 0 0 0 "FS" 2014
12 2015 4.30833333333333 6.4625 0 0 0 "FS" 2015
12 2016 6.56923076923077 6.20384615384615 0 0 0 "FS" 2016
12 2017 3.49090909090909 6.31590909090909 0 0 0 "FS" 2017
