"MONTH" "YEAR" "ave_mo_t" "opium_t" "mj_t" "coca_t" "fips" "year"
2 2009 28.8 0 0 0 "GH" 2009
3 1994 31.45 0 0 0 "GH" 1994
3 2017 29.8 0 0 0 "GH" 2017
4 1994 31.5166666666667 0 0 0 "GH" 1994
4 2009 30.4 0 0 0 "GH" 2009
4 2010 31.55 0 0 0 "GH" 2010
4 2011 32.25 0 0 0 "GH" 2011
4 2012 29.4166666666667 0 0 0 "GH" 2012
4 2013 31.2 0 0 0 "GH" 2013
4 2015 32.35 0 0 0 "GH" 2015
4 2018 31.725 0 0 0 "GH" 2018
5 1994 31.7833333333333 0 0 0 "GH" 1994
5 2005 29.65 0 0 0 "GH" 2005
5 2006 27.8 0 0 0 "GH" 2006
5 2009 29.85 0 0 0 "GH" 2009
5 2010 28.25 0 0 0 "GH" 2010
5 2011 28.65 0 0 0 "GH" 2011
5 2012 27.8 0 0 0 "GH" 2012
5 2013 27.95 0 0 0 "GH" 2013
5 2014 28.8 0 0 0 "GH" 2014
5 2015 30.3 0 0 0 "GH" 2015
5 2016 28.9 0 0 0 "GH" 2016
5 2017 29.6416666666667 0 0 0 "GH" 2017
5 2018 28.175 0 0 0 "GH" 2018
6 2008 27.65 0 0 0 "GH" 2008
6 2009 28 0 0 0 "GH" 2009
6 2010 28.15 0 0 0 "GH" 2010
6 2011 29.5 0 0 0 "GH" 2011
6 2013 27.55 0 0 0 "GH" 2013
6 2014 28.9 0 0 0 "GH" 2014
6 2015 27.05 0 0 0 "GH" 2015
6 2016 27.9333333333333 0 0 0 "GH" 2016
6 2017 27.8 0 0 0 "GH" 2017
6 2018 28.175 0 0 0 "GH" 2018
7 1996 26.8 0 0 0 "GH" 1996
7 2005 27.9 0 0 0 "GH" 2005
7 2006 27.05 0 0 0 "GH" 2006
7 2008 26.26 0 0 0 "GH" 2008
7 2009 25.95 0 0 0 "GH" 2009
7 2010 26.275 0 0 0 "GH" 2010
7 2011 28.7833333333333 0 0 0 "GH" 2011
7 2012 25.4 0 0 0 "GH" 2012
7 2014 26.95 0 0 0 "GH" 2014
7 2015 28.25 0 0 0 "GH" 2015
7 2016 28.19 0 0 0 "GH" 2016
7 2017 26.95 0 0 0 "GH" 2017
7 2018 27.5125 0 0 0 "GH" 2018
8 1994 27 0 0 0 "GH" 1994
8 1996 24.2 0 0 0 "GH" 1996
8 2008 26.5875 0 0 0 "GH" 2008
8 2009 26.9875 0 0 0 "GH" 2009
8 2010 26.5583333333333 0 0 0 "GH" 2010
8 2012 26.9 0 0 0 "GH" 2012
8 2014 27.2916666666667 0 0 0 "GH" 2014
8 2015 26.3666666666667 0 0 0 "GH" 2015
8 2016 27.1357142857143 0 0 0 "GH" 2016
8 2017 27.0071428571429 0 0 0 "GH" 2017
8 2018 26.1045454545455 0 0 0 "GH" 2018
9 1994 27.95 0 0 0 "GH" 1994
9 2008 26.9 0 0 0 "GH" 2008
9 2009 26.47 0 0 0 "GH" 2009
9 2010 26.86875 0 0 0 "GH" 2010
9 2011 27.7 0 0 0 "GH" 2011
9 2012 26.1227272727273 0 0 0 "GH" 2012
9 2014 27.625 0 0 0 "GH" 2014
9 2015 27.75 0 0 0 "GH" 2015
9 2016 27.5785714285714 0 0 0 "GH" 2016
9 2017 27.1428571428571 0 0 0 "GH" 2017
9 2018 26.94 0 0 0 "GH" 2018
10 2005 27.8375 0 0 0 "GH" 2005
10 2009 27.8071428571429 0 0 0 "GH" 2009
10 2010 26.8166666666667 0 0 0 "GH" 2010
10 2012 25.9 0 0 0 "GH" 2012
10 2013 27.8 0 0 0 "GH" 2013
10 2016 28.8166666666667 0 0 0 "GH" 2016
10 2017 27.1166666666667 0 0 0 "GH" 2017
10 2018 27.4333333333333 0 0 0 "GH" 2018
11 1994 28 0 0 0 "GH" 1994
11 2004 29.1 0 0 0 "GH" 2004
11 2009 29.55 0 0 0 "GH" 2009
1 1977 29 0 0 0 "GH" 1977
1 1978 28.5 0 0 0 "GH" 1978
1 1979 30 0 0 0 "GH" 1979
1 1992 24.9 0 0 0 "GH" 1992
1 1997 28.98 0 0 0 "GH" 1997
1 2003 28.5444444444444 0 0 0 "GH" 2003
1 2004 28.08 0 0 0 "GH" 2004
1 2005 27.43 0 0 0 "GH" 2005
1 2019 31.75 0 0 0 "GH" 2019
2 1979 29.3333333333333 0 0 0 "GH" 1979
2 1980 31 0 0 0 "GH" 1980
2 1990 28.6 0 0 0 "GH" 1990
2 1994 30.8 0 0 0 "GH" 1994
2 1995 30.5 0 0 0 "GH" 1995
2 1997 27.2125 0 0 0 "GH" 1997
2 2003 31.4 0 0 0 "GH" 2003
2 2004 29.78 0 0 0 "GH" 2004
2 2005 31.87 0 0 0 "GH" 2005
2 2009 27.5 0 0 0 "GH" 2009
2 2018 31.75 0 0 0 "GH" 2018
3 1977 32.5 0 0 0 "GH" 1977
3 1980 31.25 0 0 0 "GH" 1980
3 1990 30.6666666666667 0 0 0 "GH" 1990
3 1992 31.5 0 0 0 "GH" 1992
3 1993 27.6 0 0 0 "GH" 1993
3 1994 31.325 0 0 0 "GH" 1994
3 1995 31.9166666666667 0 0 0 "GH" 1995
3 1997 30.0714285714286 0 0 0 "GH" 1997
3 2003 30.625 0 0 0 "GH" 2003
3 2004 30.6576923076923 0 0 0 "GH" 2004
3 2005 32.9666666666667 0 0 0 "GH" 2005
3 2009 30.15 0 0 0 "GH" 2009
3 2011 29.85 0 0 0 "GH" 2011
3 2012 30.05 0 0 0 "GH" 2012
3 2013 31.725 0 0 0 "GH" 2013
3 2016 32.5 0 0 0 "GH" 2016
3 2017 31.8833333333333 0 0 0 "GH" 2017
3 2018 30.14 0 0 0 "GH" 2018
4 1977 32.1666666666667 0 0 0 "GH" 1977
4 1990 30.5666666666667 0 0 0 "GH" 1990
4 1991 27.85 0 0 0 "GH" 1991
4 1992 28.65 0 0 0 "GH" 1992
4 1993 28.1 0 0 0 "GH" 1993
4 1994 29.25 0 0 0 "GH" 1994
4 1995 32.5 0 0 0 "GH" 1995
4 1997 28.76875 0 0 0 "GH" 1997
4 2003 32.75 0 0 0 "GH" 2003
4 2004 29.7944444444444 0 0 0 "GH" 2004
4 2005 31.64375 0 0 0 "GH" 2005
4 2006 30.7 0 0 0 "GH" 2006
4 2009 28.025 0 0 0 "GH" 2009
4 2010 30.6 0 0 0 "GH" 2010
4 2012 29.275 0 0 0 "GH" 2012
4 2014 26 0 0 0 "GH" 2014
4 2016 31.75 0 0 0 "GH" 2016
4 2017 27.7 0 0 0 "GH" 2017
4 2018 29.5625 0 0 0 "GH" 2018
5 1977 29.5 0 0 0 "GH" 1977
5 1978 29.75 0 0 0 "GH" 1978
5 1990 27.75 0 0 0 "GH" 1990
5 1991 26.475 0 0 0 "GH" 1991
5 1994 29.3 0 0 0 "GH" 1994
5 1997 29.0363636363636 0 0 0 "GH" 1997
5 2002 28.1166666666667 0 0 0 "GH" 2002
5 2003 30.27 0 0 0 "GH" 2003
5 2004 29.9416666666667 0 0 0 "GH" 2004
5 2005 29.5285714285714 0 0 0 "GH" 2005
5 2006 28.85 0 0 0 "GH" 2006
5 2007 27.675 0 0 0 "GH" 2007
5 2009 29.55625 0 0 0 "GH" 2009
5 2010 28.9666666666667 0 0 0 "GH" 2010
5 2011 28.75 0 0 0 "GH" 2011
5 2012 27.75 0 0 0 "GH" 2012
5 2014 27.075 0 0 0 "GH" 2014
5 2015 31.125 0 0 0 "GH" 2015
5 2016 29.325 0 0 0 "GH" 2016
5 2017 28.5333333333333 0 0 0 "GH" 2017
5 2018 28.1125 0 0 0 "GH" 2018
6 1977 25.9 0 0 0 "GH" 1977
6 1990 27.9 0 0 0 "GH" 1990
6 1991 28.825 0 0 0 "GH" 1991
6 1992 25.95 0 0 0 "GH" 1992
6 1993 26.45 0 0 0 "GH" 1993
6 1995 27.7 0 0 0 "GH" 1995
6 1996 26.8 0 0 0 "GH" 1996
6 1997 26.1555555555556 0 0 0 "GH" 1997
6 2001 26.75 0 0 0 "GH" 2001
6 2003 26.4375 0 0 0 "GH" 2003
6 2004 26.28 0 0 0 "GH" 2004
6 2005 28.2 0 0 0 "GH" 2005
6 2006 28.1166666666667 0 0 0 "GH" 2006
6 2008 26 0 0 0 "GH" 2008
6 2009 25.68 0 0 0 "GH" 2009
6 2010 27.21 0 0 0 "GH" 2010
6 2011 29.5 0 0 0 "GH" 2011
6 2012 30.3 0 0 0 "GH" 2012
6 2014 27.66 0 0 0 "GH" 2014
6 2015 27.8333333333333 0 0 0 "GH" 2015
6 2016 27.1416666666667 0 0 0 "GH" 2016
6 2017 27.81875 0 0 0 "GH" 2017
6 2018 28.96875 0 0 0 "GH" 2018
7 1977 25.6666666666667 0 0 0 "GH" 1977
7 1978 25.75 0 0 0 "GH" 1978
7 1990 25.175 0 0 0 "GH" 1990
7 1991 25.5875 0 0 0 "GH" 1991
7 1992 25.75 0 0 0 "GH" 1992
7 1993 25.85 0 0 0 "GH" 1993
7 1994 26.8125 0 0 0 "GH" 1994
7 1995 25.7 0 0 0 "GH" 1995
7 1996 26.05 0 0 0 "GH" 1996
7 1997 26.7125 0 0 0 "GH" 1997
7 2003 24.85 0 0 0 "GH" 2003
7 2004 26.1727272727273 0 0 0 "GH" 2004
7 2005 27.0625 0 0 0 "GH" 2005
7 2006 25.25 0 0 0 "GH" 2006
7 2008 25.9 0 0 0 "GH" 2008
7 2009 25.4 0 0 0 "GH" 2009
7 2010 26.4166666666667 0 0 0 "GH" 2010
7 2011 26.87 0 0 0 "GH" 2011
7 2012 24.95 0 0 0 "GH" 2012
7 2013 25.9 0 0 0 "GH" 2013
7 2014 26.75 0 0 0 "GH" 2014
7 2015 26.775 0 0 0 "GH" 2015
7 2016 25.9375 0 0 0 "GH" 2016
7 2017 27.5833333333333 0 0 0 "GH" 2017
7 2018 25.61 0 0 0 "GH" 2018
8 1977 25.1666666666667 0 0 0 "GH" 1977
8 1978 26.7857142857143 0 0 0 "GH" 1978
8 1990 25.6 0 0 0 "GH" 1990
8 1993 25.51 0 0 0 "GH" 1993
8 1994 26.7166666666667 0 0 0 "GH" 1994
8 1996 25.91 0 0 0 "GH" 1996
8 2000 26.675 0 0 0 "GH" 2000
8 2003 26.405 0 0 0 "GH" 2003
8 2004 25.8142857142857 0 0 0 "GH" 2004
8 2005 25.53 0 0 0 "GH" 2005
8 2008 26.0571428571429 0 0 0 "GH" 2008
8 2009 26.1166666666667 0 0 0 "GH" 2009
8 2010 25.2666666666667 0 0 0 "GH" 2010
8 2011 27.9 0 0 0 "GH" 2011
8 2012 26.47 0 0 0 "GH" 2012
8 2014 26.4 0 0 0 "GH" 2014
8 2015 25.6 0 0 0 "GH" 2015
8 2016 26.315 0 0 0 "GH" 2016
8 2017 26.1666666666667 0 0 0 "GH" 2017
8 2018 26.5357142857143 0 0 0 "GH" 2018
9 1976 28 0 0 0 "GH" 1976
9 1978 26.25 0 0 0 "GH" 1978
9 1990 27.05 0 0 0 "GH" 1990
9 1991 26.55 0 0 0 "GH" 1991
9 1993 26.6166666666667 0 0 0 "GH" 1993
9 1994 26.3166666666667 0 0 0 "GH" 1994
9 1996 26.25 0 0 0 "GH" 1996
9 2000 25.05 0 0 0 "GH" 2000
9 2003 27.1333333333333 0 0 0 "GH" 2003
9 2004 26.8 0 0 0 "GH" 2004
9 2005 26.875 0 0 0 "GH" 2005
9 2006 25.2 0 0 0 "GH" 2006
9 2008 26.9 0 0 0 "GH" 2008
9 2009 25.875 0 0 0 "GH" 2009
9 2010 25.9333333333333 0 0 0 "GH" 2010
9 2011 26.3333333333333 0 0 0 "GH" 2011
9 2012 26.775 0 0 0 "GH" 2012
9 2014 26.875 0 0 0 "GH" 2014
9 2015 26.15 0 0 0 "GH" 2015
9 2016 26.93 0 0 0 "GH" 2016
9 2017 28.5 0 0 0 "GH" 2017
9 2018 26.8125 0 0 0 "GH" 2018
10 1976 27.5 0 0 0 "GH" 1976
10 1977 28.5 0 0 0 "GH" 1977
10 1990 29.5 0 0 0 "GH" 1990
10 1993 28.1 0 0 0 "GH" 1993
10 1994 26.15 0 0 0 "GH" 1994
10 2003 27.8277777777778 0 0 0 "GH" 2003
10 2004 28.7833333333333 0 0 0 "GH" 2004
10 2005 26.9166666666667 0 0 0 "GH" 2005
10 2006 25.25 0 0 0 "GH" 2006
10 2008 27.55 0 0 0 "GH" 2008
10 2009 27.45 0 0 0 "GH" 2009
10 2010 24.85 0 0 0 "GH" 2010
10 2011 27.575 0 0 0 "GH" 2011
10 2012 26.5142857142857 0 0 0 "GH" 2012
10 2013 26.75 0 0 0 "GH" 2013
10 2014 27.6 0 0 0 "GH" 2014
10 2016 26.5 0 0 0 "GH" 2016
10 2017 27.5214285714286 0 0 0 "GH" 2017
10 2018 27.4 0 0 0 "GH" 2018
11 1976 26.6666666666667 0 0 0 "GH" 1976
11 1977 26.5 0 0 0 "GH" 1977
11 1978 26.1666666666667 0 0 0 "GH" 1978
11 1990 28.95 0 0 0 "GH" 1990
11 1992 27.85 0 0 0 "GH" 1992
11 1996 27.2388888888889 0 0 0 "GH" 1996
11 2002 28.5 0 0 0 "GH" 2002
11 2003 29.1625 0 0 0 "GH" 2003
11 2004 28.2 0 0 0 "GH" 2004
11 2009 27.75 0 0 0 "GH" 2009
11 2014 28 0 0 0 "GH" 2014
12 1976 25.75 0 0 0 "GH" 1976
12 1977 27.25 0 0 0 "GH" 1977
12 1978 27.5 0 0 0 "GH" 1978
12 1990 28.55 0 0 0 "GH" 1990
12 1992 27 0 0 0 "GH" 1992
12 1996 27.97 0 0 0 "GH" 1996
12 2002 29.825 0 0 0 "GH" 2002
12 2003 27.7571428571429 0 0 0 "GH" 2003
12 2004 29.5863636363636 0 0 0 "GH" 2004
12 2009 29.3 0 0 0 "GH" 2009
1 1977 27.25 0 0 0 "GH" 1977
1 1978 27.3333333333333 0 0 0 "GH" 1978
1 1979 23.5 0 0 0 "GH" 1979
1 1994 28.95 0 0 0 "GH" 1994
1 1997 26.7 0 0 0 "GH" 1997
1 2003 28.1 0 0 0 "GH" 2003
1 2005 28 0 0 0 "GH" 2005
1 2019 27.8 0 0 0 "GH" 2019
2 1978 28.6666666666667 0 0 0 "GH" 1978
2 1991 32.1 0 0 0 "GH" 1991
2 1994 29.475 0 0 0 "GH" 1994
2 1995 30.6 0 0 0 "GH" 1995
2 1997 28.0833333333333 0 0 0 "GH" 1997
2 1998 31.55 0 0 0 "GH" 1998
2 2003 27.475 0 0 0 "GH" 2003
2 2005 29.65 0 0 0 "GH" 2005
2 2011 27.7 0 0 0 "GH" 2011
2 2018 30.025 0 0 0 "GH" 2018
3 1977 30.8333333333333 0 0 0 "GH" 1977
3 1994 30.0833333333333 0 0 0 "GH" 1994
3 1995 30.1 0 0 0 "GH" 1995
3 1997 30.75 0 0 0 "GH" 1997
3 2003 28.85 0 0 0 "GH" 2003
3 2004 27.425 0 0 0 "GH" 2004
3 2010 29.75 0 0 0 "GH" 2010
3 2012 29.5 0 0 0 "GH" 2012
3 2017 31.1 0 0 0 "GH" 2017
3 2018 30.35 0 0 0 "GH" 2018
4 1977 30.25 0 0 0 "GH" 1977
4 1994 29.4642857142857 0 0 0 "GH" 1994
4 1995 29.1125 0 0 0 "GH" 1995
4 1997 28.575 0 0 0 "GH" 1997
4 1998 29.05 0 0 0 "GH" 1998
4 2002 29.1 0 0 0 "GH" 2002
4 2003 27.875 0 0 0 "GH" 2003
4 2004 27.3166666666667 0 0 0 "GH" 2004
4 2005 31.525 0 0 0 "GH" 2005
4 2009 27.95 0 0 0 "GH" 2009
4 2010 31.45 0 0 0 "GH" 2010
4 2012 27.8833333333333 0 0 0 "GH" 2012
4 2018 29.41 0 0 0 "GH" 2018
5 1977 29 0 0 0 "GH" 1977
5 1991 25.87 0 0 0 "GH" 1991
5 1994 27.7214285714286 0 0 0 "GH" 1994
5 1995 26 0 0 0 "GH" 1995
5 1996 26.35 0 0 0 "GH" 1996
5 1997 25.75 0 0 0 "GH" 1997
5 1998 29.58 0 0 0 "GH" 1998
5 2003 28.65 0 0 0 "GH" 2003
5 2004 27.5 0 0 0 "GH" 2004
5 2009 27.9666666666667 0 0 0 "GH" 2009
5 2011 27 0 0 0 "GH" 2011
5 2012 27.8833333333333 0 0 0 "GH" 2012
5 2017 27.7 0 0 0 "GH" 2017
5 2018 26.3833333333333 0 0 0 "GH" 2018
6 1977 26 0 0 0 "GH" 1977
6 1990 25 0 0 0 "GH" 1990
6 1995 27.48 0 0 0 "GH" 1995
6 1997 26.6892857142857 0 0 0 "GH" 1997
6 1998 26.6625 0 0 0 "GH" 1998
6 2003 26.175 0 0 0 "GH" 2003
6 2009 24.5 0 0 0 "GH" 2009
6 2010 26.65 0 0 0 "GH" 2010
6 2011 27.5 0 0 0 "GH" 2011
6 2017 27.2 0 0 0 "GH" 2017
6 2018 26.75 0 0 0 "GH" 2018
7 1977 25.6666666666667 0 0 0 "GH" 1977
7 1978 24.8 0 0 0 "GH" 1978
7 1990 25.725 0 0 0 "GH" 1990
7 1991 24.65 0 0 0 "GH" 1991
7 1994 25.6083333333333 0 0 0 "GH" 1994
7 1995 26.4 0 0 0 "GH" 1995
7 1997 24.98 0 0 0 "GH" 1997
7 1998 25.5 0 0 0 "GH" 1998
7 2003 24.75 0 0 0 "GH" 2003
7 2004 25.975 0 0 0 "GH" 2004
7 2005 26 0 0 0 "GH" 2005
7 2009 25.625 0 0 0 "GH" 2009
7 2010 26.7 0 0 0 "GH" 2010
7 2011 26.45 0 0 0 "GH" 2011
7 2012 25.375 0 0 0 "GH" 2012
7 2017 26.1833333333333 0 0 0 "GH" 2017
7 2018 26.1409090909091 0 0 0 "GH" 2018
8 1977 24.5833333333333 0 0 0 "GH" 1977
8 1978 25.75 0 0 0 "GH" 1978
8 1990 24.9833333333333 0 0 0 "GH" 1990
8 1991 24.725 0 0 0 "GH" 1991
8 1994 25.25 0 0 0 "GH" 1994
8 1995 24.3 0 0 0 "GH" 1995
8 1997 25.1166666666667 0 0 0 "GH" 1997
8 1998 25.4333333333333 0 0 0 "GH" 1998
8 2003 24.86875 0 0 0 "GH" 2003
8 2005 25.375 0 0 0 "GH" 2005
8 2008 25.8 0 0 0 "GH" 2008
8 2009 26.3 0 0 0 "GH" 2009
8 2010 25.6833333333333 0 0 0 "GH" 2010
8 2011 25.75 0 0 0 "GH" 2011
8 2012 25.6833333333333 0 0 0 "GH" 2012
8 2017 24.85 0 0 0 "GH" 2017
8 2018 26.28 0 0 0 "GH" 2018
9 1976 26.75 0 0 0 "GH" 1976
9 1977 25.75 0 0 0 "GH" 1977
9 1978 26.5 0 0 0 "GH" 1978
9 1994 26.95 0 0 0 "GH" 1994
9 1996 25.9 0 0 0 "GH" 1996
9 1997 25.5538461538462 0 0 0 "GH" 1997
9 1998 24.95 0 0 0 "GH" 1998
9 2000 24.15 0 0 0 "GH" 2000
9 2003 25.7875 0 0 0 "GH" 2003
9 2004 26.2166666666667 0 0 0 "GH" 2004
9 2005 26 0 0 0 "GH" 2005
9 2009 26.425 0 0 0 "GH" 2009
9 2010 26.1277777777778 0 0 0 "GH" 2010
9 2011 27.55 0 0 0 "GH" 2011
9 2012 25.9714285714286 0 0 0 "GH" 2012
9 2017 27.55 0 0 0 "GH" 2017
9 2018 26.32 0 0 0 "GH" 2018
10 1976 26 0 0 0 "GH" 1976
10 1977 26.4 0 0 0 "GH" 1977
10 1978 26 0 0 0 "GH" 1978
10 1994 26.5833333333333 0 0 0 "GH" 1994
10 1997 26.61875 0 0 0 "GH" 1997
10 1998 26.4708333333333 0 0 0 "GH" 1998
10 2005 26.7 0 0 0 "GH" 2005
10 2010 26.5 0 0 0 "GH" 2010
10 2011 26.725 0 0 0 "GH" 2011
10 2012 26.5333333333333 0 0 0 "GH" 2012
10 2017 28.0333333333333 0 0 0 "GH" 2017
10 2018 27.5666666666667 0 0 0 "GH" 2018
11 1976 26.5 0 0 0 "GH" 1976
11 1977 24.75 0 0 0 "GH" 1977
11 1978 25 0 0 0 "GH" 1978
11 1990 27.95 0 0 0 "GH" 1990
11 1993 27.4 0 0 0 "GH" 1993
11 1994 26.85 0 0 0 "GH" 1994
11 1996 24.69 0 0 0 "GH" 1996
11 1997 27.5 0 0 0 "GH" 1997
11 1998 27.05 0 0 0 "GH" 1998
11 2004 27.9 0 0 0 "GH" 2004
11 2010 27.2 0 0 0 "GH" 2010
11 2012 28.55 0 0 0 "GH" 2012
12 1977 24.5 0 0 0 "GH" 1977
12 1978 26.5 0 0 0 "GH" 1978
12 1993 27.4 0 0 0 "GH" 1993
12 1996 26.88 0 0 0 "GH" 1996
12 1998 28.35 0 0 0 "GH" 1998
12 1999 23.85 0 0 0 "GH" 1999
12 2002 26.9666666666667 0 0 0 "GH" 2002
12 2004 27.675 0 0 0 "GH" 2004
12 2005 28.15 0 0 0 "GH" 2005
1 1992 25.45 0 0 0 "GH" 1992
1 1993 28.55 0 0 0 "GH" 1993
1 1994 30.15 0 0 0 "GH" 1994
1 1997 29.3375 0 0 0 "GH" 1997
1 2003 26.25 0 0 0 "GH" 2003
1 2004 29.4 0 0 0 "GH" 2004
1 2019 31.95 0 0 0 "GH" 2019
2 1991 32.9 0 0 0 "GH" 1991
2 1992 31.15 0 0 0 "GH" 1992
2 1994 30.575 0 0 0 "GH" 1994
2 1997 29.25 0 0 0 "GH" 1997
2 2004 30.38 0 0 0 "GH" 2004
2 2011 30.15 0 0 0 "GH" 2011
2 2018 31.95 0 0 0 "GH" 2018
3 1993 26.4 0 0 0 "GH" 1993
3 1994 32.15 0 0 0 "GH" 1994
3 1995 29.8 0 0 0 "GH" 1995
3 1997 30.0416666666667 0 0 0 "GH" 1997
3 2004 32.28 0 0 0 "GH" 2004
3 2011 29.75 0 0 0 "GH" 2011
3 2016 29.45 0 0 0 "GH" 2016
3 2018 29.45 0 0 0 "GH" 2018
4 1977 33 0 0 0 "GH" 1977
4 1991 28.1 0 0 0 "GH" 1991
4 1992 31.2333333333333 0 0 0 "GH" 1992
4 1994 32.175 0 0 0 "GH" 1994
4 1995 32.3333333333333 0 0 0 "GH" 1995
4 1997 29.7681818181818 0 0 0 "GH" 1997
4 2012 27.075 0 0 0 "GH" 2012
5 1977 30.75 0 0 0 "GH" 1977
5 1990 28.7 0 0 0 "GH" 1990
5 1992 30.45 0 0 0 "GH" 1992
5 1994 28.8666666666667 0 0 0 "GH" 1994
5 1997 28.1272727272727 0 0 0 "GH" 1997
5 2002 29.8 0 0 0 "GH" 2002
5 2004 31.8 0 0 0 "GH" 2004
5 2012 28.3 0 0 0 "GH" 2012
5 2013 29.1 0 0 0 "GH" 2013
5 2016 29.0333333333333 0 0 0 "GH" 2016
5 2018 29.55 0 0 0 "GH" 2018
6 1973 30 0 0 0 "GH" 1973
6 1990 27.65 0 0 0 "GH" 1990
6 1992 28.3 0 0 0 "GH" 1992
6 1993 27.5333333333333 0 0 0 "GH" 1993
6 1995 27.9166666666667 0 0 0 "GH" 1995
6 1997 27.1307692307692 0 0 0 "GH" 1997
6 2004 25.5 0 0 0 "GH" 2004
6 2005 30.25 0 0 0 "GH" 2005
6 2011 27.65 0 0 0 "GH" 2011
6 2012 26.5666666666667 0 0 0 "GH" 2012
6 2016 30.8 0 0 0 "GH" 2016
6 2017 28.1 0 0 0 "GH" 2017
6 2018 28.05 0 0 0 "GH" 2018
7 1974 25 0 0 0 "GH" 1974
7 1977 27 0 0 0 "GH" 1977
7 1978 24.8333333333333 0 0 0 "GH" 1978
7 1990 26.8666666666667 0 0 0 "GH" 1990
7 1992 24.95 0 0 0 "GH" 1992
7 1993 25.71 0 0 0 "GH" 1993
7 1994 26.64 0 0 0 "GH" 1994
7 1997 25.8785714285714 0 0 0 "GH" 1997
7 1998 29.45 0 0 0 "GH" 1998
7 2011 27.15 0 0 0 "GH" 2011
7 2012 25.325 0 0 0 "GH" 2012
7 2016 28.15 0 0 0 "GH" 2016
7 2017 27.2 0 0 0 "GH" 2017
7 2018 26.9125 0 0 0 "GH" 2018
8 1973 25.1 0 0 0 "GH" 1973
8 1977 25 0 0 0 "GH" 1977
8 1978 26.5 0 0 0 "GH" 1978
8 1990 25.15 0 0 0 "GH" 1990
8 1993 26.3666666666667 0 0 0 "GH" 1993
8 1994 26.7375 0 0 0 "GH" 1994
8 1995 25.7 0 0 0 "GH" 1995
8 1996 25.8833333333333 0 0 0 "GH" 1996
8 1997 27.3318181818182 0 0 0 "GH" 1997
8 2004 25.8 0 0 0 "GH" 2004
8 2010 27.15 0 0 0 "GH" 2010
8 2012 25.35 0 0 0 "GH" 2012
8 2016 27.3 0 0 0 "GH" 2016
8 2017 27.9 0 0 0 "GH" 2017
8 2018 26.22 0 0 0 "GH" 2018
9 1973 26.375 0 0 0 "GH" 1973
9 1976 28.25 0 0 0 "GH" 1976
9 1977 28 0 0 0 "GH" 1977
9 1978 27 0 0 0 "GH" 1978
9 1993 27.1 0 0 0 "GH" 1993
9 1994 27.45 0 0 0 "GH" 1994
9 1996 25.825 0 0 0 "GH" 1996
9 1997 27.65625 0 0 0 "GH" 1997
9 2004 27.025 0 0 0 "GH" 2004
9 2005 26.65 0 0 0 "GH" 2005
9 2010 26.6166666666667 0 0 0 "GH" 2010
9 2012 25.71 0 0 0 "GH" 2012
9 2016 26.4583333333333 0 0 0 "GH" 2016
9 2017 27.7666666666667 0 0 0 "GH" 2017
9 2018 28.15 0 0 0 "GH" 2018
10 1974 28 0 0 0 "GH" 1974
10 1976 26.5 0 0 0 "GH" 1976
10 1993 28.3833333333333 0 0 0 "GH" 1993
10 1994 28.625 0 0 0 "GH" 1994
10 1997 26.95 0 0 0 "GH" 1997
10 2010 27.3833333333333 0 0 0 "GH" 2010
10 2012 26.35 0 0 0 "GH" 2012
10 2016 28.4 0 0 0 "GH" 2016
10 2017 29.2 0 0 0 "GH" 2017
10 2018 28.825 0 0 0 "GH" 2018
11 1976 28.25 0 0 0 "GH" 1976
11 1993 30.1166666666667 0 0 0 "GH" 1993
11 1994 28.2 0 0 0 "GH" 1994
11 1996 27.7 0 0 0 "GH" 1996
11 1997 29.625 0 0 0 "GH" 1997
12 1976 24 0 0 0 "GH" 1976
12 1978 27.5 0 0 0 "GH" 1978
12 1993 29.9 0 0 0 "GH" 1993
12 1996 27.95 0 0 0 "GH" 1996
12 2002 30.25 0 0 0 "GH" 2002
12 2003 28 0 0 0 "GH" 2003
12 2004 29.04 0 0 0 "GH" 2004
1 1979 25.25 0 0 0 "GH" 1979
1 1992 25.425 0 0 0 "GH" 1992
1 2016 28 0 0 0 "GH" 2016
1 2019 28.15 0 0 0 "GH" 2019
2 1979 29 0 0 0 "GH" 1979
2 1991 28.925 0 0 0 "GH" 1991
2 1992 28.4 0 0 0 "GH" 1992
2 1995 30.6 0 0 0 "GH" 1995
2 1997 27.85 0 0 0 "GH" 1997
2 2007 29.55 0 0 0 "GH" 2007
2 2013 29.075 0 0 0 "GH" 2013
2 2016 29.35 0 0 0 "GH" 2016
2 2018 28.5 0 0 0 "GH" 2018
3 1979 29.3 0 0 0 "GH" 1979
3 1993 26.2166666666667 0 0 0 "GH" 1993
3 1995 29.55 0 0 0 "GH" 1995
3 2004 25.75 0 0 0 "GH" 2004
3 2006 28.0166666666667 0 0 0 "GH" 2006
3 2007 28.8 0 0 0 "GH" 2007
3 2015 28.175 0 0 0 "GH" 2015
3 2016 27.15 0 0 0 "GH" 2016
3 2017 28.2 0 0 0 "GH" 2017
3 2018 27.9416666666667 0 0 0 "GH" 2018
4 1979 28.5 0 0 0 "GH" 1979
4 1991 26.7 0 0 0 "GH" 1991
4 1992 27.7 0 0 0 "GH" 1992
4 1994 25.05 0 0 0 "GH" 1994
4 1995 28.1 0 0 0 "GH" 1995
4 1997 27.6 0 0 0 "GH" 1997
4 2006 26.75 0 0 0 "GH" 2006
4 2012 26.51 0 0 0 "GH" 2012
4 2016 27.9 0 0 0 "GH" 2016
4 2017 26.575 0 0 0 "GH" 2017
4 2018 27.8 0 0 0 "GH" 2018
5 1978 28 0 0 0 "GH" 1978
5 1991 26.45 0 0 0 "GH" 1991
5 1992 26.1 0 0 0 "GH" 1992
5 1994 26.15 0 0 0 "GH" 1994
5 1997 26.6416666666667 0 0 0 "GH" 1997
5 2005 27.3125 0 0 0 "GH" 2005
5 2007 26.7 0 0 0 "GH" 2007
5 2012 26.1416666666667 0 0 0 "GH" 2012
5 2013 26.7 0 0 0 "GH" 2013
5 2014 26.5833333333333 0 0 0 "GH" 2014
5 2015 26.075 0 0 0 "GH" 2015
5 2016 27.1142857142857 0 0 0 "GH" 2016
5 2017 27.3375 0 0 0 "GH" 2017
5 2018 26.2333333333333 0 0 0 "GH" 2018
6 1991 25.8375 0 0 0 "GH" 1991
6 1992 25.875 0 0 0 "GH" 1992
6 1993 25.8428571428571 0 0 0 "GH" 1993
6 1994 24.5 0 0 0 "GH" 1994
6 1995 27.7875 0 0 0 "GH" 1995
6 1997 25.075 0 0 0 "GH" 1997
6 2005 25.575 0 0 0 "GH" 2005
6 2006 26.25 0 0 0 "GH" 2006
6 2010 27.75 0 0 0 "GH" 2010
6 2012 25.425 0 0 0 "GH" 2012
6 2013 24.25 0 0 0 "GH" 2013
6 2014 26.49 0 0 0 "GH" 2014
6 2015 25.8333333333333 0 0 0 "GH" 2015
6 2016 25.315 0 0 0 "GH" 2016
6 2017 26.3 0 0 0 "GH" 2017
6 2018 26.1833333333333 0 0 0 "GH" 2018
7 1973 25.5 0 0 0 "GH" 1973
7 1978 24 0 0 0 "GH" 1978
7 1991 24.9 0 0 0 "GH" 1991
7 1993 23.95 0 0 0 "GH" 1993
7 1994 24.5 0 0 0 "GH" 1994
7 1996 26.1 0 0 0 "GH" 1996
7 1997 24.4833333333333 0 0 0 "GH" 1997
7 2005 24.6875 0 0 0 "GH" 2005
7 2011 26.15 0 0 0 "GH" 2011
7 2012 24.32 0 0 0 "GH" 2012
7 2014 25.475 0 0 0 "GH" 2014
7 2015 24.5 0 0 0 "GH" 2015
7 2016 25.3454545454545 0 0 0 "GH" 2016
7 2017 25.4357142857143 0 0 0 "GH" 2017
7 2018 25.48125 0 0 0 "GH" 2018
8 1978 24.875 0 0 0 "GH" 1978
8 1990 24.4 0 0 0 "GH" 1990
8 1991 24.3 0 0 0 "GH" 1991
8 1993 24.2666666666667 0 0 0 "GH" 1993
8 1994 24.95 0 0 0 "GH" 1994
8 1995 24.95 0 0 0 "GH" 1995
8 1996 25.85 0 0 0 "GH" 1996
8 1997 24.475 0 0 0 "GH" 1997
8 2005 23.65 0 0 0 "GH" 2005
8 2012 24.3833333333333 0 0 0 "GH" 2012
8 2014 25.85 0 0 0 "GH" 2014
8 2015 25.5833333333333 0 0 0 "GH" 2015
8 2016 24.9333333333333 0 0 0 "GH" 2016
8 2017 24.39 0 0 0 "GH" 2017
8 2018 24.9166666666667 0 0 0 "GH" 2018
9 1973 24 0 0 0 "GH" 1973
9 1978 24.1666666666667 0 0 0 "GH" 1978
9 1993 23.55 0 0 0 "GH" 1993
9 1994 24.8333333333333 0 0 0 "GH" 1994
9 1996 23.95 0 0 0 "GH" 1996
9 1997 25.675 0 0 0 "GH" 1997
9 1998 25.5 0 0 0 "GH" 1998
9 2005 25.25 0 0 0 "GH" 2005
9 2006 25.25 0 0 0 "GH" 2006
9 2012 25.725 0 0 0 "GH" 2012
9 2014 25.65 0 0 0 "GH" 2014
9 2015 27.25 0 0 0 "GH" 2015
9 2016 25.5772727272727 0 0 0 "GH" 2016
9 2017 25.4375 0 0 0 "GH" 2017
9 2018 25.79375 0 0 0 "GH" 2018
10 1978 27 0 0 0 "GH" 1978
10 1990 24.6 0 0 0 "GH" 1990
10 1991 24.2 0 0 0 "GH" 1991
10 1993 25.925 0 0 0 "GH" 1993
10 1994 24.8666666666667 0 0 0 "GH" 1994
10 1997 27.0666666666667 0 0 0 "GH" 1997
10 2005 25.9625 0 0 0 "GH" 2005
10 2006 25.25 0 0 0 "GH" 2006
10 2012 26.1166666666667 0 0 0 "GH" 2012
10 2013 25.9 0 0 0 "GH" 2013
10 2014 26.37 0 0 0 "GH" 2014
10 2016 25.3375 0 0 0 "GH" 2016
10 2017 26.8611111111111 0 0 0 "GH" 2017
10 2018 25.9166666666667 0 0 0 "GH" 2018
11 1978 25.0833333333333 0 0 0 "GH" 1978
11 1990 25.35 0 0 0 "GH" 1990
11 1993 25.8 0 0 0 "GH" 1993
11 1994 25.85 0 0 0 "GH" 1994
11 1996 26.675 0 0 0 "GH" 1996
11 2005 26.675 0 0 0 "GH" 2005
11 2006 26.225 0 0 0 "GH" 2006
11 2015 28.5 0 0 0 "GH" 2015
11 2016 27.95 0 0 0 "GH" 2016
11 2017 26.5 0 0 0 "GH" 2017
12 1978 26 0 0 0 "GH" 1978
12 1990 27.3 0 0 0 "GH" 1990
12 1992 26.25 0 0 0 "GH" 1992
12 1993 25.425 0 0 0 "GH" 1993
12 1998 26.75 0 0 0 "GH" 1998
12 2002 27.4 0 0 0 "GH" 2002
12 2016 28.1 0 0 0 "GH" 2016
1 2003 28.55 0 0 0 "GH" 2003
1 2005 26.66875 0 0 0 "GH" 2005
1 2019 26.4 0 0 0 "GH" 2019
2 1977 28 0 0 0 "GH" 1977
2 2003 30.9 0 0 0 "GH" 2003
2 2004 27.5 0 0 0 "GH" 2004
2 2005 30.3 0 0 0 "GH" 2005
2 2012 27 0 0 0 "GH" 2012
2 2017 30.775 0 0 0 "GH" 2017
2 2018 30.1333333333333 0 0 0 "GH" 2018
3 1977 28.5 0 0 0 "GH" 1977
3 1994 32.2 0 0 0 "GH" 1994
3 2003 31.975 0 0 0 "GH" 2003
3 2004 30.7944444444444 0 0 0 "GH" 2004
3 2005 30.9875 0 0 0 "GH" 2005
3 2010 31.3 0 0 0 "GH" 2010
3 2013 28.45 0 0 0 "GH" 2013
3 2015 28.3 0 0 0 "GH" 2015
3 2017 29.8 0 0 0 "GH" 2017
4 1977 30.5 0 0 0 "GH" 1977
4 2003 30.5 0 0 0 "GH" 2003
4 2004 30.7625 0 0 0 "GH" 2004
4 2005 30.2375 0 0 0 "GH" 2005
4 2012 28.225 0 0 0 "GH" 2012
4 2013 28.45 0 0 0 "GH" 2013
4 2016 29.4666666666667 0 0 0 "GH" 2016
4 2017 29.9333333333333 0 0 0 "GH" 2017
4 2018 29.725 0 0 0 "GH" 2018
5 2003 29.75 0 0 0 "GH" 2003
5 2004 28.5 0 0 0 "GH" 2004
5 2005 28.6625 0 0 0 "GH" 2005
5 2012 28.0666666666667 0 0 0 "GH" 2012
5 2013 28.3 0 0 0 "GH" 2013
5 2014 28.225 0 0 0 "GH" 2014
5 2015 28.79 0 0 0 "GH" 2015
5 2016 29.15625 0 0 0 "GH" 2016
5 2017 28.775 0 0 0 "GH" 2017
5 2018 28.2142857142857 0 0 0 "GH" 2018
6 1990 27.5 0 0 0 "GH" 1990
6 2004 26.8 0 0 0 "GH" 2004
6 2005 27.4 0 0 0 "GH" 2005
6 2007 26.9 0 0 0 "GH" 2007
6 2011 29.05 0 0 0 "GH" 2011
6 2015 27.025 0 0 0 "GH" 2015
6 2016 27.6375 0 0 0 "GH" 2016
6 2017 26.8928571428571 0 0 0 "GH" 2017
6 2018 27.225 0 0 0 "GH" 2018
7 1990 26.375 0 0 0 "GH" 1990
7 2004 26 0 0 0 "GH" 2004
7 2005 27.1666666666667 0 0 0 "GH" 2005
7 2006 26.3 0 0 0 "GH" 2006
7 2009 24.85 0 0 0 "GH" 2009
7 2010 25.8 0 0 0 "GH" 2010
7 2012 26.2666666666667 0 0 0 "GH" 2012
7 2014 26.2125 0 0 0 "GH" 2014
7 2016 27.5357142857143 0 0 0 "GH" 2016
7 2017 27.084375 0 0 0 "GH" 2017
7 2018 26.9111111111111 0 0 0 "GH" 2018
8 1977 26 0 0 0 "GH" 1977
8 1990 25.55 0 0 0 "GH" 1990
8 2004 26.6785714285714 0 0 0 "GH" 2004
8 2005 25.625 0 0 0 "GH" 2005
8 2010 26.5 0 0 0 "GH" 2010
8 2011 27.9 0 0 0 "GH" 2011
8 2012 26.3 0 0 0 "GH" 2012
8 2014 25.9583333333333 0 0 0 "GH" 2014
8 2015 26.8833333333333 0 0 0 "GH" 2015
8 2016 26.2928571428571 0 0 0 "GH" 2016
8 2017 26.8875 0 0 0 "GH" 2017
8 2018 26.63125 0 0 0 "GH" 2018
9 1977 26.3333333333333 0 0 0 "GH" 1977
9 1978 25.5 0 0 0 "GH" 1978
9 2003 26.5 0 0 0 "GH" 2003
9 2004 26.9166666666667 0 0 0 "GH" 2004
9 2005 25.8833333333333 0 0 0 "GH" 2005
9 2011 27.95 0 0 0 "GH" 2011
9 2012 26.9625 0 0 0 "GH" 2012
9 2014 26.85 0 0 0 "GH" 2014
9 2015 28.1 0 0 0 "GH" 2015
9 2016 27.0944444444444 0 0 0 "GH" 2016
9 2017 27.1857142857143 0 0 0 "GH" 2017
9 2018 27.3214285714286 0 0 0 "GH" 2018
10 2003 27.2 0 0 0 "GH" 2003
10 2004 28.45 0 0 0 "GH" 2004
10 2005 27.9 0 0 0 "GH" 2005
10 2006 27.75 0 0 0 "GH" 2006
10 2011 27.5666666666667 0 0 0 "GH" 2011
10 2012 27.25 0 0 0 "GH" 2012
10 2013 28 0 0 0 "GH" 2013
10 2014 26.9 0 0 0 "GH" 2014
10 2016 27.35 0 0 0 "GH" 2016
10 2017 28.35 0 0 0 "GH" 2017
10 2018 28.23 0 0 0 "GH" 2018
11 1981 27.5 0 0 0 "GH" 1981
11 2002 28.55 0 0 0 "GH" 2002
11 2003 28.375 0 0 0 "GH" 2003
11 2004 28.47 0 0 0 "GH" 2004
11 2017 27.65 0 0 0 "GH" 2017
12 2002 28.45 0 0 0 "GH" 2002
12 2003 26.15 0 0 0 "GH" 2003
12 2004 28.53125 0 0 0 "GH" 2004
12 2005 26.1 0 0 0 "GH" 2005
12 2009 27.7 0 0 0 "GH" 2009
12 2017 26.75 0 0 0 "GH" 2017
1 2004 27.075 0 0 0 "GH" 2004
1 2005 25.925 0 0 0 "GH" 2005
1 2006 27.6 0 0 0 "GH" 2006
1 2019 27.35 0 0 0 "GH" 2019
2 1978 28.5 0 0 0 "GH" 1978
2 2005 29.65 0 0 0 "GH" 2005
2 2006 26.5 0 0 0 "GH" 2006
2 2009 27.9 0 0 0 "GH" 2009
2 2011 25.7 0 0 0 "GH" 2011
2 2012 27.475 0 0 0 "GH" 2012
2 2017 28.25 0 0 0 "GH" 2017
2 2018 27.35 0 0 0 "GH" 2018
3 1990 29.05 0 0 0 "GH" 1990
3 2004 29.65 0 0 0 "GH" 2004
3 2005 29.35 0 0 0 "GH" 2005
3 2006 27.25 0 0 0 "GH" 2006
3 2009 26.7 0 0 0 "GH" 2009
3 2010 28.0928571428571 0 0 0 "GH" 2010
3 2011 25.25 0 0 0 "GH" 2011
3 2012 26.8 0 0 0 "GH" 2012
3 2017 27.8666666666667 0 0 0 "GH" 2017
4 1990 25.6 0 0 0 "GH" 1990
4 1995 28.4 0 0 0 "GH" 1995
4 2004 25.35 0 0 0 "GH" 2004
4 2005 27 0 0 0 "GH" 2005
4 2007 26.825 0 0 0 "GH" 2007
4 2009 26.2375 0 0 0 "GH" 2009
4 2010 26.62 0 0 0 "GH" 2010
4 2012 27.6166666666667 0 0 0 "GH" 2012
4 2013 26.9166666666667 0 0 0 "GH" 2013
4 2017 28.75 0 0 0 "GH" 2017
4 2018 27.2333333333333 0 0 0 "GH" 2018
5 1990 26.5 0 0 0 "GH" 1990
5 2005 27.25 0 0 0 "GH" 2005
5 2006 25.8 0 0 0 "GH" 2006
5 2007 27.35 0 0 0 "GH" 2007
5 2009 26.4611111111111 0 0 0 "GH" 2009
5 2010 26.225 0 0 0 "GH" 2010
5 2011 26.7 0 0 0 "GH" 2011
5 2012 26.05 0 0 0 "GH" 2012
5 2013 26.25 0 0 0 "GH" 2013
5 2014 26.9142857142857 0 0 0 "GH" 2014
5 2015 26.875 0 0 0 "GH" 2015
5 2016 26.1 0 0 0 "GH" 2016
5 2017 28.1 0 0 0 "GH" 2017
5 2018 26.0416666666667 0 0 0 "GH" 2018
6 1993 24.7 0 0 0 "GH" 1993
6 2005 25.8333333333333 0 0 0 "GH" 2005
6 2006 26.25 0 0 0 "GH" 2006
6 2008 25.0166666666667 0 0 0 "GH" 2008
6 2009 24.6 0 0 0 "GH" 2009
6 2010 25.565 0 0 0 "GH" 2010
6 2011 26.4333333333333 0 0 0 "GH" 2011
6 2012 25.8 0 0 0 "GH" 2012
6 2014 26.35 0 0 0 "GH" 2014
6 2015 26.025 0 0 0 "GH" 2015
6 2016 26.2714285714286 0 0 0 "GH" 2016
6 2017 26.44375 0 0 0 "GH" 2017
6 2018 26.1916666666667 0 0 0 "GH" 2018
7 1989 23.6 0 0 0 "GH" 1989
7 1991 30.15 0 0 0 "GH" 1991
7 2005 24.8166666666667 0 0 0 "GH" 2005
7 2006 24.85 0 0 0 "GH" 2006
7 2008 24.8 0 0 0 "GH" 2008
7 2009 24.1666666666667 0 0 0 "GH" 2009
7 2010 24.775 0 0 0 "GH" 2010
7 2011 24.53 0 0 0 "GH" 2011
7 2012 24.31 0 0 0 "GH" 2012
7 2013 24.6 0 0 0 "GH" 2013
7 2014 25.7666666666667 0 0 0 "GH" 2014
7 2015 26.425 0 0 0 "GH" 2015
7 2016 25.85 0 0 0 "GH" 2016
7 2017 26.1 0 0 0 "GH" 2017
7 2018 25.0375 0 0 0 "GH" 2018
8 1990 24.05 0 0 0 "GH" 1990
8 1992 24.15 0 0 0 "GH" 1992
8 1993 24.85 0 0 0 "GH" 1993
8 2000 24.9 0 0 0 "GH" 2000
8 2004 25.4833333333333 0 0 0 "GH" 2004
8 2005 24.55 0 0 0 "GH" 2005
8 2008 24.475 0 0 0 "GH" 2008
8 2009 24.5785714285714 0 0 0 "GH" 2009
8 2010 24.70625 0 0 0 "GH" 2010
8 2011 25.2 0 0 0 "GH" 2011
8 2012 24.325 0 0 0 "GH" 2012
8 2014 24.6333333333333 0 0 0 "GH" 2014
8 2015 26.85 0 0 0 "GH" 2015
8 2016 25.3375 0 0 0 "GH" 2016
8 2017 24.3 0 0 0 "GH" 2017
8 2018 25.5333333333333 0 0 0 "GH" 2018
9 2004 25.475 0 0 0 "GH" 2004
9 2005 25.025 0 0 0 "GH" 2005
9 2008 24.5833333333333 0 0 0 "GH" 2008
9 2009 25.33 0 0 0 "GH" 2009
9 2010 24.7 0 0 0 "GH" 2010
9 2011 24.8 0 0 0 "GH" 2011
9 2012 25.9 0 0 0 "GH" 2012
9 2014 26.45 0 0 0 "GH" 2014
9 2016 26.0333333333333 0 0 0 "GH" 2016
9 2017 25.65 0 0 0 "GH" 2017
9 2018 25.6 0 0 0 "GH" 2018
10 1997 25.4 0 0 0 "GH" 1997
10 2004 26.12 0 0 0 "GH" 2004
10 2005 25.9791666666667 0 0 0 "GH" 2005
10 2006 26.68 0 0 0 "GH" 2006
10 2008 24.65 0 0 0 "GH" 2008
10 2009 25.56 0 0 0 "GH" 2009
10 2010 24.9928571428571 0 0 0 "GH" 2010
10 2011 25.85 0 0 0 "GH" 2011
10 2012 25.6071428571429 0 0 0 "GH" 2012
10 2014 26.3083333333333 0 0 0 "GH" 2014
10 2016 26.4583333333333 0 0 0 "GH" 2016
10 2017 27.3 0 0 0 "GH" 2017
10 2018 26.1 0 0 0 "GH" 2018
11 1977 26.5 0 0 0 "GH" 1977
11 2000 26.1 0 0 0 "GH" 2000
11 2004 26.5071428571429 0 0 0 "GH" 2004
11 2005 25.45 0 0 0 "GH" 2005
11 2009 25.6857142857143 0 0 0 "GH" 2009
11 2010 25.8666666666667 0 0 0 "GH" 2010
11 2016 27 0 0 0 "GH" 2016
11 2018 27.55 0 0 0 "GH" 2018
12 1993 26.4 0 0 0 "GH" 1993
12 2004 26.8 0 0 0 "GH" 2004
12 2008 25.4125 0 0 0 "GH" 2008
12 2009 25.4 0 0 0 "GH" 2009
12 2010 25.9 0 0 0 "GH" 2010
1 1975 26.5 0 0 0 "GH" 1975
1 1978 28 0 0 0 "GH" 1978
1 1980 26 0 0 0 "GH" 1980
1 1991 27.95 0 0 0 "GH" 1991
1 1992 25.85 0 0 0 "GH" 1992
1 1997 27.0428571428571 0 0 0 "GH" 1997
1 1998 30.6 0 0 0 "GH" 1998
1 2003 27.1357142857143 0 0 0 "GH" 2003
1 2004 27 0 0 0 "GH" 2004
1 2016 29.05 0 0 0 "GH" 2016
1 2019 27.95 0 0 0 "GH" 2019
2 1978 30 0 0 0 "GH" 1978
2 1980 27.75 0 0 0 "GH" 1980
2 1989 29.6 0 0 0 "GH" 1989
2 1994 27.9 0 0 0 "GH" 1994
2 1997 29.125 0 0 0 "GH" 1997
2 1998 29.65 0 0 0 "GH" 1998
2 2002 30.85 0 0 0 "GH" 2002
2 2003 28.8875 0 0 0 "GH" 2003
2 2005 29.25 0 0 0 "GH" 2005
2 2009 27.975 0 0 0 "GH" 2009
2 2010 29.5 0 0 0 "GH" 2010
2 2011 26.3 0 0 0 "GH" 2011
2 2012 27.15 0 0 0 "GH" 2012
2 2013 27.5 0 0 0 "GH" 2013
2 2017 29.4 0 0 0 "GH" 2017
2 2018 28.6 0 0 0 "GH" 2018
3 1980 28.25 0 0 0 "GH" 1980
3 1991 28.5 0 0 0 "GH" 1991
3 1992 28.65 0 0 0 "GH" 1992
3 1993 26.7166666666667 0 0 0 "GH" 1993
3 1994 28.38 0 0 0 "GH" 1994
3 1995 27.1666666666667 0 0 0 "GH" 1995
3 1997 28.525 0 0 0 "GH" 1997
3 1998 30.2 0 0 0 "GH" 1998
3 2001 27 0 0 0 "GH" 2001
3 2002 28.8 0 0 0 "GH" 2002
3 2003 29.325 0 0 0 "GH" 2003
3 2004 28.19 0 0 0 "GH" 2004
3 2009 26.4 0 0 0 "GH" 2009
3 2010 28.1571428571429 0 0 0 "GH" 2010
3 2011 26.7333333333333 0 0 0 "GH" 2011
3 2012 27.425 0 0 0 "GH" 2012
3 2013 26.35 0 0 0 "GH" 2013
3 2015 25.7 0 0 0 "GH" 2015
3 2016 29.9166666666667 0 0 0 "GH" 2016
3 2017 28.9071428571429 0 0 0 "GH" 2017
3 2018 27.905 0 0 0 "GH" 2018
4 1979 29 0 0 0 "GH" 1979
4 1991 27.775 0 0 0 "GH" 1991
4 1992 26.75 0 0 0 "GH" 1992
4 1994 27.325 0 0 0 "GH" 1994
4 1995 28.25 0 0 0 "GH" 1995
4 1997 26.9266666666667 0 0 0 "GH" 1997
4 1998 28.6571428571429 0 0 0 "GH" 1998
4 2002 26.825 0 0 0 "GH" 2002
4 2003 27.7125 0 0 0 "GH" 2003
4 2004 27.5666666666667 0 0 0 "GH" 2004
4 2005 26.9666666666667 0 0 0 "GH" 2005
4 2006 28.05 0 0 0 "GH" 2006
4 2009 26.975 0 0 0 "GH" 2009
4 2010 28.425 0 0 0 "GH" 2010
4 2011 28.75 0 0 0 "GH" 2011
4 2012 27.5 0 0 0 "GH" 2012
4 2013 27.9333333333333 0 0 0 "GH" 2013
4 2016 28.7 0 0 0 "GH" 2016
4 2017 28.55 0 0 0 "GH" 2017
4 2018 28.1 0 0 0 "GH" 2018
5 1979 30 0 0 0 "GH" 1979
5 1989 27 0 0 0 "GH" 1989
5 1991 27.1 0 0 0 "GH" 1991
5 1994 26.05 0 0 0 "GH" 1994
5 1996 27.575 0 0 0 "GH" 1996
5 1997 26.996 0 0 0 "GH" 1997
5 1998 27.85625 0 0 0 "GH" 1998
5 2002 26.75 0 0 0 "GH" 2002
5 2003 28.35 0 0 0 "GH" 2003
5 2004 27.4375 0 0 0 "GH" 2004
5 2005 27.25625 0 0 0 "GH" 2005
5 2006 25.8 0 0 0 "GH" 2006
5 2009 26.08 0 0 0 "GH" 2009
5 2010 28.3125 0 0 0 "GH" 2010
5 2012 26.1666666666667 0 0 0 "GH" 2012
5 2013 25.25 0 0 0 "GH" 2013
5 2014 26.9857142857143 0 0 0 "GH" 2014
5 2015 27.01 0 0 0 "GH" 2015
5 2016 27.43125 0 0 0 "GH" 2016
5 2017 27.6 0 0 0 "GH" 2017
5 2018 26.9214285714286 0 0 0 "GH" 2018
6 1973 24 0 0 0 "GH" 1973
6 1979 25.3333333333333 0 0 0 "GH" 1979
6 1989 27.45 0 0 0 "GH" 1989
6 1991 26.8 0 0 0 "GH" 1991
6 1993 26.45 0 0 0 "GH" 1993
6 1995 26.7333333333333 0 0 0 "GH" 1995
6 1996 26.25 0 0 0 "GH" 1996
6 1997 25.8666666666667 0 0 0 "GH" 1997
6 1998 26.2666666666667 0 0 0 "GH" 1998
6 2003 25.3 0 0 0 "GH" 2003
6 2005 24.9333333333333 0 0 0 "GH" 2005
6 2006 26.175 0 0 0 "GH" 2006
6 2009 25.12 0 0 0 "GH" 2009
6 2010 26.64 0 0 0 "GH" 2010
6 2011 26.5 0 0 0 "GH" 2011
6 2012 25.75 0 0 0 "GH" 2012
6 2013 27.1 0 0 0 "GH" 2013
6 2014 26.6571428571429 0 0 0 "GH" 2014
6 2015 25.75 0 0 0 "GH" 2015
6 2016 26.75 0 0 0 "GH" 2016
6 2017 26.65 0 0 0 "GH" 2017
6 2018 26.7055555555556 0 0 0 "GH" 2018
7 1978 25 0 0 0 "GH" 1978
7 1979 25.1666666666667 0 0 0 "GH" 1979
7 1989 25.3333333333333 0 0 0 "GH" 1989
7 1990 24.95 0 0 0 "GH" 1990
7 1991 23.75 0 0 0 "GH" 1991
7 1992 24.45 0 0 0 "GH" 1992
7 1993 25.3 0 0 0 "GH" 1993
7 1994 24.25 0 0 0 "GH" 1994
7 1995 26.025 0 0 0 "GH" 1995
7 1996 25.5352941176471 0 0 0 "GH" 1996
7 1997 24.6321428571429 0 0 0 "GH" 1997
7 1998 25.6428571428571 0 0 0 "GH" 1998
7 2003 24.6142857142857 0 0 0 "GH" 2003
7 2004 24.5916666666667 0 0 0 "GH" 2004
7 2005 26.6625 0 0 0 "GH" 2005
7 2006 25.375 0 0 0 "GH" 2006
7 2007 25.6166666666667 0 0 0 "GH" 2007
7 2010 25.5357142857143 0 0 0 "GH" 2010
7 2011 26.075 0 0 0 "GH" 2011
7 2012 24.7666666666667 0 0 0 "GH" 2012
7 2013 24.125 0 0 0 "GH" 2013
7 2014 26.35 0 0 0 "GH" 2014
7 2016 26.44 0 0 0 "GH" 2016
7 2017 26.0928571428571 0 0 0 "GH" 2017
7 2018 25.7458333333333 0 0 0 "GH" 2018
8 1974 26.5 0 0 0 "GH" 1974
8 1977 24.3333333333333 0 0 0 "GH" 1977
8 1978 25.6666666666667 0 0 0 "GH" 1978
8 1979 25.3333333333333 0 0 0 "GH" 1979
8 1980 24.5 0 0 0 "GH" 1980
8 1988 23.65 0 0 0 "GH" 1988
8 1991 24.775 0 0 0 "GH" 1991
8 1992 23.3 0 0 0 "GH" 1992
8 1993 24.31 0 0 0 "GH" 1993
8 1994 24.6928571428571 0 0 0 "GH" 1994
8 1996 25.2769230769231 0 0 0 "GH" 1996
8 1997 24.7625 0 0 0 "GH" 1997
8 1998 24.825 0 0 0 "GH" 1998
8 2000 24.25 0 0 0 "GH" 2000
8 2003 24.1375 0 0 0 "GH" 2003
8 2004 24.7 0 0 0 "GH" 2004
8 2005 23.65 0 0 0 "GH" 2005
8 2006 25.3 0 0 0 "GH" 2006
8 2007 25 0 0 0 "GH" 2007
8 2009 25.0142857142857 0 0 0 "GH" 2009
8 2010 25.60625 0 0 0 "GH" 2010
8 2011 26.3 0 0 0 "GH" 2011
8 2012 25.3875 0 0 0 "GH" 2012
8 2014 25.1 0 0 0 "GH" 2014
8 2015 25.8875 0 0 0 "GH" 2015
8 2016 25.4142857142857 0 0 0 "GH" 2016
8 2017 24.7916666666667 0 0 0 "GH" 2017
8 2018 25.525 0 0 0 "GH" 2018
9 1973 25.5 0 0 0 "GH" 1973
9 1976 25.5 0 0 0 "GH" 1976
9 1977 25.5 0 0 0 "GH" 1977
9 1978 24.25 0 0 0 "GH" 1978
9 1979 26.1666666666667 0 0 0 "GH" 1979
9 1980 24.5 0 0 0 "GH" 1980
9 1988 25.35 0 0 0 "GH" 1988
9 1990 25.2 0 0 0 "GH" 1990
9 1992 25.075 0 0 0 "GH" 1992
9 1993 25.45 0 0 0 "GH" 1993
9 1994 26.5 0 0 0 "GH" 1994
9 1996 25.4363636363636 0 0 0 "GH" 1996
9 1997 26.2458333333333 0 0 0 "GH" 1997
9 1998 25.7416666666667 0 0 0 "GH" 1998
9 2003 26.2166666666667 0 0 0 "GH" 2003
9 2005 25.8583333333333 0 0 0 "GH" 2005
9 2006 25.75 0 0 0 "GH" 2006
9 2009 26.0944444444444 0 0 0 "GH" 2009
9 2010 26.15 0 0 0 "GH" 2010
9 2011 25.275 0 0 0 "GH" 2011
9 2012 26.32 0 0 0 "GH" 2012
9 2014 25.825 0 0 0 "GH" 2014
9 2015 27.2 0 0 0 "GH" 2015
9 2016 25.8454545454545 0 0 0 "GH" 2016
9 2017 26.0357142857143 0 0 0 "GH" 2017
9 2018 26.6730769230769 0 0 0 "GH" 2018
10 1977 26.4 0 0 0 "GH" 1977
10 1978 27 0 0 0 "GH" 1978
10 1979 27.5 0 0 0 "GH" 1979
10 1991 25.0666666666667 0 0 0 "GH" 1991
10 1993 27.325 0 0 0 "GH" 1993
10 1994 27.05 0 0 0 "GH" 1994
10 1997 26.8388888888889 0 0 0 "GH" 1997
10 1998 26.2777777777778 0 0 0 "GH" 1998
10 2000 25.15 0 0 0 "GH" 2000
10 2003 26.58 0 0 0 "GH" 2003
10 2004 25.8 0 0 0 "GH" 2004
10 2005 26.0777777777778 0 0 0 "GH" 2005
10 2006 26.4666666666667 0 0 0 "GH" 2006
10 2009 26.5875 0 0 0 "GH" 2009
10 2010 26.9444444444444 0 0 0 "GH" 2010
10 2011 26.1666666666667 0 0 0 "GH" 2011
10 2012 26.4428571428571 0 0 0 "GH" 2012
10 2013 25 0 0 0 "GH" 2013
10 2014 25.9333333333333 0 0 0 "GH" 2014
10 2016 27.7125 0 0 0 "GH" 2016
10 2017 27.575 0 0 0 "GH" 2017
10 2018 26.9944444444444 0 0 0 "GH" 2018
11 1974 27.5 0 0 0 "GH" 1974
11 1977 27 0 0 0 "GH" 1977
11 1990 26.9833333333333 0 0 0 "GH" 1990
11 1991 26.05 0 0 0 "GH" 1991
11 1992 26.15 0 0 0 "GH" 1992
11 1993 26.55 0 0 0 "GH" 1993
11 1994 26.425 0 0 0 "GH" 1994
11 1996 28.2416666666667 0 0 0 "GH" 1996
11 1997 27.8625 0 0 0 "GH" 1997
11 1999 26.15 0 0 0 "GH" 1999
11 2002 26.7 0 0 0 "GH" 2002
11 2003 27 0 0 0 "GH" 2003
11 2004 27.35 0 0 0 "GH" 2004
11 2005 26.8 0 0 0 "GH" 2005
11 2006 26.35 0 0 0 "GH" 2006
11 2009 26.625 0 0 0 "GH" 2009
11 2010 27.29375 0 0 0 "GH" 2010
11 2016 27.8375 0 0 0 "GH" 2016
11 2017 26.9666666666667 0 0 0 "GH" 2017
11 2018 27.7875 0 0 0 "GH" 2018
12 1977 27 0 0 0 "GH" 1977
12 1978 27.3333333333333 0 0 0 "GH" 1978
12 1979 25.25 0 0 0 "GH" 1979
12 1992 27.1 0 0 0 "GH" 1992
12 1993 24.4 0 0 0 "GH" 1993
12 1996 26.7166666666667 0 0 0 "GH" 1996
12 1997 28.55 0 0 0 "GH" 1997
12 2002 26.2625 0 0 0 "GH" 2002
12 2003 25.75 0 0 0 "GH" 2003
12 2004 27.25 0 0 0 "GH" 2004
12 2009 26.2 0 0 0 "GH" 2009
12 2010 27.025 0 0 0 "GH" 2010
12 2014 26.75 0 0 0 "GH" 2014
12 2017 26.4333333333333 0 0 0 "GH" 2017
1 1977 27.8333333333333 0 0 0 "GH" 1977
1 1978 28.5 0 0 0 "GH" 1978
1 1992 26.375 0 0 0 "GH" 1992
1 1993 28.25 0 0 0 "GH" 1993
1 1994 27.15 0 0 0 "GH" 1994
1 1997 26.35 0 0 0 "GH" 1997
1 2004 27.3833333333333 0 0 0 "GH" 2004
1 2005 26.3 0 0 0 "GH" 2005
1 2017 27.9 0 0 0 "GH" 2017
1 2018 28.55 0 0 0 "GH" 2018
1 2019 28.0375 0 0 0 "GH" 2019
2 1977 29 0 0 0 "GH" 1977
2 1978 30.5 0 0 0 "GH" 1978
2 1990 27.25 0 0 0 "GH" 1990
2 1992 30.1 0 0 0 "GH" 1992
2 1993 30.525 0 0 0 "GH" 1993
2 1994 28.15 0 0 0 "GH" 1994
2 1998 29.3 0 0 0 "GH" 1998
2 2002 29.05 0 0 0 "GH" 2002
2 2004 23.8 0 0 0 "GH" 2004
2 2005 30.9 0 0 0 "GH" 2005
2 2006 28.25 0 0 0 "GH" 2006
2 2009 27.875 0 0 0 "GH" 2009
2 2010 29.55 0 0 0 "GH" 2010
2 2013 28.8 0 0 0 "GH" 2013
2 2017 27.9666666666667 0 0 0 "GH" 2017
2 2018 26.9 0 0 0 "GH" 2018
3 1977 27 0 0 0 "GH" 1977
3 1990 28.95 0 0 0 "GH" 1990
3 1992 28.9 0 0 0 "GH" 1992
3 1993 27.8583333333333 0 0 0 "GH" 1993
3 1994 27.9375 0 0 0 "GH" 1994
3 1995 29.025 0 0 0 "GH" 1995
3 1997 25.95 0 0 0 "GH" 1997
3 2001 28.6 0 0 0 "GH" 2001
3 2003 29.01875 0 0 0 "GH" 2003
3 2004 29.45 0 0 0 "GH" 2004
3 2005 29.4625 0 0 0 "GH" 2005
3 2006 28.4166666666667 0 0 0 "GH" 2006
3 2010 29.07 0 0 0 "GH" 2010
3 2011 28.7 0 0 0 "GH" 2011
3 2013 26.55 0 0 0 "GH" 2013
3 2015 28.75 0 0 0 "GH" 2015
3 2016 29 0 0 0 "GH" 2016
3 2017 29.225 0 0 0 "GH" 2017
3 2018 29.3166666666667 0 0 0 "GH" 2018
4 1977 29.5 0 0 0 "GH" 1977
4 1990 29.05 0 0 0 "GH" 1990
4 1992 28.9 0 0 0 "GH" 1992
4 1994 27.0666666666667 0 0 0 "GH" 1994
4 1995 28.65 0 0 0 "GH" 1995
4 1997 27.44375 0 0 0 "GH" 1997
4 1998 29.2 0 0 0 "GH" 1998
4 2002 28.35 0 0 0 "GH" 2002
4 2003 27.7 0 0 0 "GH" 2003
4 2004 29.5625 0 0 0 "GH" 2004
4 2005 29.2916666666667 0 0 0 "GH" 2005
4 2006 28.1 0 0 0 "GH" 2006
4 2009 29.75 0 0 0 "GH" 2009
4 2010 28.25 0 0 0 "GH" 2010
4 2013 28.7 0 0 0 "GH" 2013
4 2015 30.65 0 0 0 "GH" 2015
4 2016 28.25 0 0 0 "GH" 2016
4 2017 27.4 0 0 0 "GH" 2017
4 2018 29.08 0 0 0 "GH" 2018
5 1977 28.125 0 0 0 "GH" 1977
5 1990 28.1 0 0 0 "GH" 1990
5 1991 27.5214285714286 0 0 0 "GH" 1991
5 1992 28.4833333333333 0 0 0 "GH" 1992
5 1993 30.05 0 0 0 "GH" 1993
5 1994 28 0 0 0 "GH" 1994
5 1996 28.2 0 0 0 "GH" 1996
5 1997 28.4666666666667 0 0 0 "GH" 1997
5 1998 29.4833333333333 0 0 0 "GH" 1998
5 2002 28.7166666666667 0 0 0 "GH" 2002
5 2003 28.3444444444444 0 0 0 "GH" 2003
5 2004 28.775 0 0 0 "GH" 2004
5 2005 28.5375 0 0 0 "GH" 2005
5 2006 27 0 0 0 "GH" 2006
5 2009 27.64 0 0 0 "GH" 2009
5 2010 29.525 0 0 0 "GH" 2010
5 2011 29 0 0 0 "GH" 2011
5 2013 27.1 0 0 0 "GH" 2013
5 2014 28.09 0 0 0 "GH" 2014
5 2015 28.25 0 0 0 "GH" 2015
5 2016 28.0857142857143 0 0 0 "GH" 2016
5 2017 28.51875 0 0 0 "GH" 2017
5 2018 26.93125 0 0 0 "GH" 2018
6 1977 27 0 0 0 "GH" 1977
6 1991 28.5666666666667 0 0 0 "GH" 1991
6 1992 26.775 0 0 0 "GH" 1992
6 1993 28.2125 0 0 0 "GH" 1993
6 1995 28.1375 0 0 0 "GH" 1995
6 1997 26.7583333333333 0 0 0 "GH" 1997
6 1998 27.5 0 0 0 "GH" 1998
6 2003 26.6333333333333 0 0 0 "GH" 2003
6 2004 26.9 0 0 0 "GH" 2004
6 2005 27.725 0 0 0 "GH" 2005
6 2006 28 0 0 0 "GH" 2006
6 2009 27.7 0 0 0 "GH" 2009
6 2010 27.5625 0 0 0 "GH" 2010
6 2011 27.51875 0 0 0 "GH" 2011
6 2014 27.5625 0 0 0 "GH" 2014
6 2015 27.95 0 0 0 "GH" 2015
6 2016 27.05 0 0 0 "GH" 2016
6 2017 27.8227272727273 0 0 0 "GH" 2017
6 2018 27.3178571428571 0 0 0 "GH" 2018
7 1977 26.75 0 0 0 "GH" 1977
7 1992 26.1 0 0 0 "GH" 1992
7 1993 26.0571428571429 0 0 0 "GH" 1993
7 1995 26.55 0 0 0 "GH" 1995
7 1996 26.4666666666667 0 0 0 "GH" 1996
7 1997 25.53 0 0 0 "GH" 1997
7 1998 25.94 0 0 0 "GH" 1998
7 2001 26.05 0 0 0 "GH" 2001
7 2003 26.3166666666667 0 0 0 "GH" 2003
7 2004 26.0666666666667 0 0 0 "GH" 2004
7 2005 26.4833333333333 0 0 0 "GH" 2005
7 2006 26.25 0 0 0 "GH" 2006
7 2009 25.775 0 0 0 "GH" 2009
7 2010 26.9928571428571 0 0 0 "GH" 2010
7 2011 27.275 0 0 0 "GH" 2011
7 2013 26.525 0 0 0 "GH" 2013
7 2014 26.4833333333333 0 0 0 "GH" 2014
7 2015 24.6 0 0 0 "GH" 2015
7 2016 26.65 0 0 0 "GH" 2016
7 2017 26.6791666666667 0 0 0 "GH" 2017
7 2018 26.79 0 0 0 "GH" 2018
8 1977 24.8 0 0 0 "GH" 1977
8 1990 25.825 0 0 0 "GH" 1990
8 1991 26.45 0 0 0 "GH" 1991
8 1993 25.8166666666667 0 0 0 "GH" 1993
8 1994 26.7166666666667 0 0 0 "GH" 1994
8 1995 25.15 0 0 0 "GH" 1995
8 1996 25.1875 0 0 0 "GH" 1996
8 1998 26.0666666666667 0 0 0 "GH" 1998
8 2000 25.8833333333333 0 0 0 "GH" 2000
8 2003 26.175 0 0 0 "GH" 2003
8 2004 26.425 0 0 0 "GH" 2004
8 2005 24.875 0 0 0 "GH" 2005
8 2006 26.05 0 0 0 "GH" 2006
8 2008 26.65 0 0 0 "GH" 2008
8 2009 26.1428571428571 0 0 0 "GH" 2009
8 2010 26.325 0 0 0 "GH" 2010
8 2014 26.64 0 0 0 "GH" 2014
8 2015 25.9 0 0 0 "GH" 2015
8 2016 26.6166666666667 0 0 0 "GH" 2016
8 2017 26.5785714285714 0 0 0 "GH" 2017
8 2018 27.2642857142857 0 0 0 "GH" 2018
9 1976 26.5 0 0 0 "GH" 1976
9 1977 26.75 0 0 0 "GH" 1977
9 1990 25.7 0 0 0 "GH" 1990
9 1991 27.45 0 0 0 "GH" 1991
9 1993 26.1666666666667 0 0 0 "GH" 1993
9 1994 26.925 0 0 0 "GH" 1994
9 1996 26.3833333333333 0 0 0 "GH" 1996
9 1998 25.9375 0 0 0 "GH" 1998
9 2000 27.225 0 0 0 "GH" 2000
9 2003 27.5611111111111 0 0 0 "GH" 2003
9 2004 27.175 0 0 0 "GH" 2004
9 2005 27.49 0 0 0 "GH" 2005
9 2006 26.55 0 0 0 "GH" 2006
9 2007 27.35 0 0 0 "GH" 2007
9 2009 26.85625 0 0 0 "GH" 2009
9 2010 27 0 0 0 "GH" 2010
9 2011 27.275 0 0 0 "GH" 2011
9 2014 27.3125 0 0 0 "GH" 2014
9 2015 27.35 0 0 0 "GH" 2015
9 2016 27.1470588235294 0 0 0 "GH" 2016
9 2017 27.0222222222222 0 0 0 "GH" 2017
9 2018 27.09 0 0 0 "GH" 2018
10 1976 25.75 0 0 0 "GH" 1976
10 1977 27 0 0 0 "GH" 1977
10 1990 27.13 0 0 0 "GH" 1990
10 1991 25.85 0 0 0 "GH" 1991
10 1992 27.075 0 0 0 "GH" 1992
10 1993 27 0 0 0 "GH" 1993
10 1994 28.25 0 0 0 "GH" 1994
10 1996 26.25 0 0 0 "GH" 1996
10 1997 26.4 0 0 0 "GH" 1997
10 1998 26.9833333333333 0 0 0 "GH" 1998
10 2003 28.17 0 0 0 "GH" 2003
10 2004 27.625 0 0 0 "GH" 2004
10 2005 27.45 0 0 0 "GH" 2005
10 2006 28.15 0 0 0 "GH" 2006
10 2009 27.425 0 0 0 "GH" 2009
10 2010 27.7375 0 0 0 "GH" 2010
10 2011 27.075 0 0 0 "GH" 2011
10 2014 27.25 0 0 0 "GH" 2014
10 2016 28.3166666666667 0 0 0 "GH" 2016
10 2017 27.703125 0 0 0 "GH" 2017
10 2018 27.7541666666667 0 0 0 "GH" 2018
11 1976 27 0 0 0 "GH" 1976
11 1977 27.8333333333333 0 0 0 "GH" 1977
11 1990 27.55 0 0 0 "GH" 1990
11 1991 27.275 0 0 0 "GH" 1991
11 1992 27.5 0 0 0 "GH" 1992
11 1993 27.5 0 0 0 "GH" 1993
11 1994 27.1 0 0 0 "GH" 1994
11 1996 27.625 0 0 0 "GH" 1996
11 1997 27.8 0 0 0 "GH" 1997
11 1998 27.65 0 0 0 "GH" 1998
11 2000 29.2 0 0 0 "GH" 2000
11 2002 28.3583333333333 0 0 0 "GH" 2002
11 2003 27.9642857142857 0 0 0 "GH" 2003
11 2004 28.77 0 0 0 "GH" 2004
11 2005 27.7785714285714 0 0 0 "GH" 2005
11 2006 28.0666666666667 0 0 0 "GH" 2006
11 2009 28.3166666666667 0 0 0 "GH" 2009
11 2010 27.4375 0 0 0 "GH" 2010
11 2014 28.25 0 0 0 "GH" 2014
11 2016 28.525 0 0 0 "GH" 2016
11 2017 27.98 0 0 0 "GH" 2017
11 2018 27.9666666666667 0 0 0 "GH" 2018
12 1976 24.5 0 0 0 "GH" 1976
12 1977 28.1666666666667 0 0 0 "GH" 1977
12 1990 24 0 0 0 "GH" 1990
12 1993 26.8 0 0 0 "GH" 1993
12 1996 27.375 0 0 0 "GH" 1996
12 2002 27.3583333333333 0 0 0 "GH" 2002
12 2003 26.8833333333333 0 0 0 "GH" 2003
12 2004 28.1090909090909 0 0 0 "GH" 2004
12 2009 27.5 0 0 0 "GH" 2009
12 2010 27.45 0 0 0 "GH" 2010
12 2014 27 0 0 0 "GH" 2014
12 2016 27.8333333333333 0 0 0 "GH" 2016
12 2017 27.525 0 0 0 "GH" 2017
1 1978 27.5 0 0 0 "GH" 1978
1 1979 28.25 0 0 0 "GH" 1979
1 1994 27.8 0 0 0 "GH" 1994
1 2003 29 0 0 0 "GH" 2003
1 2004 28.8875 0 0 0 "GH" 2004
1 2005 28.25 0 0 0 "GH" 2005
1 2010 29.1 0 0 0 "GH" 2010
1 2016 29.525 0 0 0 "GH" 2016
2 1978 29.5 0 0 0 "GH" 1978
2 1990 28.7 0 0 0 "GH" 1990
2 1991 28.95 0 0 0 "GH" 1991
2 1994 30.225 0 0 0 "GH" 1994
2 1997 29.95 0 0 0 "GH" 1997
2 2003 31 0 0 0 "GH" 2003
2 2004 28.95 0 0 0 "GH" 2004
2 2005 31.65 0 0 0 "GH" 2005
2 2011 27.9 0 0 0 "GH" 2011
3 1979 29.5 0 0 0 "GH" 1979
3 1990 29.15 0 0 0 "GH" 1990
3 1992 29.5 0 0 0 "GH" 1992
3 1994 29 0 0 0 "GH" 1994
3 1995 28.4 0 0 0 "GH" 1995
3 1997 29.5125 0 0 0 "GH" 1997
3 2003 31.05 0 0 0 "GH" 2003
3 2004 30.6666666666667 0 0 0 "GH" 2004
3 2005 29.3 0 0 0 "GH" 2005
3 2009 27.85 0 0 0 "GH" 2009
3 2010 29.7 0 0 0 "GH" 2010
3 2012 28.8 0 0 0 "GH" 2012
3 2013 29.5 0 0 0 "GH" 2013
3 2015 28.925 0 0 0 "GH" 2015
3 2017 28.725 0 0 0 "GH" 2017
4 1979 29.5 0 0 0 "GH" 1979
4 1980 29 0 0 0 "GH" 1980
4 1990 29.25 0 0 0 "GH" 1990
4 1991 28.2 0 0 0 "GH" 1991
4 1994 28.95 0 0 0 "GH" 1994
4 1995 29.625 0 0 0 "GH" 1995
4 1997 28.4 0 0 0 "GH" 1997
4 2004 28.15 0 0 0 "GH" 2004
4 2005 29.35 0 0 0 "GH" 2005
4 2009 26.525 0 0 0 "GH" 2009
4 2010 30.5 0 0 0 "GH" 2010
4 2011 29.1 0 0 0 "GH" 2011
4 2012 29.2 0 0 0 "GH" 2012
4 2018 27.7 0 0 0 "GH" 2018
5 1974 28.5 0 0 0 "GH" 1974
5 1977 28.25 0 0 0 "GH" 1977
5 1990 27.95 0 0 0 "GH" 1990
5 1991 29.15 0 0 0 "GH" 1991
5 1992 27.175 0 0 0 "GH" 1992
5 1994 27.77 0 0 0 "GH" 1994
5 1996 27.525 0 0 0 "GH" 1996
5 1997 26.92 0 0 0 "GH" 1997
5 2004 28.525 0 0 0 "GH" 2004
5 2005 27.95 0 0 0 "GH" 2005
5 2007 29.8 0 0 0 "GH" 2007
5 2009 27.74 0 0 0 "GH" 2009
5 2010 27.825 0 0 0 "GH" 2010
5 2012 28.0166666666667 0 0 0 "GH" 2012
5 2016 28.875 0 0 0 "GH" 2016
5 2017 27.425 0 0 0 "GH" 2017
5 2018 27.55 0 0 0 "GH" 2018
6 1973 25.5 0 0 0 "GH" 1973
6 1977 26.25 0 0 0 "GH" 1977
6 1988 26.8 0 0 0 "GH" 1988
6 1990 26.85 0 0 0 "GH" 1990
6 1991 26.625 0 0 0 "GH" 1991
6 1992 26.5166666666667 0 0 0 "GH" 1992
6 1995 27.2083333333333 0 0 0 "GH" 1995
6 1997 26.4928571428571 0 0 0 "GH" 1997
6 2000 26.2 0 0 0 "GH" 2000
6 2003 25.25 0 0 0 "GH" 2003
6 2009 25.5 0 0 0 "GH" 2009
6 2010 27.2875 0 0 0 "GH" 2010
6 2016 26.95 0 0 0 "GH" 2016
6 2017 27.25 0 0 0 "GH" 2017
6 2018 27.1833333333333 0 0 0 "GH" 2018
7 1973 26.5 0 0 0 "GH" 1973
7 1974 25.25 0 0 0 "GH" 1974
7 1977 25.5 0 0 0 "GH" 1977
7 1979 26.25 0 0 0 "GH" 1979
7 1990 23.95 0 0 0 "GH" 1990
7 1991 25.85 0 0 0 "GH" 1991
7 1992 25.45 0 0 0 "GH" 1992
7 1994 24.9 0 0 0 "GH" 1994
7 1995 26.5833333333333 0 0 0 "GH" 1995
7 1996 25.85 0 0 0 "GH" 1996
7 1997 24.74 0 0 0 "GH" 1997
7 1998 25.7 0 0 0 "GH" 1998
7 2003 25.55 0 0 0 "GH" 2003
7 2004 25.1 0 0 0 "GH" 2004
7 2005 26.45 0 0 0 "GH" 2005
7 2008 25.1166666666667 0 0 0 "GH" 2008
7 2009 26 0 0 0 "GH" 2009
7 2010 24.8875 0 0 0 "GH" 2010
7 2011 26.55 0 0 0 "GH" 2011
7 2012 25.525 0 0 0 "GH" 2012
7 2017 24.8 0 0 0 "GH" 2017
7 2018 26.5 0 0 0 "GH" 2018
8 1973 25.5 0 0 0 "GH" 1973
8 1974 25 0 0 0 "GH" 1974
8 1979 25.1666666666667 0 0 0 "GH" 1979
8 1990 25.775 0 0 0 "GH" 1990
8 1993 24.75 0 0 0 "GH" 1993
8 1994 25.49 0 0 0 "GH" 1994
8 1996 25.7333333333333 0 0 0 "GH" 1996
8 1997 25.9928571428571 0 0 0 "GH" 1997
8 1998 25 0 0 0 "GH" 1998
8 2000 25.275 0 0 0 "GH" 2000
8 2003 26.15 0 0 0 "GH" 2003
8 2004 25.5375 0 0 0 "GH" 2004
8 2008 25.3166666666667 0 0 0 "GH" 2008
8 2009 25.6 0 0 0 "GH" 2009
8 2010 25.6833333333333 0 0 0 "GH" 2010
8 2012 26.4 0 0 0 "GH" 2012
8 2017 25.25 0 0 0 "GH" 2017
9 1973 25.5833333333333 0 0 0 "GH" 1973
9 1974 22 0 0 0 "GH" 1974
9 1979 26.5 0 0 0 "GH" 1979
9 1989 25.5 0 0 0 "GH" 1989
9 1990 25.7666666666667 0 0 0 "GH" 1990
9 1991 26.7 0 0 0 "GH" 1991
9 1993 26.75 0 0 0 "GH" 1993
9 1994 26.3166666666667 0 0 0 "GH" 1994
9 1996 26.4666666666667 0 0 0 "GH" 1996
9 1997 26.8125 0 0 0 "GH" 1997
9 2003 25.875 0 0 0 "GH" 2003
9 2004 26.39 0 0 0 "GH" 2004
9 2005 26.55 0 0 0 "GH" 2005
9 2006 26.75 0 0 0 "GH" 2006
9 2009 26.1833333333333 0 0 0 "GH" 2009
9 2010 26.45 0 0 0 "GH" 2010
9 2011 26.75 0 0 0 "GH" 2011
9 2012 26.9125 0 0 0 "GH" 2012
9 2016 26.65 0 0 0 "GH" 2016
9 2017 25.4 0 0 0 "GH" 2017
9 2018 25.625 0 0 0 "GH" 2018
10 1974 26 0 0 0 "GH" 1974
10 1988 25.3 0 0 0 "GH" 1988
10 1989 26.75 0 0 0 "GH" 1989
10 1990 26.4 0 0 0 "GH" 1990
10 1991 26.15 0 0 0 "GH" 1991
10 1994 24.925 0 0 0 "GH" 1994
10 1998 27.3 0 0 0 "GH" 1998
10 2003 27.675 0 0 0 "GH" 2003
10 2004 27.55 0 0 0 "GH" 2004
10 2008 27.7 0 0 0 "GH" 2008
10 2009 27.825 0 0 0 "GH" 2009
10 2010 27.075 0 0 0 "GH" 2010
10 2011 26.9 0 0 0 "GH" 2011
10 2012 27.2 0 0 0 "GH" 2012
10 2016 27.2 0 0 0 "GH" 2016
10 2017 27.43 0 0 0 "GH" 2017
10 2018 26 0 0 0 "GH" 2018
11 1974 27 0 0 0 "GH" 1974
11 1978 27.5 0 0 0 "GH" 1978
11 1990 27.6666666666667 0 0 0 "GH" 1990
11 1991 26.95 0 0 0 "GH" 1991
11 1994 27.1 0 0 0 "GH" 1994
11 1997 27.2 0 0 0 "GH" 1997
11 1998 28.2 0 0 0 "GH" 1998
11 2002 26.7 0 0 0 "GH" 2002
11 2003 28.1285714285714 0 0 0 "GH" 2003
11 2004 28.375 0 0 0 "GH" 2004
11 2005 27.15 0 0 0 "GH" 2005
11 2009 28.15 0 0 0 "GH" 2009
11 2010 28.425 0 0 0 "GH" 2010
11 2016 28.4 0 0 0 "GH" 2016
12 1974 25.5 0 0 0 "GH" 1974
12 1977 28 0 0 0 "GH" 1977
12 1990 26.825 0 0 0 "GH" 1990
12 1991 27.1 0 0 0 "GH" 1991
12 2002 28.4 0 0 0 "GH" 2002
12 2003 27.9875 0 0 0 "GH" 2003
12 2004 28.35 0 0 0 "GH" 2004
12 2008 26.925 0 0 0 "GH" 2008
1 1991 24.75 0 0 0 "GH" 1991
1 1992 28.25 0 0 0 "GH" 1992
1 1994 25.8666666666667 0 0 0 "GH" 1994
1 1998 28.4 0 0 0 "GH" 1998
1 2003 27.54 0 0 0 "GH" 2003
1 2004 27.025 0 0 0 "GH" 2004
1 2005 26.3666666666667 0 0 0 "GH" 2005
2 1991 27.1 0 0 0 "GH" 1991
2 1994 27.4 0 0 0 "GH" 1994
2 1998 29.25 0 0 0 "GH" 1998
2 2001 30 0 0 0 "GH" 2001
2 2003 30.05 0 0 0 "GH" 2003
2 2004 27.9333333333333 0 0 0 "GH" 2004
2 2005 30.25 0 0 0 "GH" 2005
2 2006 28.5 0 0 0 "GH" 2006
2 2013 28.25 0 0 0 "GH" 2013
2 2017 29.1 0 0 0 "GH" 2017
3 1981 28.5 0 0 0 "GH" 1981
3 1990 29.5 0 0 0 "GH" 1990
3 1993 26.8 0 0 0 "GH" 1993
3 1994 25.6833333333333 0 0 0 "GH" 1994
3 2003 29.3166666666667 0 0 0 "GH" 2003
3 2004 28.48125 0 0 0 "GH" 2004
3 2005 28.2666666666667 0 0 0 "GH" 2005
3 2006 28.025 0 0 0 "GH" 2006
3 2010 28.9833333333333 0 0 0 "GH" 2010
3 2011 28.1 0 0 0 "GH" 2011
3 2012 27.5 0 0 0 "GH" 2012
3 2013 29.25 0 0 0 "GH" 2013
3 2017 28.91 0 0 0 "GH" 2017
3 2018 29.95 0 0 0 "GH" 2018
4 1994 27.175 0 0 0 "GH" 1994
4 1995 28.7125 0 0 0 "GH" 1995
4 1997 27.25 0 0 0 "GH" 1997
4 2005 27.9833333333333 0 0 0 "GH" 2005
4 2006 27.75 0 0 0 "GH" 2006
4 2007 28.35 0 0 0 "GH" 2007
4 2010 28.6 0 0 0 "GH" 2010
4 2012 29.25 0 0 0 "GH" 2012
4 2013 28.125 0 0 0 "GH" 2013
4 2017 28.6 0 0 0 "GH" 2017
4 2018 27.9 0 0 0 "GH" 2018
5 1992 27.85 0 0 0 "GH" 1992
5 1994 27.49 0 0 0 "GH" 1994
5 1996 27.7 0 0 0 "GH" 1996
5 1997 27.4291666666667 0 0 0 "GH" 1997
5 2004 27.83 0 0 0 "GH" 2004
5 2005 27.76875 0 0 0 "GH" 2005
5 2006 25.9 0 0 0 "GH" 2006
5 2009 25.525 0 0 0 "GH" 2009
5 2010 27.95 0 0 0 "GH" 2010
5 2011 28.325 0 0 0 "GH" 2011
5 2012 26.9 0 0 0 "GH" 2012
5 2013 27.7 0 0 0 "GH" 2013
5 2017 27.84 0 0 0 "GH" 2017
5 2018 25.2 0 0 0 "GH" 2018
6 1981 26.25 0 0 0 "GH" 1981
6 1991 26.85 0 0 0 "GH" 1991
6 1993 26.7833333333333 0 0 0 "GH" 1993
6 1995 26.1666666666667 0 0 0 "GH" 1995
6 1997 26.7428571428571 0 0 0 "GH" 1997
6 2000 26.35 0 0 0 "GH" 2000
6 2003 26.65 0 0 0 "GH" 2003
6 2004 26.575 0 0 0 "GH" 2004
6 2005 27.1142857142857 0 0 0 "GH" 2005
6 2006 26.9 0 0 0 "GH" 2006
6 2010 26.7166666666667 0 0 0 "GH" 2010
6 2011 26.725 0 0 0 "GH" 2011
6 2013 27.4 0 0 0 "GH" 2013
6 2017 27.1375 0 0 0 "GH" 2017
7 1991 26.2166666666667 0 0 0 "GH" 1991
7 1993 25.225 0 0 0 "GH" 1993
7 1995 26.7 0 0 0 "GH" 1995
7 1996 25.51 0 0 0 "GH" 1996
7 1997 25.41 0 0 0 "GH" 1997
7 2003 25.75 0 0 0 "GH" 2003
7 2004 26 0 0 0 "GH" 2004
7 2005 26.4166666666667 0 0 0 "GH" 2005
7 2006 26.3833333333333 0 0 0 "GH" 2006
7 2009 25 0 0 0 "GH" 2009
7 2010 25.975 0 0 0 "GH" 2010
7 2012 25.825 0 0 0 "GH" 2012
7 2013 25.325 0 0 0 "GH" 2013
7 2017 26.5 0 0 0 "GH" 2017
7 2018 27.15 0 0 0 "GH" 2018
8 1982 23.85 0 0 0 "GH" 1982
8 1988 25 0 0 0 "GH" 1988
8 1992 25.05 0 0 0 "GH" 1992
8 1993 25.6 0 0 0 "GH" 1993
8 1994 25.76 0 0 0 "GH" 1994
8 1995 24.85 0 0 0 "GH" 1995
8 1996 24.825 0 0 0 "GH" 1996
8 1997 25.75 0 0 0 "GH" 1997
8 1998 25.825 0 0 0 "GH" 1998
8 2000 24.975 0 0 0 "GH" 2000
8 2003 25.8875 0 0 0 "GH" 2003
8 2004 26.02 0 0 0 "GH" 2004
8 2005 25.85 0 0 0 "GH" 2005
8 2006 25.15 0 0 0 "GH" 2006
8 2009 25.85 0 0 0 "GH" 2009
8 2010 26.41875 0 0 0 "GH" 2010
8 2012 26.75 0 0 0 "GH" 2012
9 1994 25.7666666666667 0 0 0 "GH" 1994
9 1996 26.42 0 0 0 "GH" 1996
9 1997 27.1833333333333 0 0 0 "GH" 1997
9 2000 26.75 0 0 0 "GH" 2000
9 2003 26.825 0 0 0 "GH" 2003
9 2004 26.8 0 0 0 "GH" 2004
9 2005 26.9833333333333 0 0 0 "GH" 2005
9 2006 25.6333333333333 0 0 0 "GH" 2006
9 2009 27.3166666666667 0 0 0 "GH" 2009
9 2010 26.5833333333333 0 0 0 "GH" 2010
9 2011 26.4 0 0 0 "GH" 2011
9 2012 27.6 0 0 0 "GH" 2012
9 2017 24.85 0 0 0 "GH" 2017
10 1991 25.2 0 0 0 "GH" 1991
10 1992 26 0 0 0 "GH" 1992
10 1993 27.25 0 0 0 "GH" 1993
10 1994 24.55 0 0 0 "GH" 1994
10 1996 27.3 0 0 0 "GH" 1996
10 1997 27.5083333333333 0 0 0 "GH" 1997
10 2003 27.2 0 0 0 "GH" 2003
10 2004 26.1833333333333 0 0 0 "GH" 2004
10 2005 27.14 0 0 0 "GH" 2005
10 2006 26.725 0 0 0 "GH" 2006
10 2008 27.3 0 0 0 "GH" 2008
10 2009 28.225 0 0 0 "GH" 2009
10 2010 27.2 0 0 0 "GH" 2010
10 2012 27.4625 0 0 0 "GH" 2012
10 2016 27.725 0 0 0 "GH" 2016
10 2017 27.6 0 0 0 "GH" 2017
11 1990 26.8 0 0 0 "GH" 1990
11 1993 26.85 0 0 0 "GH" 1993
11 1996 27.25 0 0 0 "GH" 1996
11 1997 27.2333333333333 0 0 0 "GH" 1997
11 1999 26.2 0 0 0 "GH" 1999
11 2002 27.375 0 0 0 "GH" 2002
11 2003 27.4333333333333 0 0 0 "GH" 2003
11 2005 27.7555555555556 0 0 0 "GH" 2005
11 2006 28.0875 0 0 0 "GH" 2006
11 2009 27.25 0 0 0 "GH" 2009
11 2010 26.9833333333333 0 0 0 "GH" 2010
11 2012 28.15 0 0 0 "GH" 2012
11 2016 28.25 0 0 0 "GH" 2016
11 2017 27.675 0 0 0 "GH" 2017
12 1990 27.15 0 0 0 "GH" 1990
12 1992 27.9 0 0 0 "GH" 1992
12 1993 26.3 0 0 0 "GH" 1993
12 1996 26.4333333333333 0 0 0 "GH" 1996
12 1997 27.75 0 0 0 "GH" 1997
12 2002 27.8166666666667 0 0 0 "GH" 2002
12 2003 26.7875 0 0 0 "GH" 2003
12 2004 28.03 0 0 0 "GH" 2004
12 2005 27.325 0 0 0 "GH" 2005
12 2006 27.7 0 0 0 "GH" 2006
12 2010 28.15 0 0 0 "GH" 2010
12 2016 27.9 0 0 0 "GH" 2016
1 1977 26 0 0 0 "GH" 1977
1 1979 28.5 0 0 0 "GH" 1979
1 2003 27.9375 0 0 0 "GH" 2003
1 2004 27.49 0 0 0 "GH" 2004
1 2005 26.3666666666667 0 0 0 "GH" 2005
1 2010 29 0 0 0 "GH" 2010
1 2012 29.1 0 0 0 "GH" 2012
1 2016 29.55 0 0 0 "GH" 2016
1 2019 28.35 0 0 0 "GH" 2019
2 1977 27.5 0 0 0 "GH" 1977
2 1990 24.65 0 0 0 "GH" 1990
2 2001 29.25 0 0 0 "GH" 2001
2 2003 30.8 0 0 0 "GH" 2003
2 2004 27.125 0 0 0 "GH" 2004
2 2005 29.55 0 0 0 "GH" 2005
2 2006 28.5 0 0 0 "GH" 2006
2 2007 28.35 0 0 0 "GH" 2007
2 2010 29.1 0 0 0 "GH" 2010
2 2011 27.3 0 0 0 "GH" 2011
2 2012 28.475 0 0 0 "GH" 2012
2 2013 30.2 0 0 0 "GH" 2013
2 2016 31.225 0 0 0 "GH" 2016
2 2017 28.875 0 0 0 "GH" 2017
2 2018 28.35 0 0 0 "GH" 2018
3 1979 28 0 0 0 "GH" 1979
3 1990 30.1 0 0 0 "GH" 1990
3 1995 26.975 0 0 0 "GH" 1995
3 2003 29 0 0 0 "GH" 2003
3 2004 28.8571428571429 0 0 0 "GH" 2004
3 2005 28.83 0 0 0 "GH" 2005
3 2006 27.9875 0 0 0 "GH" 2006
3 2010 29.3 0 0 0 "GH" 2010
3 2011 28.45 0 0 0 "GH" 2011
3 2012 29.09 0 0 0 "GH" 2012
3 2014 29.3 0 0 0 "GH" 2014
3 2015 27.85 0 0 0 "GH" 2015
3 2017 30.35 0 0 0 "GH" 2017
3 2018 28.65625 0 0 0 "GH" 2018
4 1977 30.5 0 0 0 "GH" 1977
4 1979 29 0 0 0 "GH" 1979
4 1995 28.75 0 0 0 "GH" 1995
4 2004 28.98 0 0 0 "GH" 2004
4 2005 28.975 0 0 0 "GH" 2005
4 2006 28.2 0 0 0 "GH" 2006
4 2010 28.45 0 0 0 "GH" 2010
4 2011 28.8 0 0 0 "GH" 2011
4 2012 28.1142857142857 0 0 0 "GH" 2012
4 2013 29.025 0 0 0 "GH" 2013
4 2014 28.7 0 0 0 "GH" 2014
4 2016 29.4 0 0 0 "GH" 2016
4 2017 27.4 0 0 0 "GH" 2017
4 2018 28.65 0 0 0 "GH" 2018
5 1977 27.7 0 0 0 "GH" 1977
5 1978 28 0 0 0 "GH" 1978
5 1979 28 0 0 0 "GH" 1979
5 1998 29.1 0 0 0 "GH" 1998
5 2002 29.2 0 0 0 "GH" 2002
5 2003 28.45 0 0 0 "GH" 2003
5 2004 28.125 0 0 0 "GH" 2004
5 2005 28.0076923076923 0 0 0 "GH" 2005
5 2006 26.5 0 0 0 "GH" 2006
5 2009 27.5 0 0 0 "GH" 2009
5 2010 28.2571428571429 0 0 0 "GH" 2010
5 2011 27.2 0 0 0 "GH" 2011
5 2012 27.4 0 0 0 "GH" 2012
5 2013 27.7 0 0 0 "GH" 2013
5 2014 27.4071428571429 0 0 0 "GH" 2014
5 2015 27.8 0 0 0 "GH" 2015
5 2016 27.975 0 0 0 "GH" 2016
5 2017 26.9166666666667 0 0 0 "GH" 2017
5 2018 26.825 0 0 0 "GH" 2018
6 1977 26.3333333333333 0 0 0 "GH" 1977
6 1979 26 0 0 0 "GH" 1979
6 2000 25.375 0 0 0 "GH" 2000
6 2003 26.6642857142857 0 0 0 "GH" 2003
6 2004 25.96 0 0 0 "GH" 2004
6 2005 26.75 0 0 0 "GH" 2005
6 2006 26.5375 0 0 0 "GH" 2006
6 2009 26.8833333333333 0 0 0 "GH" 2009
6 2010 26.9333333333333 0 0 0 "GH" 2010
6 2011 27.575 0 0 0 "GH" 2011
6 2012 26.55 0 0 0 "GH" 2012
6 2013 26.975 0 0 0 "GH" 2013
6 2014 27.225 0 0 0 "GH" 2014
6 2015 26.35 0 0 0 "GH" 2015
6 2016 26.6375 0 0 0 "GH" 2016
6 2017 26.875 0 0 0 "GH" 2017
6 2018 26.475 0 0 0 "GH" 2018
7 1974 23.5 0 0 0 "GH" 1974
7 1977 25 0 0 0 "GH" 1977
7 1979 24.6666666666667 0 0 0 "GH" 1979
7 1990 24.3 0 0 0 "GH" 1990
7 2000 26.375 0 0 0 "GH" 2000
7 2003 26.0666666666667 0 0 0 "GH" 2003
7 2004 25.65 0 0 0 "GH" 2004
7 2005 25.8916666666667 0 0 0 "GH" 2005
7 2006 26.2 0 0 0 "GH" 2006
7 2009 25.95 0 0 0 "GH" 2009
7 2010 25.775 0 0 0 "GH" 2010
7 2011 26.575 0 0 0 "GH" 2011
7 2012 25.6333333333333 0 0 0 "GH" 2012
7 2013 25.85 0 0 0 "GH" 2013
7 2014 25.2857142857143 0 0 0 "GH" 2014
7 2015 25.82 0 0 0 "GH" 2015
7 2016 25.88 0 0 0 "GH" 2016
7 2017 26.3 0 0 0 "GH" 2017
7 2018 26.8357142857143 0 0 0 "GH" 2018
8 1974 25 0 0 0 "GH" 1974
8 1977 26 0 0 0 "GH" 1977
8 1994 26.4 0 0 0 "GH" 1994
8 2000 25.275 0 0 0 "GH" 2000
8 2003 25.0666666666667 0 0 0 "GH" 2003
8 2004 26.0666666666667 0 0 0 "GH" 2004
8 2005 26.13 0 0 0 "GH" 2005
8 2009 25.6 0 0 0 "GH" 2009
8 2010 25.99375 0 0 0 "GH" 2010
8 2011 25.0833333333333 0 0 0 "GH" 2011
8 2012 25.44 0 0 0 "GH" 2012
8 2014 25.3285714285714 0 0 0 "GH" 2014
8 2015 25.65 0 0 0 "GH" 2015
8 2016 25.9428571428571 0 0 0 "GH" 2016
8 2017 25.4 0 0 0 "GH" 2017
8 2018 26.19 0 0 0 "GH" 2018
9 1973 25.1666666666667 0 0 0 "GH" 1973
9 1976 26 0 0 0 "GH" 1976
9 1979 27 0 0 0 "GH" 1979
9 2003 26.35 0 0 0 "GH" 2003
9 2004 26.8 0 0 0 "GH" 2004
9 2005 26.9222222222222 0 0 0 "GH" 2005
9 2009 26.95625 0 0 0 "GH" 2009
9 2010 26.6333333333333 0 0 0 "GH" 2010
9 2011 26.8666666666667 0 0 0 "GH" 2011
9 2012 26.73 0 0 0 "GH" 2012
9 2014 26.4928571428571 0 0 0 "GH" 2014
9 2015 26.55 0 0 0 "GH" 2015
9 2016 26.9666666666667 0 0 0 "GH" 2016
9 2017 25.7777777777778 0 0 0 "GH" 2017
9 2018 26.58 0 0 0 "GH" 2018
10 1973 27.25 0 0 0 "GH" 1973
10 1974 23.75 0 0 0 "GH" 1974
10 1976 26.25 0 0 0 "GH" 1976
10 1978 26.5 0 0 0 "GH" 1978
10 1994 26.5 0 0 0 "GH" 1994
10 2003 27.125 0 0 0 "GH" 2003
10 2004 26.9772727272727 0 0 0 "GH" 2004
10 2005 27.2375 0 0 0 "GH" 2005
10 2006 26.95 0 0 0 "GH" 2006
10 2009 27.5833333333333 0 0 0 "GH" 2009
10 2010 27.8 0 0 0 "GH" 2010
10 2011 26.925 0 0 0 "GH" 2011
10 2012 27.525 0 0 0 "GH" 2012
10 2014 27.435 0 0 0 "GH" 2014
10 2016 27.3 0 0 0 "GH" 2016
10 2017 27.3571428571429 0 0 0 "GH" 2017
10 2018 27.725 0 0 0 "GH" 2018
11 1974 27 0 0 0 "GH" 1974
11 1976 26.5 0 0 0 "GH" 1976
11 1977 28 0 0 0 "GH" 1977
11 1978 27 0 0 0 "GH" 1978
11 1994 27.35 0 0 0 "GH" 1994
11 2002 27.15 0 0 0 "GH" 2002
11 2003 27.6 0 0 0 "GH" 2003
11 2004 27.6166666666667 0 0 0 "GH" 2004
11 2005 27.7071428571429 0 0 0 "GH" 2005
11 2006 27.875 0 0 0 "GH" 2006
11 2009 27.7833333333333 0 0 0 "GH" 2009
11 2010 27.225 0 0 0 "GH" 2010
11 2011 28.3166666666667 0 0 0 "GH" 2011
11 2012 28 0 0 0 "GH" 2012
11 2014 27.25 0 0 0 "GH" 2014
11 2015 29.3 0 0 0 "GH" 2015
11 2016 28.2285714285714 0 0 0 "GH" 2016
11 2017 26.9 0 0 0 "GH" 2017
11 2018 27.7333333333333 0 0 0 "GH" 2018
12 1976 25 0 0 0 "GH" 1976
12 1977 27.5 0 0 0 "GH" 1977
12 2002 28.1 0 0 0 "GH" 2002
12 2003 28 0 0 0 "GH" 2003
12 2004 27.9470588235294 0 0 0 "GH" 2004
12 2005 26.975 0 0 0 "GH" 2005
12 2009 28.65 0 0 0 "GH" 2009
12 2010 27.25 0 0 0 "GH" 2010
12 2011 27.7 0 0 0 "GH" 2011
12 2014 28.275 0 0 0 "GH" 2014
12 2016 27.4 0 0 0 "GH" 2016
12 2017 27.4 0 0 0 "GH" 2017
12 2018 28.45 0 0 0 "GH" 2018
1 1994 27.55 0 0 0 "GH" 1994
1 2003 28.05 0 0 0 "GH" 2003
1 2019 27.95 0 0 0 "GH" 2019
2 1980 29.75 0 0 0 "GH" 1980
2 1992 32.15 0 0 0 "GH" 1992
2 2003 29.7 0 0 0 "GH" 2003
2 2018 27.95 0 0 0 "GH" 2018
3 1980 29.5 0 0 0 "GH" 1980
3 1992 31.15 0 0 0 "GH" 1992
3 1993 28.85 0 0 0 "GH" 1993
3 1994 30.55 0 0 0 "GH" 1994
3 1995 29.5 0 0 0 "GH" 1995
3 2005 28.6 0 0 0 "GH" 2005
3 2010 30.4 0 0 0 "GH" 2010
3 2015 27.15 0 0 0 "GH" 2015
3 2017 29.6333333333333 0 0 0 "GH" 2017
3 2018 29.275 0 0 0 "GH" 2018
4 1977 31 0 0 0 "GH" 1977
4 1992 27.8 0 0 0 "GH" 1992
4 1995 29.825 0 0 0 "GH" 1995
4 1997 28.15 0 0 0 "GH" 1997
4 2003 30.225 0 0 0 "GH" 2003
4 2004 30.125 0 0 0 "GH" 2004
4 2005 31.15 0 0 0 "GH" 2005
4 2009 28.55 0 0 0 "GH" 2009
4 2010 31.15 0 0 0 "GH" 2010
4 2017 29.05 0 0 0 "GH" 2017
4 2018 28 0 0 0 "GH" 2018
5 1977 30 0 0 0 "GH" 1977
5 1979 29 0 0 0 "GH" 1979
5 1992 28.4 0 0 0 "GH" 1992
5 1994 28.95 0 0 0 "GH" 1994
5 1997 28.55 0 0 0 "GH" 1997
5 2003 29.25 0 0 0 "GH" 2003
5 2005 29.7833333333333 0 0 0 "GH" 2005
5 2006 27.5 0 0 0 "GH" 2006
5 2010 28.45 0 0 0 "GH" 2010
5 2014 28.75 0 0 0 "GH" 2014
5 2016 27.15 0 0 0 "GH" 2016
5 2018 27.75 0 0 0 "GH" 2018
6 1977 27 0 0 0 "GH" 1977
6 1981 27 0 0 0 "GH" 1981
6 1993 28.075 0 0 0 "GH" 1993
6 1995 29.15 0 0 0 "GH" 1995
6 2003 27.075 0 0 0 "GH" 2003
6 2004 26.55 0 0 0 "GH" 2004
6 2009 27.55 0 0 0 "GH" 2009
6 2010 27.5 0 0 0 "GH" 2010
6 2016 25.625 0 0 0 "GH" 2016
6 2017 28.15 0 0 0 "GH" 2017
6 2018 28.4 0 0 0 "GH" 2018
7 1978 27 0 0 0 "GH" 1978
7 1979 26.5 0 0 0 "GH" 1979
7 1980 25.5 0 0 0 "GH" 1980
7 1989 26.5 0 0 0 "GH" 1989
7 1992 26.35 0 0 0 "GH" 1992
7 1993 25.15 0 0 0 "GH" 1993
7 2003 26.875 0 0 0 "GH" 2003
7 2004 27.65 0 0 0 "GH" 2004
7 2005 28.2 0 0 0 "GH" 2005
7 2006 26.1 0 0 0 "GH" 2006
7 2007 25 0 0 0 "GH" 2007
7 2017 27.45 0 0 0 "GH" 2017
7 2018 27.15 0 0 0 "GH" 2018
8 1973 25.5 0 0 0 "GH" 1973
8 1977 27.5 0 0 0 "GH" 1977
8 1978 27 0 0 0 "GH" 1978
8 1980 27 0 0 0 "GH" 1980
8 1990 26.45 0 0 0 "GH" 1990
8 1992 25.8 0 0 0 "GH" 1992
8 1993 25.9833333333333 0 0 0 "GH" 1993
8 2003 26.725 0 0 0 "GH" 2003
8 2004 27.25 0 0 0 "GH" 2004
8 2010 26.1 0 0 0 "GH" 2010
8 2016 27.2 0 0 0 "GH" 2016
8 2018 27.11 0 0 0 "GH" 2018
9 1977 26.25 0 0 0 "GH" 1977
9 1978 26.75 0 0 0 "GH" 1978
9 1979 27 0 0 0 "GH" 1979
9 1993 27.5 0 0 0 "GH" 1993
9 2003 26.525 0 0 0 "GH" 2003
9 2004 27.775 0 0 0 "GH" 2004
9 2005 27.9666666666667 0 0 0 "GH" 2005
9 2014 28.15 0 0 0 "GH" 2014
9 2016 27.75 0 0 0 "GH" 2016
9 2017 26.9 0 0 0 "GH" 2017
9 2018 28 0 0 0 "GH" 2018
10 1977 28.5 0 0 0 "GH" 1977
10 1978 27.5 0 0 0 "GH" 1978
10 1990 28 0 0 0 "GH" 1990
10 1993 27.625 0 0 0 "GH" 1993
10 2004 28.5 0 0 0 "GH" 2004
10 2005 27.05 0 0 0 "GH" 2005
10 2006 28.55 0 0 0 "GH" 2006
10 2012 28.6 0 0 0 "GH" 2012
10 2016 28.8 0 0 0 "GH" 2016
10 2017 29 0 0 0 "GH" 2017
10 2018 28.75 0 0 0 "GH" 2018
11 1992 27.85 0 0 0 "GH" 1992
11 1993 28.5 0 0 0 "GH" 1993
11 2003 28.65 0 0 0 "GH" 2003
11 2005 29.1 0 0 0 "GH" 2005
11 2006 29 0 0 0 "GH" 2006
11 2016 29.85 0 0 0 "GH" 2016
11 2018 29.5 0 0 0 "GH" 2018
12 1979 27 0 0 0 "GH" 1979
12 1993 25.35 0 0 0 "GH" 1993
12 2017 27.8 0 0 0 "GH" 2017
1 1978 27.5 0 0 0 "GH" 1978
1 1979 28 0 0 0 "GH" 1979
1 1980 26 0 0 0 "GH" 1980
1 2004 28.425 0 0 0 "GH" 2004
1 2009 27.06 0 0 0 "GH" 2009
1 2010 27.7875 0 0 0 "GH" 2010
1 2017 26.7 0 0 0 "GH" 2017
1 2018 27.5 0 0 0 "GH" 2018
2 1978 28.3333333333333 0 0 0 "GH" 1978
2 1979 28.75 0 0 0 "GH" 1979
2 1980 28 0 0 0 "GH" 1980
2 1995 29.6 0 0 0 "GH" 1995
2 2002 27.4 0 0 0 "GH" 2002
2 2003 28.2 0 0 0 "GH" 2003
2 2004 27.125 0 0 0 "GH" 2004
2 2009 29.4 0 0 0 "GH" 2009
2 2010 28.6333333333333 0 0 0 "GH" 2010
2 2011 25.9 0 0 0 "GH" 2011
2 2012 27.05 0 0 0 "GH" 2012
2 2013 27.15 0 0 0 "GH" 2013
2 2017 29.7 0 0 0 "GH" 2017
3 1980 27.5 0 0 0 "GH" 1980
3 1992 29.2 0 0 0 "GH" 1992
3 1993 26.9 0 0 0 "GH" 1993
3 1994 26.5833333333333 0 0 0 "GH" 1994
3 1995 27.7 0 0 0 "GH" 1995
3 2004 29.6 0 0 0 "GH" 2004
3 2009 28 0 0 0 "GH" 2009
3 2010 29.875 0 0 0 "GH" 2010
3 2015 26.675 0 0 0 "GH" 2015
3 2017 28.85 0 0 0 "GH" 2017
3 2018 29.7833333333333 0 0 0 "GH" 2018
4 1991 26.6 0 0 0 "GH" 1991
4 1994 26.175 0 0 0 "GH" 1994
4 1995 27.9125 0 0 0 "GH" 1995
4 2003 28.25 0 0 0 "GH" 2003
4 2004 28.15 0 0 0 "GH" 2004
4 2005 27.525 0 0 0 "GH" 2005
4 2006 29.35 0 0 0 "GH" 2006
4 2009 27.7 0 0 0 "GH" 2009
4 2010 29.2833333333333 0 0 0 "GH" 2010
4 2011 30.15 0 0 0 "GH" 2011
4 2012 27.5 0 0 0 "GH" 2012
4 2013 27.75 0 0 0 "GH" 2013
4 2016 30.35 0 0 0 "GH" 2016
4 2017 29.15 0 0 0 "GH" 2017
4 2018 28.3333333333333 0 0 0 "GH" 2018
5 1978 28.25 0 0 0 "GH" 1978
5 1995 27.3 0 0 0 "GH" 1995
5 2003 27.8 0 0 0 "GH" 2003
5 2005 27.17 0 0 0 "GH" 2005
5 2006 26.5 0 0 0 "GH" 2006
5 2009 27.05 0 0 0 "GH" 2009
5 2010 27.82 0 0 0 "GH" 2010
5 2011 28.35 0 0 0 "GH" 2011
5 2012 27.4 0 0 0 "GH" 2012
5 2013 28.3 0 0 0 "GH" 2013
5 2014 26.4 0 0 0 "GH" 2014
5 2015 27.875 0 0 0 "GH" 2015
5 2016 26.825 0 0 0 "GH" 2016
5 2017 27.1 0 0 0 "GH" 2017
5 2018 27.3125 0 0 0 "GH" 2018
6 1980 22.5 0 0 0 "GH" 1980
6 1991 27.8 0 0 0 "GH" 1991
6 1993 26.85 0 0 0 "GH" 1993
6 1995 26.8833333333333 0 0 0 "GH" 1995
6 1997 27.3 0 0 0 "GH" 1997
6 2003 24.6 0 0 0 "GH" 2003
6 2004 26.025 0 0 0 "GH" 2004
6 2006 26.25 0 0 0 "GH" 2006
6 2009 26.375 0 0 0 "GH" 2009
6 2010 27.68 0 0 0 "GH" 2010
6 2011 27.15 0 0 0 "GH" 2011
6 2012 25.95 0 0 0 "GH" 2012
6 2014 26.65 0 0 0 "GH" 2014
6 2015 26.9333333333333 0 0 0 "GH" 2015
6 2016 27.25 0 0 0 "GH" 2016
6 2017 25.9166666666667 0 0 0 "GH" 2017
6 2018 26.825 0 0 0 "GH" 2018
7 1973 25 0 0 0 "GH" 1973
7 1974 24.75 0 0 0 "GH" 1974
7 1978 24.3 0 0 0 "GH" 1978
7 1989 26.85 0 0 0 "GH" 1989
7 1994 24.7 0 0 0 "GH" 1994
7 2003 25.5 0 0 0 "GH" 2003
7 2005 26 0 0 0 "GH" 2005
7 2006 26.5 0 0 0 "GH" 2006
7 2009 26.45 0 0 0 "GH" 2009
7 2010 25.875 0 0 0 "GH" 2010
7 2011 26.4625 0 0 0 "GH" 2011
7 2012 25.8 0 0 0 "GH" 2012
7 2014 26.3 0 0 0 "GH" 2014
7 2015 26.875 0 0 0 "GH" 2015
7 2016 25.425 0 0 0 "GH" 2016
7 2017 24.95 0 0 0 "GH" 2017
7 2018 26.04 0 0 0 "GH" 2018
8 1973 24.1666666666667 0 0 0 "GH" 1973
8 1974 24.5 0 0 0 "GH" 1974
8 1978 25.4166666666667 0 0 0 "GH" 1978
8 1980 25.5 0 0 0 "GH" 1980
8 1993 24.45 0 0 0 "GH" 1993
8 1994 24.82 0 0 0 "GH" 1994
8 1995 25.4 0 0 0 "GH" 1995
8 2003 24.6333333333333 0 0 0 "GH" 2003
8 2004 25.25 0 0 0 "GH" 2004
8 2005 24.875 0 0 0 "GH" 2005
8 2008 25.7 0 0 0 "GH" 2008
8 2009 24.8642857142857 0 0 0 "GH" 2009
8 2010 25.35 0 0 0 "GH" 2010
8 2011 25.45 0 0 0 "GH" 2011
8 2012 26.25 0 0 0 "GH" 2012
8 2014 25.4 0 0 0 "GH" 2014
8 2015 25.6333333333333 0 0 0 "GH" 2015
8 2016 25.6 0 0 0 "GH" 2016
8 2017 25.15 0 0 0 "GH" 2017
8 2018 26.0166666666667 0 0 0 "GH" 2018
9 1973 25.5 0 0 0 "GH" 1973
9 1974 25 0 0 0 "GH" 1974
9 1978 24.9 0 0 0 "GH" 1978
9 1990 26.35 0 0 0 "GH" 1990
9 1993 26.9 0 0 0 "GH" 1993
9 1994 24 0 0 0 "GH" 1994
9 1995 25.75 0 0 0 "GH" 1995
9 1997 25.95 0 0 0 "GH" 1997
9 2003 25.55 0 0 0 "GH" 2003
9 2005 25.9285714285714 0 0 0 "GH" 2005
9 2008 24.7 0 0 0 "GH" 2008
9 2009 25.5625 0 0 0 "GH" 2009
9 2010 26.1333333333333 0 0 0 "GH" 2010
9 2011 25.35 0 0 0 "GH" 2011
9 2012 25.775 0 0 0 "GH" 2012
9 2014 26.4 0 0 0 "GH" 2014
9 2016 26.14 0 0 0 "GH" 2016
9 2018 26.175 0 0 0 "GH" 2018
10 1973 26 0 0 0 "GH" 1973
10 1974 25.6666666666667 0 0 0 "GH" 1974
10 1976 25.5 0 0 0 "GH" 1976
10 1978 25.6666666666667 0 0 0 "GH" 1978
10 1979 26.5 0 0 0 "GH" 1979
10 1993 26.475 0 0 0 "GH" 1993
10 1994 26.4 0 0 0 "GH" 1994
10 2003 26.9625 0 0 0 "GH" 2003
10 2004 26.3166666666667 0 0 0 "GH" 2004
10 2005 26.73125 0 0 0 "GH" 2005
10 2008 26.95 0 0 0 "GH" 2008
10 2009 26.40625 0 0 0 "GH" 2009
10 2010 26.125 0 0 0 "GH" 2010
10 2011 26.3 0 0 0 "GH" 2011
10 2012 26.65 0 0 0 "GH" 2012
10 2014 26.03 0 0 0 "GH" 2014
10 2016 27.3 0 0 0 "GH" 2016
10 2017 28.3 0 0 0 "GH" 2017
10 2018 27.2125 0 0 0 "GH" 2018
11 1978 26.5 0 0 0 "GH" 1978
11 1979 26.75 0 0 0 "GH" 1979
11 1993 25.4 0 0 0 "GH" 1993
11 1997 27.05 0 0 0 "GH" 1997
11 1998 28 0 0 0 "GH" 1998
11 2003 27.725 0 0 0 "GH" 2003
11 2005 27.575 0 0 0 "GH" 2005
11 2009 27.3222222222222 0 0 0 "GH" 2009
11 2010 26.9 0 0 0 "GH" 2010
11 2011 27.35 0 0 0 "GH" 2011
11 2016 27.7166666666667 0 0 0 "GH" 2016
11 2017 27.55 0 0 0 "GH" 2017
12 1973 27 0 0 0 "GH" 1973
12 1978 27.5 0 0 0 "GH" 1978
12 1979 26.8333333333333 0 0 0 "GH" 1979
12 1992 26.75 0 0 0 "GH" 1992
12 1993 27.95 0 0 0 "GH" 1993
12 2003 26.8 0 0 0 "GH" 2003
12 2004 27.475 0 0 0 "GH" 2004
12 2005 28.5 0 0 0 "GH" 2005
12 2008 28.35 0 0 0 "GH" 2008
12 2009 27.33 0 0 0 "GH" 2009
12 2010 27.74 0 0 0 "GH" 2010
12 2014 27.2 0 0 0 "GH" 2014
12 2016 27.4166666666667 0 0 0 "GH" 2016
12 2017 27.33 0 0 0 "GH" 2017
12 2018 28.35 0 0 0 "GH" 2018
1 1978 27 0 0 0 "GH" 1978
1 1979 28 0 0 0 "GH" 1979
1 1991 26.25 0 0 0 "GH" 1991
1 1992 26.8 0 0 0 "GH" 1992
1 1994 26.725 0 0 0 "GH" 1994
1 1997 26.95 0 0 0 "GH" 1997
1 1998 29.4 0 0 0 "GH" 1998
1 2003 27.1166666666667 0 0 0 "GH" 2003
1 2004 28.25 0 0 0 "GH" 2004
1 2005 27.05 0 0 0 "GH" 2005
1 2010 28.1333333333333 0 0 0 "GH" 2010
1 2012 28 0 0 0 "GH" 2012
2 1980 28 0 0 0 "GH" 1980
2 1991 28.8 0 0 0 "GH" 1991
2 1992 29.8 0 0 0 "GH" 1992
2 1993 27.9625 0 0 0 "GH" 1993
2 1994 28.6 0 0 0 "GH" 1994
2 2003 28.1 0 0 0 "GH" 2003
2 2005 28.7 0 0 0 "GH" 2005
2 2009 26.95 0 0 0 "GH" 2009
2 2011 27.425 0 0 0 "GH" 2011
2 2014 26.75 0 0 0 "GH" 2014
2 2017 27.65 0 0 0 "GH" 2017
3 1978 28.5 0 0 0 "GH" 1978
3 1979 27 0 0 0 "GH" 1979
3 1980 28.5 0 0 0 "GH" 1980
3 1989 27.575 0 0 0 "GH" 1989
3 1990 29.075 0 0 0 "GH" 1990
3 1991 28.1 0 0 0 "GH" 1991
3 1992 28.275 0 0 0 "GH" 1992
3 1994 27.56 0 0 0 "GH" 1994
3 1995 26.9 0 0 0 "GH" 1995
3 1997 27.7333333333333 0 0 0 "GH" 1997
3 2002 25.85 0 0 0 "GH" 2002
3 2003 28.625 0 0 0 "GH" 2003
3 2004 28.5666666666667 0 0 0 "GH" 2004
3 2006 28.15 0 0 0 "GH" 2006
3 2009 27.5125 0 0 0 "GH" 2009
3 2015 26.4 0 0 0 "GH" 2015
3 2017 27.75 0 0 0 "GH" 2017
3 2018 28.2 0 0 0 "GH" 2018
4 1977 27.5 0 0 0 "GH" 1977
4 1979 27.625 0 0 0 "GH" 1979
4 1980 27 0 0 0 "GH" 1980
4 1990 27.575 0 0 0 "GH" 1990
4 1991 27.125 0 0 0 "GH" 1991
4 1992 26.95 0 0 0 "GH" 1992
4 1994 28.1571428571429 0 0 0 "GH" 1994
4 1995 29.7 0 0 0 "GH" 1995
4 1997 27.3909090909091 0 0 0 "GH" 1997
4 2003 27.7 0 0 0 "GH" 2003
4 2004 28 0 0 0 "GH" 2004
4 2006 29.1 0 0 0 "GH" 2006
4 2009 28.3333333333333 0 0 0 "GH" 2009
4 2010 29.3 0 0 0 "GH" 2010
4 2012 27.65 0 0 0 "GH" 2012
4 2013 27.9 0 0 0 "GH" 2013
4 2018 27.5 0 0 0 "GH" 2018
5 1977 27.5 0 0 0 "GH" 1977
5 1978 27.5 0 0 0 "GH" 1978
5 1979 27.25 0 0 0 "GH" 1979
5 1981 28 0 0 0 "GH" 1981
5 1990 27.25 0 0 0 "GH" 1990
5 1991 26.42 0 0 0 "GH" 1991
5 1992 26.95 0 0 0 "GH" 1992
5 1993 26.85 0 0 0 "GH" 1993
5 1994 27.5642857142857 0 0 0 "GH" 1994
5 1996 27.325 0 0 0 "GH" 1996
5 2002 27.35 0 0 0 "GH" 2002
5 2003 27.6666666666667 0 0 0 "GH" 2003
5 2005 28.2833333333333 0 0 0 "GH" 2005
5 2006 25.05 0 0 0 "GH" 2006
5 2009 26.8 0 0 0 "GH" 2009
5 2010 27.68 0 0 0 "GH" 2010
5 2011 29.2 0 0 0 "GH" 2011
5 2012 27.48 0 0 0 "GH" 2012
5 2013 27.825 0 0 0 "GH" 2013
5 2014 26.5 0 0 0 "GH" 2014
5 2016 27.55 0 0 0 "GH" 2016
5 2017 27.75 0 0 0 "GH" 2017
5 2018 28 0 0 0 "GH" 2018
6 1973 26.5 0 0 0 "GH" 1973
6 1977 26.5 0 0 0 "GH" 1977
6 1979 27.5 0 0 0 "GH" 1979
6 1990 27.5 0 0 0 "GH" 1990
6 1991 27.0375 0 0 0 "GH" 1991
6 1992 26.05 0 0 0 "GH" 1992
6 1993 26.25 0 0 0 "GH" 1993
6 1995 27.3916666666667 0 0 0 "GH" 1995
6 1997 25.65 0 0 0 "GH" 1997
6 1998 26.37 0 0 0 "GH" 1998
6 2000 25.2 0 0 0 "GH" 2000
6 2003 25.6333333333333 0 0 0 "GH" 2003
6 2006 29.95 0 0 0 "GH" 2006
6 2007 25.45 0 0 0 "GH" 2007
6 2009 26.875 0 0 0 "GH" 2009
6 2010 27.1166666666667 0 0 0 "GH" 2010
6 2011 27 0 0 0 "GH" 2011
6 2012 25.15 0 0 0 "GH" 2012
6 2014 25.5666666666667 0 0 0 "GH" 2014
6 2015 27.25 0 0 0 "GH" 2015
6 2016 26.825 0 0 0 "GH" 2016
6 2017 25.55 0 0 0 "GH" 2017
6 2018 26.3833333333333 0 0 0 "GH" 2018
7 1974 25 0 0 0 "GH" 1974
7 1979 24.6 0 0 0 "GH" 1979
7 1989 26.2 0 0 0 "GH" 1989
7 1990 24.975 0 0 0 "GH" 1990
7 1991 25.25 0 0 0 "GH" 1991
7 1992 25.1 0 0 0 "GH" 1992
7 1993 24.675 0 0 0 "GH" 1993
7 1994 25.0333333333333 0 0 0 "GH" 1994
7 1995 26.225 0 0 0 "GH" 1995
7 1996 25.55 0 0 0 "GH" 1996
7 1997 24.6 0 0 0 "GH" 1997
7 1998 25.78 0 0 0 "GH" 1998
7 2003 25.59 0 0 0 "GH" 2003
7 2005 24.725 0 0 0 "GH" 2005
7 2008 25.575 0 0 0 "GH" 2008
7 2010 25.9625 0 0 0 "GH" 2010
7 2011 25.72 0 0 0 "GH" 2011
7 2012 25.1375 0 0 0 "GH" 2012
7 2013 24.25 0 0 0 "GH" 2013
7 2014 25.5 0 0 0 "GH" 2014
7 2015 26.55 0 0 0 "GH" 2015
7 2016 25.4083333333333 0 0 0 "GH" 2016
7 2017 25.8666666666667 0 0 0 "GH" 2017
7 2018 26.1125 0 0 0 "GH" 2018
8 1973 25 0 0 0 "GH" 1973
8 1974 24 0 0 0 "GH" 1974
8 1977 25.5 0 0 0 "GH" 1977
8 1979 25.5 0 0 0 "GH" 1979
8 1980 24.8333333333333 0 0 0 "GH" 1980
8 1990 25.0166666666667 0 0 0 "GH" 1990
8 1991 25.4 0 0 0 "GH" 1991
8 1992 24.2833333333333 0 0 0 "GH" 1992
8 1993 24.78125 0 0 0 "GH" 1993
8 1994 25.36 0 0 0 "GH" 1994
8 1995 25.1 0 0 0 "GH" 1995
8 1996 24.725 0 0 0 "GH" 1996
8 1997 24.9833333333333 0 0 0 "GH" 1997
8 1998 25.4 0 0 0 "GH" 1998
8 2000 23.9 0 0 0 "GH" 2000
8 2003 24.9875 0 0 0 "GH" 2003
8 2005 24.75 0 0 0 "GH" 2005
8 2009 25.1653846153846 0 0 0 "GH" 2009
8 2010 25.68 0 0 0 "GH" 2010
8 2011 25.4 0 0 0 "GH" 2011
8 2012 24.6625 0 0 0 "GH" 2012
8 2014 25.3666666666667 0 0 0 "GH" 2014
8 2015 25.2 0 0 0 "GH" 2015
8 2016 25.4642857142857 0 0 0 "GH" 2016
8 2017 24.4 0 0 0 "GH" 2017
8 2018 25.8875 0 0 0 "GH" 2018
9 1973 25.5 0 0 0 "GH" 1973
9 1974 24.75 0 0 0 "GH" 1974
9 1976 25 0 0 0 "GH" 1976
9 1978 25 0 0 0 "GH" 1978
9 1979 25.5 0 0 0 "GH" 1979
9 1989 25.55 0 0 0 "GH" 1989
9 1991 25.55 0 0 0 "GH" 1991
9 1992 24.3 0 0 0 "GH" 1992
9 1993 25.9333333333333 0 0 0 "GH" 1993
9 1994 25.0166666666667 0 0 0 "GH" 1994
9 1995 26.3 0 0 0 "GH" 1995
9 1996 24.7625 0 0 0 "GH" 1996
9 1997 25.5772727272727 0 0 0 "GH" 1997
9 1998 25.7166666666667 0 0 0 "GH" 1998
9 2003 25.99 0 0 0 "GH" 2003
9 2005 26.3833333333333 0 0 0 "GH" 2005
9 2006 25.8 0 0 0 "GH" 2006
9 2009 25.5318181818182 0 0 0 "GH" 2009
9 2010 26.1272727272727 0 0 0 "GH" 2010
9 2011 26.2833333333333 0 0 0 "GH" 2011
9 2012 25.3333333333333 0 0 0 "GH" 2012
9 2014 25.625 0 0 0 "GH" 2014
9 2015 25.25 0 0 0 "GH" 2015
9 2016 26.17 0 0 0 "GH" 2016
9 2017 24.675 0 0 0 "GH" 2017
9 2018 26.0857142857143 0 0 0 "GH" 2018
10 1973 26.1666666666667 0 0 0 "GH" 1973
10 1974 25.6 0 0 0 "GH" 1974
10 1976 25.25 0 0 0 "GH" 1976
10 1980 25.5 0 0 0 "GH" 1980
10 1988 25.55 0 0 0 "GH" 1988
10 1989 25.35 0 0 0 "GH" 1989
10 1991 25.1 0 0 0 "GH" 1991
10 1993 26.64 0 0 0 "GH" 1993
10 1994 25.82 0 0 0 "GH" 1994
10 1997 26.85 0 0 0 "GH" 1997
10 1998 26.6535714285714 0 0 0 "GH" 1998
10 2003 27.05 0 0 0 "GH" 2003
10 2005 26.9277777777778 0 0 0 "GH" 2005
10 2009 26.7 0 0 0 "GH" 2009
10 2010 26.6916666666667 0 0 0 "GH" 2010
10 2011 27.075 0 0 0 "GH" 2011
10 2012 26.6642857142857 0 0 0 "GH" 2012
10 2014 25.725 0 0 0 "GH" 2014
10 2016 27.55 0 0 0 "GH" 2016
10 2017 27.0416666666667 0 0 0 "GH" 2017
10 2018 27.17 0 0 0 "GH" 2018
11 1974 26.5 0 0 0 "GH" 1974
11 1976 26 0 0 0 "GH" 1976
11 1979 26 0 0 0 "GH" 1979
11 1988 25.55 0 0 0 "GH" 1988
11 1990 26.625 0 0 0 "GH" 1990
11 1994 26.8 0 0 0 "GH" 1994
11 1996 27.105 0 0 0 "GH" 1996
11 1997 27.55 0 0 0 "GH" 1997
11 1998 28.24375 0 0 0 "GH" 1998
11 2002 27.6 0 0 0 "GH" 2002
11 2003 27.8333333333333 0 0 0 "GH" 2003
11 2005 27.41 0 0 0 "GH" 2005
11 2008 27.0166666666667 0 0 0 "GH" 2008
11 2009 27.7 0 0 0 "GH" 2009
11 2010 27.595 0 0 0 "GH" 2010
11 2011 27.3 0 0 0 "GH" 2011
11 2012 27.3 0 0 0 "GH" 2012
11 2014 27.4 0 0 0 "GH" 2014
11 2016 28.15 0 0 0 "GH" 2016
11 2018 28.16 0 0 0 "GH" 2018
12 1974 24.5 0 0 0 "GH" 1974
12 1976 25 0 0 0 "GH" 1976
12 1977 27.5 0 0 0 "GH" 1977
12 1979 27 0 0 0 "GH" 1979
12 1990 28 0 0 0 "GH" 1990
12 1992 26.675 0 0 0 "GH" 1992
12 1993 29.65 0 0 0 "GH" 1993
12 1996 26.4 0 0 0 "GH" 1996
12 1997 28.15 0 0 0 "GH" 1997
12 1998 28.6 0 0 0 "GH" 1998
12 2002 27.35 0 0 0 "GH" 2002
12 2003 27.125 0 0 0 "GH" 2003
12 2004 27.95 0 0 0 "GH" 2004
12 2008 25.5 0 0 0 "GH" 2008
12 2009 27.6666666666667 0 0 0 "GH" 2009
12 2010 27.85 0 0 0 "GH" 2010
12 2011 28.1 0 0 0 "GH" 2011
12 2014 26.8 0 0 0 "GH" 2014
12 2016 28 0 0 0 "GH" 2016
12 2017 27.25 0 0 0 "GH" 2017
12 2018 27.3 0 0 0 "GH" 2018
1 1977 27.6666666666667 0 0 0 "GH" 1977
1 1978 27.75 0 0 0 "GH" 1978
1 1979 28.7 0 0 0 "GH" 1979
1 1980 28 0 0 0 "GH" 1980
1 1989 27.85 0 0 0 "GH" 1989
1 1990 27.75 0 0 0 "GH" 1990
1 1992 27.475 0 0 0 "GH" 1992
1 1993 27.5 0 0 0 "GH" 1993
1 1994 27.75 0 0 0 "GH" 1994
1 1997 28.3107142857143 0 0 0 "GH" 1997
1 1998 29.5666666666667 0 0 0 "GH" 1998
1 2003 28 0 0 0 "GH" 2003
1 2004 28.05 0 0 0 "GH" 2004
1 2005 28.1 0 0 0 "GH" 2005
1 2010 28.7166666666667 0 0 0 "GH" 2010
1 2012 28.75 0 0 0 "GH" 2012
1 2017 28.4 0 0 0 "GH" 2017
1 2019 29.6666666666667 0 0 0 "GH" 2019
2 1977 29.5 0 0 0 "GH" 1977
2 1978 28.25 0 0 0 "GH" 1978
2 1979 29 0 0 0 "GH" 1979
2 1980 28.6666666666667 0 0 0 "GH" 1980
2 1990 27.45 0 0 0 "GH" 1990
2 1991 29.2 0 0 0 "GH" 1991
2 1992 29.375 0 0 0 "GH" 1992
2 1993 28.825 0 0 0 "GH" 1993
2 1994 28.525 0 0 0 "GH" 1994
2 1997 28.7 0 0 0 "GH" 1997
2 1998 30.0875 0 0 0 "GH" 1998
2 2002 28.45 0 0 0 "GH" 2002
2 2003 29.6875 0 0 0 "GH" 2003
2 2004 27.9833333333333 0 0 0 "GH" 2004
2 2005 29.69 0 0 0 "GH" 2005
2 2006 28.35 0 0 0 "GH" 2006
2 2007 27.85 0 0 0 "GH" 2007
2 2009 28.85 0 0 0 "GH" 2009
2 2010 27.9 0 0 0 "GH" 2010
2 2017 28.5 0 0 0 "GH" 2017
2 2018 30.05 0 0 0 "GH" 2018
3 1977 27 0 0 0 "GH" 1977
3 1979 27.75 0 0 0 "GH" 1979
3 1980 28.2857142857143 0 0 0 "GH" 1980
3 1987 28.5 0 0 0 "GH" 1987
3 1989 27.7 0 0 0 "GH" 1989
3 1990 30.225 0 0 0 "GH" 1990
3 1991 29.175 0 0 0 "GH" 1991
3 1992 29.0333333333333 0 0 0 "GH" 1992
3 1993 28 0 0 0 "GH" 1993
3 1994 29.5125 0 0 0 "GH" 1994
3 1995 28.25 0 0 0 "GH" 1995
3 1997 28.4681818181818 0 0 0 "GH" 1997
3 1998 30.475 0 0 0 "GH" 1998
3 2003 29.75 0 0 0 "GH" 2003
3 2004 29.8730769230769 0 0 0 "GH" 2004
3 2005 29.2571428571429 0 0 0 "GH" 2005
3 2006 29.3 0 0 0 "GH" 2006
3 2007 27.35 0 0 0 "GH" 2007
3 2009 29 0 0 0 "GH" 2009
3 2015 27.4875 0 0 0 "GH" 2015
3 2016 29.2833333333333 0 0 0 "GH" 2016
3 2017 28.525 0 0 0 "GH" 2017
4 1977 28.9 0 0 0 "GH" 1977
4 1979 29.375 0 0 0 "GH" 1979
4 1980 28.75 0 0 0 "GH" 1980
4 1987 29.15 0 0 0 "GH" 1987
4 1989 28.7 0 0 0 "GH" 1989
4 1990 28.3666666666667 0 0 0 "GH" 1990
4 1991 27.325 0 0 0 "GH" 1991
4 1992 28.6166666666667 0 0 0 "GH" 1992
4 1994 28.8166666666667 0 0 0 "GH" 1994
4 1995 29.0125 0 0 0 "GH" 1995
4 1997 27.9535714285714 0 0 0 "GH" 1997
4 1998 30.5125 0 0 0 "GH" 1998
4 1999 28.55 0 0 0 "GH" 1999
4 2003 28.65 0 0 0 "GH" 2003
4 2004 29.24375 0 0 0 "GH" 2004
4 2005 29.8464285714286 0 0 0 "GH" 2005
4 2006 29.6625 0 0 0 "GH" 2006
4 2008 27.2 0 0 0 "GH" 2008
4 2009 29.075 0 0 0 "GH" 2009
4 2010 29.2 0 0 0 "GH" 2010
4 2012 29.1 0 0 0 "GH" 2012
4 2016 28.5833333333333 0 0 0 "GH" 2016
4 2017 29.2333333333333 0 0 0 "GH" 2017
4 2018 27 0 0 0 "GH" 2018
5 1977 28.25 0 0 0 "GH" 1977
5 1978 29 0 0 0 "GH" 1978
5 1979 27.5 0 0 0 "GH" 1979
5 1981 28 0 0 0 "GH" 1981
5 1987 27.7 0 0 0 "GH" 1987
5 1988 28.1 0 0 0 "GH" 1988
5 1989 26.4166666666667 0 0 0 "GH" 1989
5 1990 27.2625 0 0 0 "GH" 1990
5 1991 26.9 0 0 0 "GH" 1991
5 1992 28.25 0 0 0 "GH" 1992
5 1994 28.28125 0 0 0 "GH" 1994
5 1995 27.15 0 0 0 "GH" 1995
5 1996 27.25 0 0 0 "GH" 1996
5 1997 27.8142857142857 0 0 0 "GH" 1997
5 1998 28.659375 0 0 0 "GH" 1998
5 2003 28.1416666666667 0 0 0 "GH" 2003
5 2004 27.83125 0 0 0 "GH" 2004
5 2005 28.5833333333333 0 0 0 "GH" 2005
5 2006 26.1375 0 0 0 "GH" 2006
5 2007 28.55 0 0 0 "GH" 2007
5 2009 27.7916666666667 0 0 0 "GH" 2009
5 2010 28.5625 0 0 0 "GH" 2010
5 2012 27.9 0 0 0 "GH" 2012
5 2013 26.6 0 0 0 "GH" 2013
5 2014 27.6333333333333 0 0 0 "GH" 2014
5 2015 29.55 0 0 0 "GH" 2015
5 2016 28.1666666666667 0 0 0 "GH" 2016
5 2017 28.7416666666667 0 0 0 "GH" 2017
5 2018 28 0 0 0 "GH" 2018
6 1973 27 0 0 0 "GH" 1973
6 1977 25.5 0 0 0 "GH" 1977
6 1979 27.125 0 0 0 "GH" 1979
6 1980 26 0 0 0 "GH" 1980
6 1981 27 0 0 0 "GH" 1981
6 1986 26.975 0 0 0 "GH" 1986
6 1988 26.7666666666667 0 0 0 "GH" 1988
6 1989 26.525 0 0 0 "GH" 1989
6 1990 26.53125 0 0 0 "GH" 1990
6 1991 27.1875 0 0 0 "GH" 1991
6 1992 25.8625 0 0 0 "GH" 1992
6 1993 27 0 0 0 "GH" 1993
6 1994 26.25 0 0 0 "GH" 1994
6 1995 28 0 0 0 "GH" 1995
6 1996 27 0 0 0 "GH" 1996
6 1997 26.2875 0 0 0 "GH" 1997
6 1998 27.3681818181818 0 0 0 "GH" 1998
6 2002 28 0 0 0 "GH" 2002
6 2003 26.4 0 0 0 "GH" 2003
6 2004 26.64375 0 0 0 "GH" 2004
6 2005 26.6615384615385 0 0 0 "GH" 2005
6 2006 26.2833333333333 0 0 0 "GH" 2006
6 2007 26.25 0 0 0 "GH" 2007
6 2008 25.75 0 0 0 "GH" 2008
6 2009 26.8375 0 0 0 "GH" 2009
6 2010 26.9111111111111 0 0 0 "GH" 2010
6 2012 25.38 0 0 0 "GH" 2012
6 2013 27.5 0 0 0 "GH" 2013
6 2014 26.7833333333333 0 0 0 "GH" 2014
6 2015 26.805 0 0 0 "GH" 2015
6 2016 26.7111111111111 0 0 0 "GH" 2016
6 2017 27.495 0 0 0 "GH" 2017
6 2018 27.2166666666667 0 0 0 "GH" 2018
7 1973 25 0 0 0 "GH" 1973
7 1974 25.1 0 0 0 "GH" 1974
7 1977 25.25 0 0 0 "GH" 1977
7 1978 24.875 0 0 0 "GH" 1978
7 1979 25.2 0 0 0 "GH" 1979
7 1980 24.5 0 0 0 "GH" 1980
7 1987 26 0 0 0 "GH" 1987
7 1988 25.225 0 0 0 "GH" 1988
7 1989 25.225 0 0 0 "GH" 1989
7 1990 24.55 0 0 0 "GH" 1990
7 1991 25.475 0 0 0 "GH" 1991
7 1992 24.95 0 0 0 "GH" 1992
7 1993 26.42 0 0 0 "GH" 1993
7 1994 25.45 0 0 0 "GH" 1994
7 1996 25.4970588235294 0 0 0 "GH" 1996
7 1997 25.3973684210526 0 0 0 "GH" 1997
7 1998 26.09 0 0 0 "GH" 1998
7 2000 25.4 0 0 0 "GH" 2000
7 2003 26.0277777777778 0 0 0 "GH" 2003
7 2004 26.185 0 0 0 "GH" 2004
7 2005 26.4388888888889 0 0 0 "GH" 2005
7 2006 26.0357142857143 0 0 0 "GH" 2006
7 2007 24.75 0 0 0 "GH" 2007
7 2008 26.55 0 0 0 "GH" 2008
7 2009 26.275 0 0 0 "GH" 2009
7 2010 25.5625 0 0 0 "GH" 2010
7 2012 25.05 0 0 0 "GH" 2012
7 2013 25.05 0 0 0 "GH" 2013
7 2014 25.5583333333333 0 0 0 "GH" 2014
7 2015 26.0833333333333 0 0 0 "GH" 2015
7 2016 25.99 0 0 0 "GH" 2016
7 2017 26.3857142857143 0 0 0 "GH" 2017
7 2018 26.65 0 0 0 "GH" 2018
8 1973 24.5 0 0 0 "GH" 1973
8 1974 25.0833333333333 0 0 0 "GH" 1974
8 1977 24.8571428571429 0 0 0 "GH" 1977
8 1978 25.0714285714286 0 0 0 "GH" 1978
8 1979 25.4 0 0 0 "GH" 1979
8 1980 25.2 0 0 0 "GH" 1980
8 1987 25.75 0 0 0 "GH" 1987
8 1988 25.05 0 0 0 "GH" 1988
8 1989 25.4 0 0 0 "GH" 1989
8 1990 25.4375 0 0 0 "GH" 1990
8 1991 24.925 0 0 0 "GH" 1991
8 1992 24.6166666666667 0 0 0 "GH" 1992
8 1993 25.2916666666667 0 0 0 "GH" 1993
8 1994 25.285 0 0 0 "GH" 1994
8 1996 25.1730769230769 0 0 0 "GH" 1996
8 1997 25.725 0 0 0 "GH" 1997
8 1998 25.935 0 0 0 "GH" 1998
8 2000 25.2666666666667 0 0 0 "GH" 2000
8 2003 25.56875 0 0 0 "GH" 2003
8 2004 25.546875 0 0 0 "GH" 2004
8 2005 25.42 0 0 0 "GH" 2005
8 2006 24.95 0 0 0 "GH" 2006
8 2007 26.075 0 0 0 "GH" 2007
8 2008 25.75 0 0 0 "GH" 2008
8 2009 25.68 0 0 0 "GH" 2009
8 2010 26.0875 0 0 0 "GH" 2010
8 2012 24.27 0 0 0 "GH" 2012
8 2014 25.2333333333333 0 0 0 "GH" 2014
8 2016 26.0375 0 0 0 "GH" 2016
8 2017 25.225 0 0 0 "GH" 2017
8 2018 25.7125 0 0 0 "GH" 2018
9 1973 25.1875 0 0 0 "GH" 1973
9 1974 25.375 0 0 0 "GH" 1974
9 1976 26 0 0 0 "GH" 1976
9 1977 25.3333333333333 0 0 0 "GH" 1977
9 1978 25 0 0 0 "GH" 1978
9 1979 26.25 0 0 0 "GH" 1979
9 1980 26 0 0 0 "GH" 1980
9 1987 26.6 0 0 0 "GH" 1987
9 1988 25.7166666666667 0 0 0 "GH" 1988
9 1989 25.5 0 0 0 "GH" 1989
9 1990 27.3 0 0 0 "GH" 1990
9 1991 25.8125 0 0 0 "GH" 1991
9 1992 24.825 0 0 0 "GH" 1992
9 1993 26.1 0 0 0 "GH" 1993
9 1994 25.2166666666667 0 0 0 "GH" 1994
9 1996 25.8888888888889 0 0 0 "GH" 1996
9 1997 27.3633333333333 0 0 0 "GH" 1997
9 1998 27.046875 0 0 0 "GH" 1998
9 2000 26.25 0 0 0 "GH" 2000
9 2003 26.8 0 0 0 "GH" 2003
9 2004 27.075 0 0 0 "GH" 2004
9 2005 27.0875 0 0 0 "GH" 2005
9 2006 25.92 0 0 0 "GH" 2006
9 2007 25.7 0 0 0 "GH" 2007
9 2009 26.725 0 0 0 "GH" 2009
9 2010 26.575 0 0 0 "GH" 2010
9 2012 26.825 0 0 0 "GH" 2012
9 2014 25.825 0 0 0 "GH" 2014
9 2015 26.7625 0 0 0 "GH" 2015
9 2016 26.95625 0 0 0 "GH" 2016
9 2017 26.37 0 0 0 "GH" 2017
9 2018 26.46875 0 0 0 "GH" 2018
10 1973 24.8333333333333 0 0 0 "GH" 1973
10 1974 26.0833333333333 0 0 0 "GH" 1974
10 1976 26.5 0 0 0 "GH" 1976
10 1977 26.75 0 0 0 "GH" 1977
10 1978 26.5 0 0 0 "GH" 1978
10 1979 26.75 0 0 0 "GH" 1979
10 1980 25.5 0 0 0 "GH" 1980
10 1988 26.2 0 0 0 "GH" 1988
10 1989 27.6 0 0 0 "GH" 1989
10 1990 27.45 0 0 0 "GH" 1990
10 1991 25.625 0 0 0 "GH" 1991
10 1992 26.5 0 0 0 "GH" 1992
10 1993 27.725 0 0 0 "GH" 1993
10 1994 26.4 0 0 0 "GH" 1994
10 1997 27.8111111111111 0 0 0 "GH" 1997
10 1998 27.4421052631579 0 0 0 "GH" 1998
10 2003 27.35 0 0 0 "GH" 2003
10 2004 27.6166666666667 0 0 0 "GH" 2004
10 2005 27.275 0 0 0 "GH" 2005
10 2006 27.55 0 0 0 "GH" 2006
10 2008 27.275 0 0 0 "GH" 2008
10 2009 27.8375 0 0 0 "GH" 2009
10 2010 26.45 0 0 0 "GH" 2010
10 2012 27.01 0 0 0 "GH" 2012
10 2014 26.5571428571429 0 0 0 "GH" 2014
10 2016 27.75 0 0 0 "GH" 2016
10 2017 27.75 0 0 0 "GH" 2017
10 2018 27.31 0 0 0 "GH" 2018
11 1974 27.25 0 0 0 "GH" 1974
11 1976 27.375 0 0 0 "GH" 1976
11 1977 27.7142857142857 0 0 0 "GH" 1977
11 1978 27.9 0 0 0 "GH" 1978
11 1979 27 0 0 0 "GH" 1979
11 1981 28 0 0 0 "GH" 1981
11 1988 27.725 0 0 0 "GH" 1988
11 1989 28.675 0 0 0 "GH" 1989
11 1990 27.58 0 0 0 "GH" 1990
11 1991 27.45 0 0 0 "GH" 1991
11 1992 28.05 0 0 0 "GH" 1992
11 1993 27 0 0 0 "GH" 1993
11 1994 27.525 0 0 0 "GH" 1994
11 1996 28.2625 0 0 0 "GH" 1996
11 1997 28.12 0 0 0 "GH" 1997
11 1998 28.8 0 0 0 "GH" 1998
11 2002 28.7 0 0 0 "GH" 2002
11 2003 28.95 0 0 0 "GH" 2003
11 2004 28.0416666666667 0 0 0 "GH" 2004
11 2005 28.175 0 0 0 "GH" 2005
11 2008 27.825 0 0 0 "GH" 2008
11 2009 28.35 0 0 0 "GH" 2009
11 2010 27.22 0 0 0 "GH" 2010
11 2018 28.35 0 0 0 "GH" 2018
12 1976 26 0 0 0 "GH" 1976
12 1977 27.5 0 0 0 "GH" 1977
12 1978 27.6 0 0 0 "GH" 1978
12 1979 27.5 0 0 0 "GH" 1979
12 1988 26.7 0 0 0 "GH" 1988
12 1990 26.25 0 0 0 "GH" 1990
12 1992 27.8833333333333 0 0 0 "GH" 1992
12 1993 26.175 0 0 0 "GH" 1993
12 1996 28.0033333333333 0 0 0 "GH" 1996
12 1997 27.25 0 0 0 "GH" 1997
12 1998 28.15 0 0 0 "GH" 1998
12 2000 27.7 0 0 0 "GH" 2000
12 2002 28.25 0 0 0 "GH" 2002
12 2003 28.4333333333333 0 0 0 "GH" 2003
12 2004 28.535 0 0 0 "GH" 2004
12 2005 28.5 0 0 0 "GH" 2005
12 2008 25.4 0 0 0 "GH" 2008
12 2010 28.6 0 0 0 "GH" 2010
12 2017 28.275 0 0 0 "GH" 2017
1 1994 27.5 0 0 0 "GH" 1994
1 2000 28.45 0 0 0 "GH" 2000
1 2019 27.4 0 0 0 "GH" 2019
2 2018 27.4 0 0 0 "GH" 2018
3 1994 29.75 0 0 0 "GH" 1994
3 1995 28.33 0 0 0 "GH" 1995
3 1997 27.25 0 0 0 "GH" 1997
3 1998 29.75 0 0 0 "GH" 1998
3 2016 29.175 0 0 0 "GH" 2016
4 1980 28.75 0 0 0 "GH" 1980
4 1994 28.05 0 0 0 "GH" 1994
4 1995 29.3 0 0 0 "GH" 1995
4 1997 27.7125 0 0 0 "GH" 1997
5 1990 27.325 0 0 0 "GH" 1990
5 1991 26.45 0 0 0 "GH" 1991
5 1994 28.025 0 0 0 "GH" 1994
5 1995 29.25 0 0 0 "GH" 1995
5 1997 27.2857142857143 0 0 0 "GH" 1997
5 1998 26.9 0 0 0 "GH" 1998
5 2013 27.625 0 0 0 "GH" 2013
5 2015 28.4 0 0 0 "GH" 2015
5 2017 28 0 0 0 "GH" 2017
6 1990 27.4 0 0 0 "GH" 1990
6 1991 26.85 0 0 0 "GH" 1991
6 1995 27.2 0 0 0 "GH" 1995
6 1997 26.1277777777778 0 0 0 "GH" 1997
6 1998 26.3 0 0 0 "GH" 1998
6 2013 27.5 0 0 0 "GH" 2013
6 2014 27.0166666666667 0 0 0 "GH" 2014
6 2017 27.05 0 0 0 "GH" 2017
7 1979 25.125 0 0 0 "GH" 1979
7 1993 25.875 0 0 0 "GH" 1993
7 1994 25 0 0 0 "GH" 1994
7 1995 26.25 0 0 0 "GH" 1995
7 1997 25.3666666666667 0 0 0 "GH" 1997
7 1998 25.9 0 0 0 "GH" 1998
7 2014 26.075 0 0 0 "GH" 2014
7 2016 25.2833333333333 0 0 0 "GH" 2016
7 2017 26.75 0 0 0 "GH" 2017
7 2018 26.4166666666667 0 0 0 "GH" 2018
8 1995 25.1 0 0 0 "GH" 1995
8 1997 21.2 0 0 0 "GH" 1997
8 2010 25.9 0 0 0 "GH" 2010
8 2011 24 0 0 0 "GH" 2011
8 2014 26.1 0 0 0 "GH" 2014
8 2016 25.3 0 0 0 "GH" 2016
8 2018 25.95 0 0 0 "GH" 2018
9 1979 26 0 0 0 "GH" 1979
9 1991 27.9 0 0 0 "GH" 1991
9 1993 29.7 0 0 0 "GH" 1993
9 1994 25.975 0 0 0 "GH" 1994
9 1997 26.8 0 0 0 "GH" 1997
9 1998 26.3 0 0 0 "GH" 1998
9 2014 26.3833333333333 0 0 0 "GH" 2014
9 2015 25.35 0 0 0 "GH" 2015
9 2016 26.775 0 0 0 "GH" 2016
9 2018 26.8666666666667 0 0 0 "GH" 2018
10 1979 27.5 0 0 0 "GH" 1979
10 1993 27.45 0 0 0 "GH" 1993
10 1994 26.85 0 0 0 "GH" 1994
10 1997 27.35 0 0 0 "GH" 1997
10 1998 27.95 0 0 0 "GH" 1998
10 2014 26.1 0 0 0 "GH" 2014
10 2016 26.9 0 0 0 "GH" 2016
10 2018 26.9 0 0 0 "GH" 2018
11 1993 27.05 0 0 0 "GH" 1993
11 1994 27.4 0 0 0 "GH" 1994
11 1997 28.325 0 0 0 "GH" 1997
11 1998 28.63 0 0 0 "GH" 1998
11 2016 29.4 0 0 0 "GH" 2016
11 2018 28.95 0 0 0 "GH" 2018
12 1979 28 0 0 0 "GH" 1979
12 1992 27.8 0 0 0 "GH" 1992
12 1993 29.1 0 0 0 "GH" 1993
12 1997 26.75 0 0 0 "GH" 1997
12 1998 29.175 0 0 0 "GH" 1998
12 2017 28 0 0 0 "GH" 2017
1 1979 29 0 0 0 "GH" 1979
1 1980 27 0 0 0 "GH" 1980
1 1997 28.55 0 0 0 "GH" 1997
1 2003 28.675 0 0 0 "GH" 2003
1 2005 27.7 0 0 0 "GH" 2005
2 1978 29 0 0 0 "GH" 1978
2 1979 30 0 0 0 "GH" 1979
2 1980 29.5 0 0 0 "GH" 1980
2 1994 30.45 0 0 0 "GH" 1994
2 2003 30.75 0 0 0 "GH" 2003
2 2011 27 0 0 0 "GH" 2011
2 2012 25.75 0 0 0 "GH" 2012
2 2017 28.65 0 0 0 "GH" 2017
3 1979 28.3333333333333 0 0 0 "GH" 1979
3 1980 29.5 0 0 0 "GH" 1980
3 1994 29.45 0 0 0 "GH" 1994
3 1995 28.125 0 0 0 "GH" 1995
3 1997 26.9 0 0 0 "GH" 1997
3 2002 29.2 0 0 0 "GH" 2002
3 2004 31.2 0 0 0 "GH" 2004
3 2005 31.15 0 0 0 "GH" 2005
4 1979 30 0 0 0 "GH" 1979
4 1994 28.45 0 0 0 "GH" 1994
4 1997 28.7125 0 0 0 "GH" 1997
4 2003 30.675 0 0 0 "GH" 2003
4 2004 29.35 0 0 0 "GH" 2004
4 2005 29.4 0 0 0 "GH" 2005
4 2010 30.3 0 0 0 "GH" 2010
4 2012 26.45 0 0 0 "GH" 2012
5 1991 28.25 0 0 0 "GH" 1991
5 1994 29.0714285714286 0 0 0 "GH" 1994
5 1996 26.2 0 0 0 "GH" 1996
5 1997 27.5625 0 0 0 "GH" 1997
5 2002 29.975 0 0 0 "GH" 2002
5 2003 31.35 0 0 0 "GH" 2003
5 2004 30.25 0 0 0 "GH" 2004
5 2005 29.65 0 0 0 "GH" 2005
5 2007 27.65 0 0 0 "GH" 2007
5 2009 26.35 0 0 0 "GH" 2009
5 2010 27.6166666666667 0 0 0 "GH" 2010
5 2012 27.83 0 0 0 "GH" 2012
6 1979 27.75 0 0 0 "GH" 1979
6 1991 27.4 0 0 0 "GH" 1991
6 1995 28.2625 0 0 0 "GH" 1995
6 1996 27.55 0 0 0 "GH" 1996
6 1997 26.9472222222222 0 0 0 "GH" 1997
6 2003 27.3166666666667 0 0 0 "GH" 2003
6 2006 28.2 0 0 0 "GH" 2006
6 2010 28.175 0 0 0 "GH" 2010
6 2011 26.7666666666667 0 0 0 "GH" 2011
6 2012 26.9875 0 0 0 "GH" 2012
7 1978 24 0 0 0 "GH" 1978
7 1979 26.3333333333333 0 0 0 "GH" 1979
7 1980 26 0 0 0 "GH" 1980
7 1991 27.425 0 0 0 "GH" 1991
7 1993 25.65 0 0 0 "GH" 1993
7 1994 25.975 0 0 0 "GH" 1994
7 1996 25.75 0 0 0 "GH" 1996
7 1997 24.63125 0 0 0 "GH" 1997
7 2003 25.85 0 0 0 "GH" 2003
7 2005 27 0 0 0 "GH" 2005
7 2006 27.05 0 0 0 "GH" 2006
7 2008 26.4 0 0 0 "GH" 2008
7 2009 26.4 0 0 0 "GH" 2009
7 2010 27.05 0 0 0 "GH" 2010
7 2011 26.475 0 0 0 "GH" 2011
7 2012 27.5 0 0 0 "GH" 2012
8 1978 25.125 0 0 0 "GH" 1978
8 1979 27.5 0 0 0 "GH" 1979
8 1980 26.25 0 0 0 "GH" 1980
8 1991 25.6833333333333 0 0 0 "GH" 1991
8 1993 26.5375 0 0 0 "GH" 1993
8 1994 26.475 0 0 0 "GH" 1994
8 1996 26.21 0 0 0 "GH" 1996
8 1997 25.925 0 0 0 "GH" 1997
8 2005 25.6875 0 0 0 "GH" 2005
8 2009 24.8 0 0 0 "GH" 2009
8 2010 26.1 0 0 0 "GH" 2010
8 2011 25.4 0 0 0 "GH" 2011
9 1978 26 0 0 0 "GH" 1978
9 1990 24.8 0 0 0 "GH" 1990
9 1993 23.65 0 0 0 "GH" 1993
9 1994 27.13 0 0 0 "GH" 1994
9 1996 26.15 0 0 0 "GH" 1996
9 2003 29 0 0 0 "GH" 2003
9 2004 27.9833333333333 0 0 0 "GH" 2004
9 2005 28.1 0 0 0 "GH" 2005
9 2006 26.35 0 0 0 "GH" 2006
9 2010 26.7666666666667 0 0 0 "GH" 2010
10 1977 28.5 0 0 0 "GH" 1977
10 1978 28.5 0 0 0 "GH" 1978
10 1980 26 0 0 0 "GH" 1980
10 1990 27.85 0 0 0 "GH" 1990
10 1993 28.575 0 0 0 "GH" 1993
10 1994 25.7333333333333 0 0 0 "GH" 1994
10 1997 26.9875 0 0 0 "GH" 1997
10 2000 27.85 0 0 0 "GH" 2000
10 2003 27.9 0 0 0 "GH" 2003
10 2005 27.625 0 0 0 "GH" 2005
10 2008 28.05 0 0 0 "GH" 2008
10 2009 27.625 0 0 0 "GH" 2009
10 2011 26.2 0 0 0 "GH" 2011
11 1977 29.1666666666667 0 0 0 "GH" 1977
11 1978 26.75 0 0 0 "GH" 1978
11 1990 29.1 0 0 0 "GH" 1990
11 1991 28.6 0 0 0 "GH" 1991
11 1993 27.15 0 0 0 "GH" 1993
11 1994 28.15 0 0 0 "GH" 1994
11 1997 26.3 0 0 0 "GH" 1997
11 2002 30.2333333333333 0 0 0 "GH" 2002
11 2003 30.2 0 0 0 "GH" 2003
11 2005 27.8 0 0 0 "GH" 2005
11 2009 29.3 0 0 0 "GH" 2009
12 1977 28.6666666666667 0 0 0 "GH" 1977
12 1990 28.95 0 0 0 "GH" 1990
12 1996 29.25 0 0 0 "GH" 1996
12 1997 30.3 0 0 0 "GH" 1997
12 2002 28 0 0 0 "GH" 2002
12 2004 30.4166666666667 0 0 0 "GH" 2004
12 2009 28.8 0 0 0 "GH" 2009
