"MONTH" "YEAR" "ave_mo_t" "opium_t" "mj_t" "coca_t" "fips" "year"
1 1953 26.1064516129032 0 0 0 "GQ" 1953
1 1954 26.158064516129 0 0 0 "GQ" 1954
1 1955 25.5 0 0 0 "GQ" 1955
1 1956 24.7467741935484 0 0 0 "GQ" 1956
1 1957 25.4322580645161 0 0 0 "GQ" 1957
1 1958 25.058064516129 0 0 0 "GQ" 1958
1 1959 25.2451612903226 0 0 0 "GQ" 1959
1 1960 25.5177419354839 0 0 0 "GQ" 1960
1 1961 25.0806451612903 0 0 0 "GQ" 1961
1 1962 26.0595238095238 0 0 0 "GQ" 1962
1 1963 24.9758064516129 0 0 0 "GQ" 1963
1 1964 25.4790322580645 0 0 0 "GQ" 1964
1 1965 25.7403225806452 0 0 0 "GQ" 1965
1 1966 25.4806451612903 0 0 0 "GQ" 1966
1 1967 27.3741935483871 0 0 0 "GQ" 1967
1 1968 25.3983870967742 0 0 0 "GQ" 1968
1 1969 24.8516129032258 0 0 0 "GQ" 1969
1 1970 26.6661290322581 0 0 0 "GQ" 1970
1 1971 25.6709677419355 0 0 0 "GQ" 1971
1 1972 25.7354838709677 0 0 0 "GQ" 1972
1 1973 25.8854838709677 0 0 0 "GQ" 1973
1 1974 26.0209677419355 0 0 0 "GQ" 1974
1 1975 26.1677419354839 0 0 0 "GQ" 1975
1 1976 25.2709677419355 0 0 0 "GQ" 1976
1 1977 26.8274193548387 0 0 0 "GQ" 1977
1 1978 25.3064516129032 0 0 0 "GQ" 1978
1 1979 25.2403225806452 0 0 0 "GQ" 1979
1 1980 26.1451612903226 0 0 0 "GQ" 1980
1 1981 26.5451612903226 0 0 0 "GQ" 1981
1 1982 25.4903225806452 0 0 0 "GQ" 1982
1 1983 25.3241935483871 0 0 0 "GQ" 1983
1 1984 26.5725806451613 0 0 0 "GQ" 1984
1 1985 26.7354838709677 0 0 0 "GQ" 1985
1 1986 26.6354838709677 0 0 0 "GQ" 1986
1 1987 25.7 0 0 0 "GQ" 1987
1 1988 26.2661290322581 0 0 0 "GQ" 1988
1 1989 27.7661290322581 0 0 0 "GQ" 1989
1 1990 25.941935483871 0 0 0 "GQ" 1990
1 1991 26.3435483870968 0 0 0 "GQ" 1991
1 1992 26.1983870967742 0 0 0 "GQ" 1992
1 1993 25.8629032258065 0 0 0 "GQ" 1993
1 1994 26.1225806451613 0 0 0 "GQ" 1994
1 1995 25.5854838709677 0 0 0 "GQ" 1995
1 1996 26.4241935483871 0 0 0 "GQ" 1996
1 1997 26.2967741935484 0 0 0 "GQ" 1997
1 1998 25.8677419354839 0 0 0 "GQ" 1998
1 1999 26.5758064516129 0 0 0 "GQ" 1999
1 2000 25.958064516129 0 0 0 "GQ" 2000
1 2001 26.8693548387097 0 0 0 "GQ" 2001
1 2002 26.4403225806452 0 0 0 "GQ" 2002
2 1953 25.6017857142857 0 0 0 "GQ" 1953
2 1954 26.0803571428571 0 0 0 "GQ" 1954
2 1955 25.8053571428571 0 0 0 "GQ" 1955
2 1956 25.0068965517241 0 0 0 "GQ" 1956
2 1957 24.8946428571429 0 0 0 "GQ" 1957
2 1958 25.0464285714286 0 0 0 "GQ" 1958
2 1959 25.9178571428571 0 0 0 "GQ" 1959
2 1960 24.998275862069 0 0 0 "GQ" 1960
2 1961 25.9166666666667 0 0 0 "GQ" 1961
2 1962 25.1857142857143 0 0 0 "GQ" 1962
2 1963 24.8571428571429 0 0 0 "GQ" 1963
2 1964 25.0051724137931 0 0 0 "GQ" 1964
2 1965 25.8821428571429 0 0 0 "GQ" 1965
2 1966 25.7732142857143 0 0 0 "GQ" 1966
2 1967 26.5589285714286 0 0 0 "GQ" 1967
2 1968 25.2362068965517 0 0 0 "GQ" 1968
2 1969 24.8410714285714 0 0 0 "GQ" 1969
2 1970 26.6910714285714 0 0 0 "GQ" 1970
2 1971 25.8410714285714 0 0 0 "GQ" 1971
2 1972 25.5793103448276 0 0 0 "GQ" 1972
2 1973 25.3053571428571 0 0 0 "GQ" 1973
2 1974 26.3571428571429 0 0 0 "GQ" 1974
2 1975 26.4089285714286 0 0 0 "GQ" 1975
2 1976 24.9862068965517 0 0 0 "GQ" 1976
2 1977 26.5875 0 0 0 "GQ" 1977
2 1978 24.5839285714286 0 0 0 "GQ" 1978
2 1979 26.0571428571429 0 0 0 "GQ" 1979
2 1981 26.4017857142857 0 0 0 "GQ" 1981
2 1982 24.8107142857143 0 0 0 "GQ" 1982
2 1983 25.8071428571429 0 0 0 "GQ" 1983
2 1984 26.6051724137931 0 0 0 "GQ" 1984
2 1985 26.0535714285714 0 0 0 "GQ" 1985
2 1986 26.0392857142857 0 0 0 "GQ" 1986
2 1987 25.8357142857143 0 0 0 "GQ" 1987
2 1988 26.5189655172414 0 0 0 "GQ" 1988
2 1989 27.0696428571429 0 0 0 "GQ" 1989
2 1990 25.4703703703704 0 0 0 "GQ" 1990
2 1991 26.1571428571429 0 0 0 "GQ" 1991
2 1993 25.5053571428571 0 0 0 "GQ" 1993
2 1994 26.2357142857143 0 0 0 "GQ" 1994
2 1995 25.2482142857143 0 0 0 "GQ" 1995
2 1996 25.9551724137931 0 0 0 "GQ" 1996
2 1997 26.2660714285714 0 0 0 "GQ" 1997
2 1998 26.5535714285714 0 0 0 "GQ" 1998
2 1999 26.4660714285714 0 0 0 "GQ" 1999
2 2000 26.4344827586207 0 0 0 "GQ" 2000
2 2001 26.7625 0 0 0 "GQ" 2001
2 2002 25.5928571428571 0 0 0 "GQ" 2002
3 1953 25.991935483871 0 0 0 "GQ" 1953
3 1954 26.4725806451613 0 0 0 "GQ" 1954
3 1955 25.9467741935484 0 0 0 "GQ" 1955
3 1956 25.1129032258065 0 0 0 "GQ" 1956
3 1957 25.4758064516129 0 0 0 "GQ" 1957
3 1958 25.4290322580645 0 0 0 "GQ" 1958
3 1959 25.5741935483871 0 0 0 "GQ" 1959
3 1960 25.0145161290323 0 0 0 "GQ" 1960
3 1961 25.8193548387097 0 0 0 "GQ" 1961
3 1962 26.1903225806452 0 0 0 "GQ" 1962
3 1963 25.5966666666667 0 0 0 "GQ" 1963
3 1964 25.2290322580645 0 0 0 "GQ" 1964
3 1965 25.8322580645161 0 0 0 "GQ" 1965
3 1966 25.1548387096774 0 0 0 "GQ" 1966
3 1967 25.2983870967742 0 0 0 "GQ" 1967
3 1968 25.8596774193548 0 0 0 "GQ" 1968
3 1969 26.2290322580645 0 0 0 "GQ" 1969
3 1970 26.9387096774194 0 0 0 "GQ" 1970
3 1971 25.8806451612903 0 0 0 "GQ" 1971
3 1972 25.4596774193548 0 0 0 "GQ" 1972
3 1973 25.9096774193548 0 0 0 "GQ" 1973
3 1974 25.5306451612903 0 0 0 "GQ" 1974
3 1975 26.2516129032258 0 0 0 "GQ" 1975
3 1976 26.25 0 0 0 "GQ" 1976
3 1977 25.4854838709677 0 0 0 "GQ" 1977
3 1978 25.8290322580645 0 0 0 "GQ" 1978
3 1979 25.9032258064516 0 0 0 "GQ" 1979
3 1980 26.1129032258065 0 0 0 "GQ" 1980
3 1981 26.5338709677419 0 0 0 "GQ" 1981
3 1982 25.5661290322581 0 0 0 "GQ" 1982
3 1983 25.9645161290323 0 0 0 "GQ" 1983
3 1984 27.9096774193548 0 0 0 "GQ" 1984
3 1985 26.1177419354839 0 0 0 "GQ" 1985
3 1986 26.4483870967742 0 0 0 "GQ" 1986
3 1987 26.4096774193548 0 0 0 "GQ" 1987
3 1988 27.0161290322581 0 0 0 "GQ" 1988
3 1989 26.7209677419355 0 0 0 "GQ" 1989
3 1990 25.7854838709677 0 0 0 "GQ" 1990
3 1991 26.6596774193548 0 0 0 "GQ" 1991
3 1992 26.1725806451613 0 0 0 "GQ" 1992
3 1993 26.0629032258065 0 0 0 "GQ" 1993
3 1994 26.3612903225806 0 0 0 "GQ" 1994
3 1995 25.6790322580645 0 0 0 "GQ" 1995
3 1996 26.6274193548387 0 0 0 "GQ" 1996
3 1997 26.2193548387097 0 0 0 "GQ" 1997
3 1998 26.8241935483871 0 0 0 "GQ" 1998
3 1999 27.3241935483871 0 0 0 "GQ" 1999
3 2000 26.7370967741935 0 0 0 "GQ" 2000
3 2001 26.95 0 0 0 "GQ" 2001
3 2002 27.0467741935484 0 0 0 "GQ" 2002
4 1953 26.83 0 0 0 "GQ" 1953
4 1954 26.9133333333333 0 0 0 "GQ" 1954
4 1955 25.9783333333333 0 0 0 "GQ" 1955
4 1956 25.7433333333333 0 0 0 "GQ" 1956
4 1957 26.22 0 0 0 "GQ" 1957
4 1958 26.35 0 0 0 "GQ" 1958
4 1959 26.1033333333333 0 0 0 "GQ" 1959
4 1960 26.115 0 0 0 "GQ" 1960
4 1961 26.5483333333333 0 0 0 "GQ" 1961
4 1962 26.1016666666667 0 0 0 "GQ" 1962
4 1963 25.7016666666667 0 0 0 "GQ" 1963
4 1964 25.8116666666667 0 0 0 "GQ" 1964
4 1965 26.1466666666667 0 0 0 "GQ" 1965
4 1966 26.09 0 0 0 "GQ" 1966
4 1967 25.38 0 0 0 "GQ" 1967
4 1968 25.9683333333333 0 0 0 "GQ" 1968
4 1969 26.4683333333333 0 0 0 "GQ" 1969
4 1970 27.3672413793103 0 0 0 "GQ" 1970
4 1971 26.3633333333333 0 0 0 "GQ" 1971
4 1972 25.6633333333333 0 0 0 "GQ" 1972
4 1973 26.56 0 0 0 "GQ" 1973
4 1974 27.1183333333333 0 0 0 "GQ" 1974
4 1975 26.77 0 0 0 "GQ" 1975
4 1976 25.3116666666667 0 0 0 "GQ" 1976
4 1977 25.505 0 0 0 "GQ" 1977
4 1978 26.1416666666667 0 0 0 "GQ" 1978
4 1979 25.9783333333333 0 0 0 "GQ" 1979
4 1980 26.9033333333333 0 0 0 "GQ" 1980
4 1981 27.6483333333333 0 0 0 "GQ" 1981
4 1982 26.63 0 0 0 "GQ" 1982
4 1983 27.2066666666667 0 0 0 "GQ" 1983
4 1984 29.055 0 0 0 "GQ" 1984
4 1985 26.6266666666667 0 0 0 "GQ" 1985
4 1986 26.8833333333333 0 0 0 "GQ" 1986
4 1987 26.23 0 0 0 "GQ" 1987
4 1988 27.575 0 0 0 "GQ" 1988
4 1989 26.745 0 0 0 "GQ" 1989
4 1990 26.555 0 0 0 "GQ" 1990
4 1991 27.4 0 0 0 "GQ" 1991
4 1992 26.4416666666667 0 0 0 "GQ" 1992
4 1993 26.9516666666667 0 0 0 "GQ" 1993
4 1994 27.0733333333333 0 0 0 "GQ" 1994
4 1995 26.5383333333333 0 0 0 "GQ" 1995
4 1996 27.3083333333333 0 0 0 "GQ" 1996
4 1997 26.8283333333333 0 0 0 "GQ" 1997
4 1998 27.4533333333333 0 0 0 "GQ" 1998
4 1999 27.435 0 0 0 "GQ" 1999
4 2000 27.665 0 0 0 "GQ" 2000
4 2001 28.1966666666667 0 0 0 "GQ" 2001
4 2002 27.4083333333333 0 0 0 "GQ" 2002
5 1953 27.4048387096774 0 0 0 "GQ" 1953
5 1954 27.0709677419355 0 0 0 "GQ" 1954
5 1955 26.308064516129 0 0 0 "GQ" 1955
5 1956 26.0451612903226 0 0 0 "GQ" 1956
5 1957 26.8048387096774 0 0 0 "GQ" 1957
5 1958 26.5145161290323 0 0 0 "GQ" 1958
5 1959 26.9129032258065 0 0 0 "GQ" 1959
5 1960 26.0709677419355 0 0 0 "GQ" 1960
5 1961 26.8032258064516 0 0 0 "GQ" 1961
5 1962 26.7629032258065 0 0 0 "GQ" 1962
5 1963 25.8645161290323 0 0 0 "GQ" 1963
5 1964 26.0387096774194 0 0 0 "GQ" 1964
5 1965 26.7387096774194 0 0 0 "GQ" 1965
5 1966 26.5306451612903 0 0 0 "GQ" 1966
5 1967 26.2596774193548 0 0 0 "GQ" 1967
5 1968 27.1822580645161 0 0 0 "GQ" 1968
5 1969 27.9758064516129 0 0 0 "GQ" 1969
5 1970 28.2887096774194 0 0 0 "GQ" 1970
5 1971 26.4725806451613 0 0 0 "GQ" 1971
5 1972 25.8064516129032 0 0 0 "GQ" 1972
5 1973 26.8370967741935 0 0 0 "GQ" 1973
5 1974 27.4564516129032 0 0 0 "GQ" 1974
5 1975 27.3548387096774 0 0 0 "GQ" 1975
5 1976 25.95 0 0 0 "GQ" 1976
5 1977 26.1225806451613 0 0 0 "GQ" 1977
5 1978 26.7709677419355 0 0 0 "GQ" 1978
5 1979 26.6209677419355 0 0 0 "GQ" 1979
5 1980 26.8806451612903 0 0 0 "GQ" 1980
5 1981 28.1629032258065 0 0 0 "GQ" 1981
5 1982 27.0209677419355 0 0 0 "GQ" 1982
5 1983 28.0129032258065 0 0 0 "GQ" 1983
5 1984 30.1258064516129 0 0 0 "GQ" 1984
5 1985 26.5967741935484 0 0 0 "GQ" 1985
5 1986 27.0129032258065 0 0 0 "GQ" 1986
5 1987 27.208064516129 0 0 0 "GQ" 1987
5 1988 28.0532258064516 0 0 0 "GQ" 1988
5 1989 27.4516129032258 0 0 0 "GQ" 1989
5 1990 27.4838709677419 0 0 0 "GQ" 1990
5 1991 27.758064516129 0 0 0 "GQ" 1991
5 1992 27.2016129032258 0 0 0 "GQ" 1992
5 1993 27.4806451612903 0 0 0 "GQ" 1993
5 1994 27.358064516129 0 0 0 "GQ" 1994
5 1995 27.4048387096774 0 0 0 "GQ" 1995
5 1996 27.9306451612903 0 0 0 "GQ" 1996
5 1997 27.5 0 0 0 "GQ" 1997
5 1998 28.2451612903226 0 0 0 "GQ" 1998
5 1999 27.6241935483871 0 0 0 "GQ" 1999
5 2000 27.3935483870968 0 0 0 "GQ" 2000
5 2001 28.4048387096774 0 0 0 "GQ" 2001
5 2002 27.8016129032258 0 0 0 "GQ" 2002
6 1953 27.9183333333333 0 0 0 "GQ" 1953
6 1954 27.1983333333333 0 0 0 "GQ" 1954
6 1955 26.4633333333333 0 0 0 "GQ" 1955
6 1956 26.5233333333333 0 0 0 "GQ" 1956
6 1957 27.2566666666667 0 0 0 "GQ" 1957
6 1958 26.51 0 0 0 "GQ" 1958
6 1959 27.9833333333333 0 0 0 "GQ" 1959
6 1960 26.225 0 0 0 "GQ" 1960
6 1961 26.6433333333333 0 0 0 "GQ" 1961
6 1962 26.4983333333333 0 0 0 "GQ" 1962
6 1963 26.2733333333333 0 0 0 "GQ" 1963
6 1964 26.93 0 0 0 "GQ" 1964
6 1965 26.3833333333333 0 0 0 "GQ" 1965
6 1966 26.9883333333333 0 0 0 "GQ" 1966
6 1967 26.2916666666667 0 0 0 "GQ" 1967
6 1968 27.2616666666667 0 0 0 "GQ" 1968
6 1969 27.9583333333333 0 0 0 "GQ" 1969
6 1970 28.6916666666667 0 0 0 "GQ" 1970
6 1971 26.1833333333333 0 0 0 "GQ" 1971
6 1972 26.0766666666667 0 0 0 "GQ" 1972
6 1973 27.055 0 0 0 "GQ" 1973
6 1974 26.9133333333333 0 0 0 "GQ" 1974
6 1975 27.795 0 0 0 "GQ" 1975
6 1976 26.4366666666667 0 0 0 "GQ" 1976
6 1977 26.9916666666667 0 0 0 "GQ" 1977
6 1978 25.935 0 0 0 "GQ" 1978
6 1979 27.5333333333333 0 0 0 "GQ" 1979
6 1980 27.3183333333333 0 0 0 "GQ" 1980
6 1981 27.5166666666667 0 0 0 "GQ" 1981
6 1982 26.9816666666667 0 0 0 "GQ" 1982
6 1983 28.8583333333333 0 0 0 "GQ" 1983
6 1984 28.235 0 0 0 "GQ" 1984
6 1985 26.765 0 0 0 "GQ" 1985
6 1986 27.2333333333333 0 0 0 "GQ" 1986
6 1987 28.5883333333333 0 0 0 "GQ" 1987
6 1988 27.5783333333333 0 0 0 "GQ" 1988
6 1989 27.065 0 0 0 "GQ" 1989
6 1990 28.1783333333333 0 0 0 "GQ" 1990
6 1991 27.8233333333333 0 0 0 "GQ" 1991
6 1992 28.0166666666667 0 0 0 "GQ" 1992
6 1993 28.005 0 0 0 "GQ" 1993
6 1994 27.9366666666667 0 0 0 "GQ" 1994
6 1995 27.5433333333333 0 0 0 "GQ" 1995
6 1996 28.095 0 0 0 "GQ" 1996
6 1997 27.895 0 0 0 "GQ" 1997
6 1998 27.995 0 0 0 "GQ" 1998
6 1999 27.2516666666667 0 0 0 "GQ" 1999
6 2000 28.0216666666667 0 0 0 "GQ" 2000
6 2001 28.4383333333333 0 0 0 "GQ" 2001
6 2002 28.2966666666667 0 0 0 "GQ" 2002
7 1953 27.2209677419355 0 0 0 "GQ" 1953
7 1954 27.3951612903226 0 0 0 "GQ" 1954
7 1955 26.3935483870968 0 0 0 "GQ" 1955
7 1956 26.2241935483871 0 0 0 "GQ" 1956
7 1957 27.0548387096774 0 0 0 "GQ" 1957
7 1958 26.6661290322581 0 0 0 "GQ" 1958
7 1959 27.6661290322581 0 0 0 "GQ" 1959
7 1960 26.3774193548387 0 0 0 "GQ" 1960
7 1961 26.5166666666667 0 0 0 "GQ" 1961
7 1962 26.3532258064516 0 0 0 "GQ" 1962
7 1963 25.7451612903226 0 0 0 "GQ" 1963
7 1964 26.2467741935484 0 0 0 "GQ" 1964
7 1965 26.3451612903226 0 0 0 "GQ" 1965
7 1966 26.7032258064516 0 0 0 "GQ" 1966
7 1967 26.9145161290323 0 0 0 "GQ" 1967
7 1968 27.1338709677419 0 0 0 "GQ" 1968
7 1969 27.1870967741935 0 0 0 "GQ" 1969
7 1970 28.0403225806452 0 0 0 "GQ" 1970
7 1971 25.6548387096774 0 0 0 "GQ" 1971
7 1972 25.5387096774194 0 0 0 "GQ" 1972
7 1973 26.7403225806452 0 0 0 "GQ" 1973
7 1974 27.0322580645161 0 0 0 "GQ" 1974
7 1975 26.4741935483871 0 0 0 "GQ" 1975
7 1976 26.7790322580645 0 0 0 "GQ" 1976
7 1977 26.9177419354839 0 0 0 "GQ" 1977
7 1978 27.208064516129 0 0 0 "GQ" 1978
7 1979 26.7790322580645 0 0 0 "GQ" 1979
7 1980 27.2612903225806 0 0 0 "GQ" 1980
7 1981 26.841935483871 0 0 0 "GQ" 1981
7 1982 26.6532258064516 0 0 0 "GQ" 1982
7 1983 27.6338709677419 0 0 0 "GQ" 1983
7 1984 28.4370967741935 0 0 0 "GQ" 1984
7 1985 26.6016129032258 0 0 0 "GQ" 1985
7 1986 26.8532258064516 0 0 0 "GQ" 1986
7 1987 27.0790322580645 0 0 0 "GQ" 1987
7 1988 27.458064516129 0 0 0 "GQ" 1988
7 1989 26.8741935483871 0 0 0 "GQ" 1989
7 1990 27.5774193548387 0 0 0 "GQ" 1990
7 1991 27.6016129032258 0 0 0 "GQ" 1991
7 1992 27.4112903225806 0 0 0 "GQ" 1992
7 1993 27.6322580645161 0 0 0 "GQ" 1993
7 1994 26.9112903225806 0 0 0 "GQ" 1994
7 1995 27.3064516129032 0 0 0 "GQ" 1995
7 1996 27.3467741935484 0 0 0 "GQ" 1996
7 1997 27.6241935483871 0 0 0 "GQ" 1997
7 1998 28.2096774193548 0 0 0 "GQ" 1998
7 1999 26.7983870967742 0 0 0 "GQ" 1999
7 2000 27.6241935483871 0 0 0 "GQ" 2000
7 2001 27.4548387096774 0 0 0 "GQ" 2001
7 2002 27.258064516129 0 0 0 "GQ" 2002
8 1953 26.1983870967742 0 0 0 "GQ" 1953
8 1954 26.891935483871 0 0 0 "GQ" 1954
8 1955 26.8241935483871 0 0 0 "GQ" 1955
8 1956 26.3870967741935 0 0 0 "GQ" 1956
8 1957 26.8161290322581 0 0 0 "GQ" 1957
8 1958 26.9612903225806 0 0 0 "GQ" 1958
8 1959 27.1423076923077 0 0 0 "GQ" 1959
8 1960 25.858064516129 0 0 0 "GQ" 1960
8 1961 25.9290322580645 0 0 0 "GQ" 1961
8 1962 26.291935483871 0 0 0 "GQ" 1962
8 1963 26.7241935483871 0 0 0 "GQ" 1963
8 1964 25.7193548387097 0 0 0 "GQ" 1964
8 1965 26.9467741935484 0 0 0 "GQ" 1965
8 1966 26.8806451612903 0 0 0 "GQ" 1966
8 1967 27.5112903225806 0 0 0 "GQ" 1967
8 1968 27.0774193548387 0 0 0 "GQ" 1968
8 1969 27.2725806451613 0 0 0 "GQ" 1969
8 1970 27.0854838709677 0 0 0 "GQ" 1970
8 1971 25.8387096774194 0 0 0 "GQ" 1971
8 1972 26.3596774193548 0 0 0 "GQ" 1972
8 1973 26.3967741935484 0 0 0 "GQ" 1973
8 1974 26.7854838709677 0 0 0 "GQ" 1974
8 1975 26.1612903225806 0 0 0 "GQ" 1975
8 1976 26.5435483870968 0 0 0 "GQ" 1976
8 1977 27.3306451612903 0 0 0 "GQ" 1977
8 1978 26.5725806451613 0 0 0 "GQ" 1978
8 1979 27.0838709677419 0 0 0 "GQ" 1979
8 1980 26.7516129032258 0 0 0 "GQ" 1980
8 1981 26.1838709677419 0 0 0 "GQ" 1981
8 1982 26.6903225806452 0 0 0 "GQ" 1982
8 1983 27.4516129032258 0 0 0 "GQ" 1983
8 1984 27.4629032258064 0 0 0 "GQ" 1984
8 1986 26.5612903225806 0 0 0 "GQ" 1986
8 1987 27.9774193548387 0 0 0 "GQ" 1987
8 1988 27.6693548387097 0 0 0 "GQ" 1988
8 1989 26.5306451612903 0 0 0 "GQ" 1989
8 1990 27.0416666666667 0 0 0 "GQ" 1990
8 1991 27.4177419354839 0 0 0 "GQ" 1991
8 1992 27.0793103448276 0 0 0 "GQ" 1992
8 1993 26.8741935483871 0 0 0 "GQ" 1993
8 1994 27.4967741935484 0 0 0 "GQ" 1994
8 1995 27.3983870967742 0 0 0 "GQ" 1995
8 1996 26.9887096774194 0 0 0 "GQ" 1996
8 1997 26.8838709677419 0 0 0 "GQ" 1997
8 1998 27.7483870967742 0 0 0 "GQ" 1998
8 1999 27.5709677419355 0 0 0 "GQ" 1999
8 2001 27.8016129032258 0 0 0 "GQ" 2001
8 2002 27.3048387096774 0 0 0 "GQ" 2002
9 1953 26.8966666666667 0 0 0 "GQ" 1953
9 1954 26.28 0 0 0 "GQ" 1954
9 1955 26.285 0 0 0 "GQ" 1955
9 1956 25.7783333333333 0 0 0 "GQ" 1956
9 1957 26.67 0 0 0 "GQ" 1957
9 1958 26.47 0 0 0 "GQ" 1958
9 1959 26.5875 0 0 0 "GQ" 1959
9 1960 26.115 0 0 0 "GQ" 1960
9 1961 26.1883333333333 0 0 0 "GQ" 1961
9 1962 26.24 0 0 0 "GQ" 1962
9 1963 26.37 0 0 0 "GQ" 1963
9 1964 25.7033333333333 0 0 0 "GQ" 1964
9 1965 26.4683333333333 0 0 0 "GQ" 1965
9 1966 26.075 0 0 0 "GQ" 1966
9 1967 26.6216666666667 0 0 0 "GQ" 1967
9 1968 26.6283333333333 0 0 0 "GQ" 1968
9 1969 27.5466666666667 0 0 0 "GQ" 1969
9 1970 26.4266666666667 0 0 0 "GQ" 1970
9 1971 26.245 0 0 0 "GQ" 1971
9 1972 26.73 0 0 0 "GQ" 1972
9 1973 27.1116666666667 0 0 0 "GQ" 1973
9 1974 26.635 0 0 0 "GQ" 1974
9 1975 27.0616666666667 0 0 0 "GQ" 1975
9 1976 26.9553571428571 0 0 0 "GQ" 1976
9 1977 26.4766666666667 0 0 0 "GQ" 1977
9 1978 27.0633333333333 0 0 0 "GQ" 1978
9 1979 27.2416666666667 0 0 0 "GQ" 1979
9 1980 26.4183333333333 0 0 0 "GQ" 1980
9 1981 27.05 0 0 0 "GQ" 1981
9 1982 26.405 0 0 0 "GQ" 1982
9 1983 28.7266666666667 0 0 0 "GQ" 1983
9 1984 27.0133333333333 0 0 0 "GQ" 1984
9 1985 26.545 0 0 0 "GQ" 1985
9 1986 27.195 0 0 0 "GQ" 1986
9 1987 28.855 0 0 0 "GQ" 1987
9 1988 27.8483333333333 0 0 0 "GQ" 1988
9 1989 26.6816666666667 0 0 0 "GQ" 1989
9 1990 26.8916666666667 0 0 0 "GQ" 1990
9 1991 27.1416666666667 0 0 0 "GQ" 1991
9 1992 27.31 0 0 0 "GQ" 1992
9 1994 26.8533333333333 0 0 0 "GQ" 1994
9 1995 27.8533333333333 0 0 0 "GQ" 1995
9 1996 26.9183333333333 0 0 0 "GQ" 1996
9 1997 27.665 0 0 0 "GQ" 1997
9 1998 27.3166666666667 0 0 0 "GQ" 1998
9 1999 26.6066666666667 0 0 0 "GQ" 1999
9 2000 27.3883333333333 0 0 0 "GQ" 2000
9 2001 27.555 0 0 0 "GQ" 2001
9 2002 27.5266666666667 0 0 0 "GQ" 2002
10 1953 27.2967741935484 0 0 0 "GQ" 1953
10 1954 26.4274193548387 0 0 0 "GQ" 1954
10 1955 26.3322580645161 0 0 0 "GQ" 1955
10 1956 26.1951612903226 0 0 0 "GQ" 1956
10 1957 26.3967741935484 0 0 0 "GQ" 1957
10 1958 26.9661290322581 0 0 0 "GQ" 1958
10 1959 27.1338709677419 0 0 0 "GQ" 1959
10 1960 25.841935483871 0 0 0 "GQ" 1960
10 1961 26.0532258064516 0 0 0 "GQ" 1961
10 1962 25.9467741935484 0 0 0 "GQ" 1962
10 1963 26.0758064516129 0 0 0 "GQ" 1963
10 1964 26.6338709677419 0 0 0 "GQ" 1964
10 1965 26.5145161290323 0 0 0 "GQ" 1965
10 1966 27.1838709677419 0 0 0 "GQ" 1966
10 1967 26.5112903225806 0 0 0 "GQ" 1967
10 1968 26.8677419354839 0 0 0 "GQ" 1968
10 1969 27.558064516129 0 0 0 "GQ" 1969
10 1970 26.7354838709677 0 0 0 "GQ" 1970
10 1971 26.3758064516129 0 0 0 "GQ" 1971
10 1972 26.9048387096774 0 0 0 "GQ" 1972
10 1973 27.208064516129 0 0 0 "GQ" 1973
10 1974 26.9370967741935 0 0 0 "GQ" 1974
10 1975 27.2048387096774 0 0 0 "GQ" 1975
10 1976 26.7822580645161 0 0 0 "GQ" 1976
10 1977 26.7403225806452 0 0 0 "GQ" 1977
10 1978 27.0048387096774 0 0 0 "GQ" 1978
10 1979 27.5032258064516 0 0 0 "GQ" 1979
10 1980 27.5306451612903 0 0 0 "GQ" 1980
10 1981 27.2564516129032 0 0 0 "GQ" 1981
10 1982 26.25 0 0 0 "GQ" 1982
10 1983 28.2661290322581 0 0 0 "GQ" 1983
10 1984 27.3306451612903 0 0 0 "GQ" 1984
10 1985 26.7967741935484 0 0 0 "GQ" 1985
10 1986 26.7596774193548 0 0 0 "GQ" 1986
10 1987 28.8451612903226 0 0 0 "GQ" 1987
10 1988 27.4225806451613 0 0 0 "GQ" 1988
10 1989 26.7064516129032 0 0 0 "GQ" 1989
10 1990 27.6322580645161 0 0 0 "GQ" 1990
10 1991 26.9435483870968 0 0 0 "GQ" 1991
10 1992 27.6741935483871 0 0 0 "GQ" 1992
10 1994 26.7532258064516 0 0 0 "GQ" 1994
10 1995 27.5887096774194 0 0 0 "GQ" 1995
10 1996 27.4016129032258 0 0 0 "GQ" 1996
10 1997 27.4645161290323 0 0 0 "GQ" 1997
10 1998 27.5709677419355 0 0 0 "GQ" 1998
10 1999 27.0193548387097 0 0 0 "GQ" 1999
10 2000 27.5709677419355 0 0 0 "GQ" 2000
10 2001 27.8016129032258 0 0 0 "GQ" 2001
10 2002 27.6403225806452 0 0 0 "GQ" 2002
11 1953 27.29 0 0 0 "GQ" 1953
11 1954 26.8716666666667 0 0 0 "GQ" 1954
11 1955 26.4616666666667 0 0 0 "GQ" 1955
11 1956 26.7566666666667 0 0 0 "GQ" 1956
11 1957 26.812962962963 0 0 0 "GQ" 1957
11 1958 26.6283333333333 0 0 0 "GQ" 1958
11 1959 27.0866666666667 0 0 0 "GQ" 1959
11 1960 26.0583333333333 0 0 0 "GQ" 1960
11 1961 26.055 0 0 0 "GQ" 1961
11 1962 26.8166666666667 0 0 0 "GQ" 1962
11 1963 26.2983333333333 0 0 0 "GQ" 1963
11 1964 26.9533333333333 0 0 0 "GQ" 1964
11 1965 27.1633333333333 0 0 0 "GQ" 1965
11 1966 27.5116666666667 0 0 0 "GQ" 1966
11 1967 26.4910714285714 0 0 0 "GQ" 1967
11 1968 26.4866666666667 0 0 0 "GQ" 1968
11 1969 28.12 0 0 0 "GQ" 1969
11 1970 26.7116666666667 0 0 0 "GQ" 1970
11 1971 26.3783333333333 0 0 0 "GQ" 1971
11 1972 26.4933333333333 0 0 0 "GQ" 1972
11 1973 27.8233333333333 0 0 0 "GQ" 1973
11 1974 27.265 0 0 0 "GQ" 1974
11 1975 26.9133333333333 0 0 0 "GQ" 1975
11 1976 27.1683333333333 0 0 0 "GQ" 1976
11 1977 26.7783333333333 0 0 0 "GQ" 1977
11 1978 25.96 0 0 0 "GQ" 1978
11 1979 27.405 0 0 0 "GQ" 1979
11 1980 27.6816666666667 0 0 0 "GQ" 1980
11 1981 27.0416666666667 0 0 0 "GQ" 1981
11 1982 26.5362068965517 0 0 0 "GQ" 1982
11 1983 27.19 0 0 0 "GQ" 1983
11 1984 27.54 0 0 0 "GQ" 1984
11 1985 27.0283333333333 0 0 0 "GQ" 1985
11 1986 26.945 0 0 0 "GQ" 1986
11 1987 28.1116666666667 0 0 0 "GQ" 1987
11 1989 26.785 0 0 0 "GQ" 1989
11 1990 27.3566666666667 0 0 0 "GQ" 1990
11 1991 26.9766666666667 0 0 0 "GQ" 1991
11 1992 26.8775862068966 0 0 0 "GQ" 1992
11 1993 27.2183333333333 0 0 0 "GQ" 1993
11 1994 26.6116666666667 0 0 0 "GQ" 1994
11 1995 27.4116666666667 0 0 0 "GQ" 1995
11 1996 26.91 0 0 0 "GQ" 1996
11 1997 26.785 0 0 0 "GQ" 1997
11 1998 27.3533333333333 0 0 0 "GQ" 1998
11 1999 27.105 0 0 0 "GQ" 1999
11 2000 27.885 0 0 0 "GQ" 2000
11 2001 27.4066666666667 0 0 0 "GQ" 2001
11 2002 27.6916666666667 0 0 0 "GQ" 2002
12 1953 26.6822580645161 0 0 0 "GQ" 1953
12 1954 26.4725806451613 0 0 0 "GQ" 1954
12 1955 25.8661290322581 0 0 0 "GQ" 1955
12 1956 25.8467741935484 0 0 0 "GQ" 1956
12 1957 25.9258064516129 0 0 0 "GQ" 1957
12 1958 26.1370967741935 0 0 0 "GQ" 1958
12 1960 25.9677419354839 0 0 0 "GQ" 1960
12 1961 25.9258064516129 0 0 0 "GQ" 1961
12 1962 25.4774193548387 0 0 0 "GQ" 1962
12 1963 25.9129032258065 0 0 0 "GQ" 1963
12 1964 26.4629032258065 0 0 0 "GQ" 1964
12 1965 26.3258064516129 0 0 0 "GQ" 1965
12 1966 27.65 0 0 0 "GQ" 1966
12 1967 26.041935483871 0 0 0 "GQ" 1967
12 1968 25.5322580645161 0 0 0 "GQ" 1968
12 1969 27.4354838709677 0 0 0 "GQ" 1969
12 1970 26.2677419354839 0 0 0 "GQ" 1970
12 1971 26.6354838709677 0 0 0 "GQ" 1971
12 1972 26.4016129032258 0 0 0 "GQ" 1972
12 1973 26.9403225806452 0 0 0 "GQ" 1973
12 1974 26.8790322580645 0 0 0 "GQ" 1974
12 1975 26.1677419354839 0 0 0 "GQ" 1975
12 1976 27.1612903225806 0 0 0 "GQ" 1976
12 1977 26.4951612903226 0 0 0 "GQ" 1977
12 1978 25.6322580645161 0 0 0 "GQ" 1978
12 1979 26.5532258064516 0 0 0 "GQ" 1979
12 1980 27.0661290322581 0 0 0 "GQ" 1980
12 1981 26.158064516129 0 0 0 "GQ" 1981
12 1982 25.858064516129 0 0 0 "GQ" 1982
12 1983 26.4854838709677 0 0 0 "GQ" 1983
12 1984 27.8032258064516 0 0 0 "GQ" 1984
12 1985 26.808064516129 0 0 0 "GQ" 1985
12 1986 25.5758064516129 0 0 0 "GQ" 1986
12 1987 27.0774193548387 0 0 0 "GQ" 1987
12 1988 27.9790322580645 0 0 0 "GQ" 1988
12 1989 26.9274193548387 0 0 0 "GQ" 1989
12 1992 26.1887096774194 0 0 0 "GQ" 1992
12 1993 26.6209677419355 0 0 0 "GQ" 1993
12 1994 25.991935483871 0 0 0 "GQ" 1994
12 1995 27.1129032258065 0 0 0 "GQ" 1995
12 1996 26.7983870967742 0 0 0 "GQ" 1996
12 1997 26.5838709677419 0 0 0 "GQ" 1997
12 1998 26.95 0 0 0 "GQ" 1998
12 1999 26.958064516129 0 0 0 "GQ" 1999
12 2000 27.3403225806452 0 0 0 "GQ" 2000
12 2001 26.6516129032258 0 0 0 "GQ" 2001
6 1963 28.8842105263158 0 0 0 "GQ" 1963
9 1964 29.34 0 0 0 "GQ" 1964
11 1964 28.6766666666667 0 0 0 "GQ" 1964
1 1954 32.1774193548387 0 0 0 "GQ" 1954
1 1955 26.2961538461538 0 0 0 "GQ" 1955
1 1956 24.8838709677419 0 0 0 "GQ" 1956
1 1957 25.341935483871 0 0 0 "GQ" 1957
1 1958 26.0261904761905 0 0 0 "GQ" 1958
2 1954 27.1267857142857 0 0 0 "GQ" 1954
2 1955 25.6796296296296 0 0 0 "GQ" 1955
2 1956 25.1810344827586 0 0 0 "GQ" 1956
2 1957 25.1267857142857 0 0 0 "GQ" 1957
2 1958 25.845 0 0 0 "GQ" 1958
3 1954 27.1548387096774 0 0 0 "GQ" 1954
3 1955 26.4177419354839 0 0 0 "GQ" 1955
3 1956 25.4145161290323 0 0 0 "GQ" 1956
3 1957 25.7677419354839 0 0 0 "GQ" 1957
3 1958 26.2083333333333 0 0 0 "GQ" 1958
4 1954 27.4516666666667 0 0 0 "GQ" 1954
4 1955 26.155 0 0 0 "GQ" 1955
4 1956 26.04 0 0 0 "GQ" 1956
4 1957 26.2566666666667 0 0 0 "GQ" 1957
4 1958 26.4545454545455 0 0 0 "GQ" 1958
5 1954 27.0676470588235 0 0 0 "GQ" 1954
5 1955 25.9290322580645 0 0 0 "GQ" 1955
5 1956 26.2193548387097 0 0 0 "GQ" 1956
5 1957 26.8322580645161 0 0 0 "GQ" 1957
5 1958 26.45 0 0 0 "GQ" 1958
6 1955 26.085 0 0 0 "GQ" 1955
6 1956 26.4233333333333 0 0 0 "GQ" 1956
6 1957 27.0216666666667 0 0 0 "GQ" 1957
7 1954 27.1666666666667 0 0 0 "GQ" 1954
7 1955 26.0612903225806 0 0 0 "GQ" 1955
7 1956 26.3032258064516 0 0 0 "GQ" 1956
7 1957 27.014 0 0 0 "GQ" 1957
8 1954 26.9564516129032 0 0 0 "GQ" 1954
8 1955 26.541935483871 0 0 0 "GQ" 1955
8 1956 26.6387096774194 0 0 0 "GQ" 1956
8 1957 27.1204545454545 0 0 0 "GQ" 1957
9 1954 26.6759259259259 0 0 0 "GQ" 1954
9 1955 26.4724137931034 0 0 0 "GQ" 1955
9 1956 26.075 0 0 0 "GQ" 1956
9 1957 27.2725 0 0 0 "GQ" 1957
10 1954 27.075 0 0 0 "GQ" 1954
10 1955 26.4048387096774 0 0 0 "GQ" 1955
10 1956 26.4790322580645 0 0 0 "GQ" 1956
10 1957 27.0478260869565 0 0 0 "GQ" 1957
11 1954 27.1383333333333 0 0 0 "GQ" 1954
11 1955 26.2516666666667 0 0 0 "GQ" 1955
11 1956 26.4316666666667 0 0 0 "GQ" 1956
11 1957 26.8147058823529 0 0 0 "GQ" 1957
12 1954 26.68 0 0 0 "GQ" 1954
12 1955 25.745 0 0 0 "GQ" 1955
12 1956 25.658064516129 0 0 0 "GQ" 1956
12 1957 26.6304347826087 0 0 0 "GQ" 1957
1 1979 25.4548387096774 0 0 0 "GQ" 1979
1 1980 26.0725806451613 0 0 0 "GQ" 1980
1 1981 27.048275862069 0 0 0 "GQ" 1981
1 1982 26.4612903225806 0 0 0 "GQ" 1982
1 1983 25.4016129032258 0 0 0 "GQ" 1983
1 1984 26.7403225806452 0 0 0 "GQ" 1984
1 1985 26.6129032258065 0 0 0 "GQ" 1985
1 1986 26.2032258064516 0 0 0 "GQ" 1986
1 1987 25.7241935483871 0 0 0 "GQ" 1987
1 1988 25.6274193548387 0 0 0 "GQ" 1988
1 1989 26.3983870967742 0 0 0 "GQ" 1989
1 1990 25.8322580645161 0 0 0 "GQ" 1990
1 1991 24.691935483871 0 0 0 "GQ" 1991
2 1979 25.9553571428571 0 0 0 "GQ" 1979
2 1980 25.6078947368421 0 0 0 "GQ" 1980
2 1981 26.3357142857143 0 0 0 "GQ" 1981
2 1982 25.9384615384615 0 0 0 "GQ" 1982
2 1983 25.1785714285714 0 0 0 "GQ" 1983
2 1984 26.601724137931 0 0 0 "GQ" 1984
2 1985 26.7392857142857 0 0 0 "GQ" 1985
2 1986 25.6892857142857 0 0 0 "GQ" 1986
2 1987 25.3446428571429 0 0 0 "GQ" 1987
2 1988 25.55 0 0 0 "GQ" 1988
2 1989 26.1696428571429 0 0 0 "GQ" 1989
2 1990 25.6321428571429 0 0 0 "GQ" 1990
2 1991 24.4625 0 0 0 "GQ" 1991
3 1979 25.8516666666667 0 0 0 "GQ" 1979
3 1980 26.7145161290323 0 0 0 "GQ" 1980
3 1981 26.4483870967742 0 0 0 "GQ" 1981
3 1982 26.5096774193548 0 0 0 "GQ" 1982
3 1983 25.7177419354839 0 0 0 "GQ" 1983
3 1984 26.6677419354839 0 0 0 "GQ" 1984
3 1985 26.541935483871 0 0 0 "GQ" 1985
3 1986 26.6193548387097 0 0 0 "GQ" 1986
3 1987 25.791935483871 0 0 0 "GQ" 1987
3 1988 26.1887096774194 0 0 0 "GQ" 1988
3 1989 26.2741935483871 0 0 0 "GQ" 1989
3 1990 25.7677419354839 0 0 0 "GQ" 1990
3 1991 25.5322580645161 0 0 0 "GQ" 1991
4 1979 26.4566666666667 0 0 0 "GQ" 1979
4 1980 26.0741379310345 0 0 0 "GQ" 1980
4 1981 26.8483333333333 0 0 0 "GQ" 1981
4 1982 26.4783333333333 0 0 0 "GQ" 1982
4 1983 26.7066666666667 0 0 0 "GQ" 1983
4 1984 27.2666666666667 0 0 0 "GQ" 1984
4 1985 27.11 0 0 0 "GQ" 1985
4 1986 26.4566666666667 0 0 0 "GQ" 1986
4 1987 25.9716666666667 0 0 0 "GQ" 1987
4 1988 26.3816666666667 0 0 0 "GQ" 1988
4 1989 26.6283333333333 0 0 0 "GQ" 1989
4 1990 26.29 0 0 0 "GQ" 1990
4 1991 26.1916666666667 0 0 0 "GQ" 1991
5 1979 26.558064516129 0 0 0 "GQ" 1979
5 1980 27.0977272727273 0 0 0 "GQ" 1980
5 1981 27.5935483870968 0 0 0 "GQ" 1981
5 1982 25.9596774193548 0 0 0 "GQ" 1982
5 1983 26.5645161290323 0 0 0 "GQ" 1983
5 1984 27.6064516129032 0 0 0 "GQ" 1984
5 1985 26.8241935483871 0 0 0 "GQ" 1985
5 1986 26.8129032258065 0 0 0 "GQ" 1986
5 1987 25.5822580645161 0 0 0 "GQ" 1987
5 1988 26.6564516129032 0 0 0 "GQ" 1988
5 1989 26.9048387096774 0 0 0 "GQ" 1989
5 1990 26.8774193548387 0 0 0 "GQ" 1990
5 1991 27.6322580645161 0 0 0 "GQ" 1991
6 1979 26.5583333333333 0 0 0 "GQ" 1979
6 1980 26.5783333333333 0 0 0 "GQ" 1980
6 1981 27.2183333333333 0 0 0 "GQ" 1981
6 1982 25.795 0 0 0 "GQ" 1982
6 1983 27.63 0 0 0 "GQ" 1983
6 1984 26.8933333333333 0 0 0 "GQ" 1984
6 1985 26.7633333333333 0 0 0 "GQ" 1985
6 1986 26.7983333333333 0 0 0 "GQ" 1986
6 1987 26.2116666666667 0 0 0 "GQ" 1987
6 1988 26.8133333333333 0 0 0 "GQ" 1988
6 1989 26.16 0 0 0 "GQ" 1989
6 1990 26.8983333333333 0 0 0 "GQ" 1990
6 1991 27.5833333333333 0 0 0 "GQ" 1991
7 1979 27.195652173913 0 0 0 "GQ" 1979
7 1980 26.7951612903226 0 0 0 "GQ" 1980
7 1981 26.818 0 0 0 "GQ" 1981
7 1982 26.3129032258065 0 0 0 "GQ" 1982
7 1983 27.7177419354839 0 0 0 "GQ" 1983
7 1984 26.9258064516129 0 0 0 "GQ" 1984
7 1985 26.7806451612903 0 0 0 "GQ" 1985
7 1986 26.3338709677419 0 0 0 "GQ" 1986
7 1987 26.1129032258065 0 0 0 "GQ" 1987
7 1989 26.6451612903226 0 0 0 "GQ" 1989
7 1990 26.9387096774194 0 0 0 "GQ" 1990
7 1991 27.8214285714286 0 0 0 "GQ" 1991
8 1978 26.488 0 0 0 "GQ" 1978
8 1979 26.5016129032258 0 0 0 "GQ" 1979
8 1980 27.0564516129032 0 0 0 "GQ" 1980
8 1981 26.9175 0 0 0 "GQ" 1981
8 1982 26.1677419354839 0 0 0 "GQ" 1982
8 1983 27.4370967741935 0 0 0 "GQ" 1983
8 1984 27.291935483871 0 0 0 "GQ" 1984
8 1985 26.6322580645161 0 0 0 "GQ" 1985
8 1986 26.2790322580645 0 0 0 "GQ" 1986
8 1987 26.3758064516129 0 0 0 "GQ" 1987
8 1988 26.8870967741935 0 0 0 "GQ" 1988
8 1989 26.2838709677419 0 0 0 "GQ" 1989
8 1990 26.3161290322581 0 0 0 "GQ" 1990
8 1991 27.3261904761905 0 0 0 "GQ" 1991
9 1978 27.2233333333333 0 0 0 "GQ" 1978
9 1979 26.9017857142857 0 0 0 "GQ" 1979
9 1980 26.8172413793103 0 0 0 "GQ" 1980
9 1981 27.0633333333333 0 0 0 "GQ" 1981
9 1982 26.1383333333333 0 0 0 "GQ" 1982
9 1983 27.6566666666667 0 0 0 "GQ" 1983
9 1984 27.2183333333333 0 0 0 "GQ" 1984
9 1985 26.545 0 0 0 "GQ" 1985
9 1986 26.925 0 0 0 "GQ" 1986
9 1987 26.5016666666667 0 0 0 "GQ" 1987
9 1988 26.9833333333333 0 0 0 "GQ" 1988
9 1989 26.5216666666667 0 0 0 "GQ" 1989
9 1990 26.2366666666667 0 0 0 "GQ" 1990
9 1991 27.1805555555556 0 0 0 "GQ" 1991
10 1978 27.182 0 0 0 "GQ" 1978
10 1979 26.9096774193548 0 0 0 "GQ" 1979
10 1980 27.0274193548387 0 0 0 "GQ" 1980
10 1981 27.132 0 0 0 "GQ" 1981
10 1982 26.0327586206897 0 0 0 "GQ" 1982
10 1983 27.7677419354839 0 0 0 "GQ" 1983
10 1984 27.3709677419355 0 0 0 "GQ" 1984
10 1985 26.3870967741935 0 0 0 "GQ" 1985
10 1986 26.4274193548387 0 0 0 "GQ" 1986
10 1987 26.5451612903226 0 0 0 "GQ" 1987
10 1988 26.7483870967742 0 0 0 "GQ" 1988
10 1990 26.8064516129032 0 0 0 "GQ" 1990
10 1991 27.0138888888889 0 0 0 "GQ" 1991
11 1978 26.1866666666667 0 0 0 "GQ" 1978
11 1979 27.2183333333333 0 0 0 "GQ" 1979
11 1980 26.6783333333333 0 0 0 "GQ" 1980
11 1981 27.8766666666667 0 0 0 "GQ" 1981
11 1982 26.1275862068966 0 0 0 "GQ" 1982
11 1983 27.6133333333333 0 0 0 "GQ" 1983
11 1984 27.2233333333333 0 0 0 "GQ" 1984
11 1985 26.8383333333333 0 0 0 "GQ" 1985
11 1986 26.685 0 0 0 "GQ" 1986
11 1987 26.41 0 0 0 "GQ" 1987
11 1988 27.125 0 0 0 "GQ" 1988
11 1989 26.5266666666667 0 0 0 "GQ" 1989
11 1990 26.2316666666667 0 0 0 "GQ" 1990
12 1978 25.7596774193548 0 0 0 "GQ" 1978
12 1979 26.6931034482759 0 0 0 "GQ" 1979
12 1980 26.4112903225806 0 0 0 "GQ" 1980
12 1981 27.9239130434783 0 0 0 "GQ" 1981
12 1982 26.2785714285714 0 0 0 "GQ" 1982
12 1983 27.2645161290323 0 0 0 "GQ" 1983
12 1984 26.4516129032258 0 0 0 "GQ" 1984
12 1985 26.3032258064516 0 0 0 "GQ" 1985
12 1986 26.2258064516129 0 0 0 "GQ" 1986
12 1987 26.3354838709677 0 0 0 "GQ" 1987
12 1988 27.1112903225806 0 0 0 "GQ" 1988
12 1989 26.1322580645161 0 0 0 "GQ" 1989
12 1990 25.9092592592593 0 0 0 "GQ" 1990
1 1972 25.55 0 0 0 "GQ" 1972
2 1977 26.4057692307692 0 0 0 "GQ" 1977
3 1977 26.558064516129 0 0 0 "GQ" 1977
4 1976 26.8033333333333 0 0 0 "GQ" 1976
7 1976 25.4295454545455 0 0 0 "GQ" 1976
12 1970 28.1 0 0 0 "GQ" 1970
1 1949 26.6725806451613 0 0 0 "GQ" 1949
2 1949 26.0660714285714 0 0 0 "GQ" 1949
3 1949 26.4193548387097 0 0 0 "GQ" 1949
4 1949 27.12 0 0 0 "GQ" 1949
5 1949 27.8258064516129 0 0 0 "GQ" 1949
6 1949 28.0466666666667 0 0 0 "GQ" 1949
7 1949 27.6338709677419 0 0 0 "GQ" 1949
8 1949 27.6016129032258 0 0 0 "GQ" 1949
9 1949 27.2673076923077 0 0 0 "GQ" 1949
6 1946 25.565 0 0 0 "GQ" 1946
7 1946 26.1693548387097 0 0 0 "GQ" 1946
8 1946 26.0983870967742 0 0 0 "GQ" 1946
10 1946 26.7983870967742 0 0 0 "GQ" 1946
12 1946 25.7216666666667 0 0 0 "GQ" 1946
1 1946 27.8555555555556 0 0 0 "GQ" 1946
2 1946 27.4696428571429 0 0 0 "GQ" 1946
6 1945 28.57 0 0 0 "GQ" 1945
7 1945 27.7677419354839 0 0 0 "GQ" 1945
7 1947 28.1387096774194 0 0 0 "GQ" 1947
8 1945 27.8741935483871 0 0 0 "GQ" 1945
8 1947 28.3725806451613 0 0 0 "GQ" 1947
9 1945 27.8551724137931 0 0 0 "GQ" 1945
9 1947 28.0291666666667 0 0 0 "GQ" 1947
10 1945 27.7725806451613 0 0 0 "GQ" 1945
10 1947 27.6583333333333 0 0 0 "GQ" 1947
11 1945 28.3810344827586 0 0 0 "GQ" 1945
12 1945 28.0166666666667 0 0 0 "GQ" 1945
1 1949 25.8516129032258 0 0 0 "GQ" 1949
1 1950 26.19 0 0 0 "GQ" 1950
1 1951 26.0741935483871 0 0 0 "GQ" 1951
1 1952 25.7129032258064 0 0 0 "GQ" 1952
1 1953 26.0177419354839 0 0 0 "GQ" 1953
1 1954 26.1661290322581 0 0 0 "GQ" 1954
1 1955 25.508064516129 0 0 0 "GQ" 1955
1 1956 24.7467741935484 0 0 0 "GQ" 1956
1 1957 25.4403225806452 0 0 0 "GQ" 1957
1 1958 25.0403225806452 0 0 0 "GQ" 1958
1 1959 25.2451612903226 0 0 0 "GQ" 1959
1 1960 25.5177419354839 0 0 0 "GQ" 1960
1 1961 25.0806451612903 0 0 0 "GQ" 1961
1 1962 25.9693548387097 0 0 0 "GQ" 1962
1 1963 24.9483870967742 0 0 0 "GQ" 1963
1 1964 25.4806451612903 0 0 0 "GQ" 1964
1 1965 25.7306451612903 0 0 0 "GQ" 1965
1 1966 25.4822580645161 0 0 0 "GQ" 1966
1 1967 27.3903225806452 0 0 0 "GQ" 1967
1 1968 25.3709677419355 0 0 0 "GQ" 1968
1 1969 24.841935483871 0 0 0 "GQ" 1969
1 1970 26.5758064516129 0 0 0 "GQ" 1970
2 1949 25.5482142857143 0 0 0 "GQ" 1949
2 1950 26.0857142857143 0 0 0 "GQ" 1950
2 1951 26.2303571428571 0 0 0 "GQ" 1951
2 1952 25.6362068965517 0 0 0 "GQ" 1952
2 1953 25.6017857142857 0 0 0 "GQ" 1953
2 1954 26.0803571428571 0 0 0 "GQ" 1954
2 1955 25.8160714285714 0 0 0 "GQ" 1955
2 1956 25.0068965517241 0 0 0 "GQ" 1956
2 1957 24.8946428571429 0 0 0 "GQ" 1957
2 1958 24.9446428571429 0 0 0 "GQ" 1958
2 1959 25.9178571428571 0 0 0 "GQ" 1959
2 1960 24.998275862069 0 0 0 "GQ" 1960
2 1961 25.85 0 0 0 "GQ" 1961
2 1962 25.1946428571429 0 0 0 "GQ" 1962
2 1963 24.8571428571429 0 0 0 "GQ" 1963
2 1964 24.9965517241379 0 0 0 "GQ" 1964
2 1965 25.8928571428571 0 0 0 "GQ" 1965
2 1966 25.7732142857143 0 0 0 "GQ" 1966
2 1967 26.5482142857143 0 0 0 "GQ" 1967
2 1968 25.2465517241379 0 0 0 "GQ" 1968
2 1969 24.7732142857143 0 0 0 "GQ" 1969
2 1970 26.6696428571429 0 0 0 "GQ" 1970
3 1949 26.1568965517241 0 0 0 "GQ" 1949
3 1950 26.3758064516129 0 0 0 "GQ" 1950
3 1951 26.15 0 0 0 "GQ" 1951
3 1952 25.5322580645161 0 0 0 "GQ" 1952
3 1953 25.9903225806452 0 0 0 "GQ" 1953
3 1954 26.4548387096774 0 0 0 "GQ" 1954
3 1955 25.9370967741935 0 0 0 "GQ" 1955
3 1956 25.1209677419355 0 0 0 "GQ" 1956
3 1957 25.4758064516129 0 0 0 "GQ" 1957
3 1958 25.4290322580645 0 0 0 "GQ" 1958
3 1959 25.4870967741935 0 0 0 "GQ" 1959
3 1960 25.0145161290323 0 0 0 "GQ" 1960
3 1961 25.8193548387097 0 0 0 "GQ" 1961
3 1962 26.1903225806452 0 0 0 "GQ" 1962
3 1963 25.6048387096774 0 0 0 "GQ" 1963
3 1964 25.2387096774194 0 0 0 "GQ" 1964
3 1965 25.8145161290323 0 0 0 "GQ" 1965
3 1966 25.1177419354839 0 0 0 "GQ" 1966
3 1967 25.2870967741935 0 0 0 "GQ" 1967
3 1968 25.9225806451613 0 0 0 "GQ" 1968
3 1969 26.1838709677419 0 0 0 "GQ" 1969
3 1970 26.9177419354839 0 0 0 "GQ" 1970
4 1949 26.595 0 0 0 "GQ" 1949
4 1950 27.2066666666667 0 0 0 "GQ" 1950
4 1951 26.5716666666667 0 0 0 "GQ" 1951
4 1952 26.38 0 0 0 "GQ" 1952
4 1953 26.84 0 0 0 "GQ" 1953
4 1954 26.92 0 0 0 "GQ" 1954
4 1955 26.0683333333333 0 0 0 "GQ" 1955
4 1956 25.7333333333333 0 0 0 "GQ" 1956
4 1957 26.2016666666667 0 0 0 "GQ" 1957
4 1958 26.3016666666667 0 0 0 "GQ" 1958
4 1959 26.1316666666667 0 0 0 "GQ" 1959
4 1960 26.0883333333333 0 0 0 "GQ" 1960
4 1961 26.5383333333333 0 0 0 "GQ" 1961
4 1962 26.0933333333333 0 0 0 "GQ" 1962
4 1963 25.7383333333333 0 0 0 "GQ" 1963
4 1964 25.765 0 0 0 "GQ" 1964
4 1965 26.1566666666667 0 0 0 "GQ" 1965
4 1966 26.0683333333333 0 0 0 "GQ" 1966
4 1967 25.4283333333333 0 0 0 "GQ" 1967
4 1968 25.9465517241379 0 0 0 "GQ" 1968
4 1969 26.5233333333333 0 0 0 "GQ" 1969
4 1970 27.3966666666667 0 0 0 "GQ" 1970
5 1949 27.0967741935484 0 0 0 "GQ" 1949
5 1950 27.2016129032258 0 0 0 "GQ" 1950
5 1951 26.7564516129032 0 0 0 "GQ" 1951
5 1952 26.8258064516129 0 0 0 "GQ" 1952
5 1953 27.4048387096774 0 0 0 "GQ" 1953
5 1954 27.091935483871 0 0 0 "GQ" 1954
5 1955 26.3258064516129 0 0 0 "GQ" 1955
5 1956 26.0096774193548 0 0 0 "GQ" 1956
5 1957 26.8048387096774 0 0 0 "GQ" 1957
5 1958 26.4870967741935 0 0 0 "GQ" 1958
5 1959 26.8854838709677 0 0 0 "GQ" 1959
5 1960 26.0612903225806 0 0 0 "GQ" 1960
5 1961 26.8032258064516 0 0 0 "GQ" 1961
5 1962 26.7129032258064 0 0 0 "GQ" 1962
5 1963 25.8645161290323 0 0 0 "GQ" 1963
5 1964 26.0129032258065 0 0 0 "GQ" 1964
5 1965 26.7564516129032 0 0 0 "GQ" 1965
5 1966 26.5145161290323 0 0 0 "GQ" 1966
5 1967 26.2516129032258 0 0 0 "GQ" 1967
5 1968 27.1838709677419 0 0 0 "GQ" 1968
5 1969 27.9838709677419 0 0 0 "GQ" 1969
5 1970 28.3145161290323 0 0 0 "GQ" 1970
6 1949 27.3766666666667 0 0 0 "GQ" 1949
6 1950 27.0633333333333 0 0 0 "GQ" 1950
6 1951 27.5233333333333 0 0 0 "GQ" 1951
6 1952 27.7066666666667 0 0 0 "GQ" 1952
6 1953 27.9016666666667 0 0 0 "GQ" 1953
6 1954 27.2266666666667 0 0 0 "GQ" 1954
6 1955 26.4533333333333 0 0 0 "GQ" 1955
6 1956 26.5233333333333 0 0 0 "GQ" 1956
6 1957 27.2566666666667 0 0 0 "GQ" 1957
6 1958 26.4916666666667 0 0 0 "GQ" 1958
6 1959 27.9916666666667 0 0 0 "GQ" 1959
6 1960 26.2833333333333 0 0 0 "GQ" 1960
6 1961 26.6516666666667 0 0 0 "GQ" 1961
6 1962 26.5083333333333 0 0 0 "GQ" 1962
6 1963 26.2733333333333 0 0 0 "GQ" 1963
6 1964 26.9383333333333 0 0 0 "GQ" 1964
6 1965 26.4016666666667 0 0 0 "GQ" 1965
6 1966 26.95 0 0 0 "GQ" 1966
6 1967 26.2516666666667 0 0 0 "GQ" 1967
6 1968 27.2616666666667 0 0 0 "GQ" 1968
6 1969 27.97 0 0 0 "GQ" 1969
6 1970 28.6816666666667 0 0 0 "GQ" 1970
7 1949 26.9016666666667 0 0 0 "GQ" 1949
7 1950 26.5516129032258 0 0 0 "GQ" 1950
7 1951 27.1290322580645 0 0 0 "GQ" 1951
7 1952 27.1274193548387 0 0 0 "GQ" 1952
7 1953 27.2209677419355 0 0 0 "GQ" 1953
7 1954 27.4129032258065 0 0 0 "GQ" 1954
7 1955 26.3935483870968 0 0 0 "GQ" 1955
7 1956 26.2677419354839 0 0 0 "GQ" 1956
7 1957 27.1354838709677 0 0 0 "GQ" 1957
7 1958 26.6467741935484 0 0 0 "GQ" 1958
7 1959 27.6096774193548 0 0 0 "GQ" 1959
7 1960 26.4161290322581 0 0 0 "GQ" 1960
7 1961 26.3306451612903 0 0 0 "GQ" 1961
7 1962 26.391935483871 0 0 0 "GQ" 1962
7 1963 25.7725806451613 0 0 0 "GQ" 1963
7 1964 26.208064516129 0 0 0 "GQ" 1964
7 1965 26.3709677419355 0 0 0 "GQ" 1965
7 1966 26.6854838709677 0 0 0 "GQ" 1966
7 1967 26.8887096774194 0 0 0 "GQ" 1967
7 1968 27.1209677419355 0 0 0 "GQ" 1968
7 1969 27.2290322580645 0 0 0 "GQ" 1969
7 1970 28.0838709677419 0 0 0 "GQ" 1970
8 1949 27.0112903225806 0 0 0 "GQ" 1949
8 1950 26.9903225806452 0 0 0 "GQ" 1950
8 1951 26.4983870967742 0 0 0 "GQ" 1951
8 1952 26.8241935483871 0 0 0 "GQ" 1952
8 1953 26.2161290322581 0 0 0 "GQ" 1953
8 1954 26.891935483871 0 0 0 "GQ" 1954
8 1955 26.7596774193548 0 0 0 "GQ" 1955
8 1956 26.3870967741935 0 0 0 "GQ" 1956
8 1957 26.7983870967742 0 0 0 "GQ" 1957
8 1958 26.9983870967742 0 0 0 "GQ" 1958
8 1959 26.8241935483871 0 0 0 "GQ" 1959
8 1960 25.9032258064516 0 0 0 "GQ" 1960
8 1961 25.9290322580645 0 0 0 "GQ" 1961
8 1962 26.3629032258065 0 0 0 "GQ" 1962
8 1963 26.6951612903226 0 0 0 "GQ" 1963
8 1964 25.6645161290323 0 0 0 "GQ" 1964
8 1965 26.9403225806452 0 0 0 "GQ" 1965
8 1966 26.8725806451613 0 0 0 "GQ" 1966
8 1967 27.4306451612903 0 0 0 "GQ" 1967
8 1968 27.0645161290323 0 0 0 "GQ" 1968
8 1969 27.2112903225806 0 0 0 "GQ" 1969
8 1970 27.0758064516129 0 0 0 "GQ" 1970
9 1949 26.4448275862069 0 0 0 "GQ" 1949
9 1950 26.5783333333333 0 0 0 "GQ" 1950
9 1951 27.62 0 0 0 "GQ" 1951
9 1952 26.8983333333333 0 0 0 "GQ" 1952
9 1953 26.8966666666667 0 0 0 "GQ" 1953
9 1954 26.2716666666667 0 0 0 "GQ" 1954
9 1955 26.275 0 0 0 "GQ" 1955
9 1956 25.7783333333333 0 0 0 "GQ" 1956
9 1957 26.6433333333333 0 0 0 "GQ" 1957
9 1958 26.4316666666667 0 0 0 "GQ" 1958
9 1959 26.5716666666667 0 0 0 "GQ" 1959
9 1960 26.115 0 0 0 "GQ" 1960
9 1961 26.18 0 0 0 "GQ" 1961
9 1962 26.3183333333333 0 0 0 "GQ" 1962
9 1963 26.36 0 0 0 "GQ" 1963
9 1964 25.7293103448276 0 0 0 "GQ" 1964
9 1965 26.4316666666667 0 0 0 "GQ" 1965
9 1966 26.1016666666667 0 0 0 "GQ" 1966
9 1967 26.6016666666667 0 0 0 "GQ" 1967
9 1968 26.6583333333333 0 0 0 "GQ" 1968
9 1969 27.5933333333333 0 0 0 "GQ" 1969
9 1970 26.4166666666667 0 0 0 "GQ" 1970
10 1949 26.9564516129032 0 0 0 "GQ" 1949
10 1950 26.6 0 0 0 "GQ" 1950
10 1951 27.3806451612903 0 0 0 "GQ" 1951
10 1952 26.6483870967742 0 0 0 "GQ" 1952
10 1953 27.2661290322581 0 0 0 "GQ" 1953
10 1954 26.4290322580645 0 0 0 "GQ" 1954
10 1955 26.3322580645161 0 0 0 "GQ" 1955
10 1956 26.18 0 0 0 "GQ" 1956
10 1957 26.3967741935484 0 0 0 "GQ" 1957
10 1958 26.9661290322581 0 0 0 "GQ" 1958
10 1959 27.1 0 0 0 "GQ" 1959
10 1960 25.8516129032258 0 0 0 "GQ" 1960
10 1961 26.0451612903226 0 0 0 "GQ" 1961
10 1962 25.9645161290323 0 0 0 "GQ" 1962
10 1963 26.0758064516129 0 0 0 "GQ" 1963
10 1964 26.6435483870968 0 0 0 "GQ" 1964
10 1965 26.4903225806452 0 0 0 "GQ" 1965
10 1966 27.1032258064516 0 0 0 "GQ" 1966
10 1967 26.491935483871 0 0 0 "GQ" 1967
10 1968 26.8967741935484 0 0 0 "GQ" 1968
10 1969 91.6017857142857 5 4 3 "GQ" 1969
10 1970 26.6790322580645 0 0 0 "GQ" 1970
11 1949 27.1232142857143 0 0 0 "GQ" 1949
11 1950 26.775 0 0 0 "GQ" 1950
11 1951 26.98 0 0 0 "GQ" 1951
11 1952 26.66 0 0 0 "GQ" 1952
11 1953 27.2716666666667 0 0 0 "GQ" 1953
11 1954 26.89 0 0 0 "GQ" 1954
11 1955 26.4516666666667 0 0 0 "GQ" 1955
11 1956 26.775 0 0 0 "GQ" 1956
11 1957 26.5981481481481 0 0 0 "GQ" 1957
11 1958 26.6383333333333 0 0 0 "GQ" 1958
11 1959 27.0866666666667 0 0 0 "GQ" 1959
11 1960 26.0583333333333 0 0 0 "GQ" 1960
11 1961 26.045 0 0 0 "GQ" 1961
11 1962 26.8166666666667 0 0 0 "GQ" 1962
11 1963 26.2983333333333 0 0 0 "GQ" 1963
11 1964 26.9083333333333 0 0 0 "GQ" 1964
11 1965 27.1516666666667 0 0 0 "GQ" 1965
11 1966 27.575 0 0 0 "GQ" 1966
11 1967 26.4821428571429 0 0 0 "GQ" 1967
11 1968 26.5033333333333 0 0 0 "GQ" 1968
11 1969 28.085 0 0 0 "GQ" 1969
11 1970 26.73 0 0 0 "GQ" 1970
12 1949 26.6693548387097 0 0 0 "GQ" 1949
12 1950 26.5612903225806 0 0 0 "GQ" 1950
12 1951 26.5758064516129 0 0 0 "GQ" 1951
12 1952 26.4677419354839 0 0 0 "GQ" 1952
12 1953 26.6548387096774 0 0 0 "GQ" 1953
12 1954 26.4822580645161 0 0 0 "GQ" 1954
12 1955 25.8758064516129 0 0 0 "GQ" 1955
12 1956 25.8387096774194 0 0 0 "GQ" 1956
12 1957 25.9258064516129 0 0 0 "GQ" 1957
12 1958 26.1370967741935 0 0 0 "GQ" 1958
12 1959 26.5548387096774 0 0 0 "GQ" 1959
12 1960 25.9677419354839 0 0 0 "GQ" 1960
12 1961 25.9258064516129 0 0 0 "GQ" 1961
12 1962 25.4693548387097 0 0 0 "GQ" 1962
12 1963 25.9129032258065 0 0 0 "GQ" 1963
12 1964 26.4532258064516 0 0 0 "GQ" 1964
12 1965 26.2290322580645 0 0 0 "GQ" 1965
12 1966 27.6145161290323 0 0 0 "GQ" 1966
12 1967 25.9967741935484 0 0 0 "GQ" 1967
12 1968 25.5306451612903 0 0 0 "GQ" 1968
12 1969 27.4709677419355 0 0 0 "GQ" 1969
12 1970 26.2790322580645 0 0 0 "GQ" 1970
1 1958 25.1967741935484 0 0 0 "GQ" 1958
1 1959 25.358064516129 0 0 0 "GQ" 1959
1 1960 25.3758064516129 0 0 0 "GQ" 1960
1 1961 25.8241935483871 0 0 0 "GQ" 1961
1 1962 25.1629032258065 0 0 0 "GQ" 1962
1 1963 24.6274193548387 0 0 0 "GQ" 1963
1 1964 25.5387096774194 0 0 0 "GQ" 1964
1 1965 24.9322580645161 0 0 0 "GQ" 1965
1 1966 24.9645161290323 0 0 0 "GQ" 1966
1 1967 25.2741935483871 0 0 0 "GQ" 1967
1 1968 25.1387096774194 0 0 0 "GQ" 1968
1 1969 24.9225806451613 0 0 0 "GQ" 1969
1 1970 24.9 0 0 0 "GQ" 1970
1 1971 25.5903225806452 0 0 0 "GQ" 1971
1 1972 24.8451612903226 0 0 0 "GQ" 1972
1 1973 24.1354838709677 0 0 0 "GQ" 1973
1 1974 25.2193548387097 0 0 0 "GQ" 1974
1 1975 25.4935483870968 0 0 0 "GQ" 1975
1 1976 24.4709677419355 0 0 0 "GQ" 1976
1 1977 24.6629032258065 0 0 0 "GQ" 1977
1 1978 24.8274193548387 0 0 0 "GQ" 1978
1 1979 25.2129032258064 0 0 0 "GQ" 1979
1 1980 24.6096774193548 0 0 0 "GQ" 1980
1 1981 25.6709677419355 0 0 0 "GQ" 1981
1 1982 25.1951612903226 0 0 0 "GQ" 1982
1 1983 23.908064516129 0 0 0 "GQ" 1983
1 1984 24.8629032258065 0 0 0 "GQ" 1984
1 1985 25.3612903225806 0 0 0 "GQ" 1985
1 1986 25.6177419354839 0 0 0 "GQ" 1986
1 1987 24.891935483871 0 0 0 "GQ" 1987
1 1988 25.9870967741935 0 0 0 "GQ" 1988
1 1989 26.4129032258065 0 0 0 "GQ" 1989
1 1990 25.9145161290323 0 0 0 "GQ" 1990
1 1991 25.4451612903226 0 0 0 "GQ" 1991
1 1992 25.5435483870968 0 0 0 "GQ" 1992
1 1993 25.6758064516129 0 0 0 "GQ" 1993
1 1994 25.8774193548387 0 0 0 "GQ" 1994
1 1995 24.9096774193548 0 0 0 "GQ" 1995
1 1996 26.7145161290323 0 0 0 "GQ" 1996
1 1997 26.7806451612903 0 0 0 "GQ" 1997
1 1998 27.1112903225806 0 0 0 "GQ" 1998
1 1999 27.4387096774194 0 0 0 "GQ" 1999
1 2000 26.6016129032258 0 0 0 "GQ" 2000
1 2001 27.3064516129032 0 0 0 "GQ" 2001
1 2002 26.7741935483871 0 0 0 "GQ" 2002
1 2003 26.6451612903226 0 0 0 "GQ" 2003
1 2004 26.8112903225806 0 0 0 "GQ" 2004
1 2005 26.5774193548387 0 0 0 "GQ" 2005
1 2006 27.1596774193548 0 0 0 "GQ" 2006
1 2007 27.1177419354839 0 0 0 "GQ" 2007
1 2008 27.6612903225806 0 0 0 "GQ" 2008
1 2009 27.4161290322581 0 0 0 "GQ" 2009
1 2010 26.9306451612903 0 0 0 "GQ" 2010
1 2011 27.6 0 0 0 "GQ" 2011
1 2012 26.6274193548387 0 0 0 "GQ" 2012
1 2013 26.7241935483871 0 0 0 "GQ" 2013
1 2014 27.2032258064516 0 0 0 "GQ" 2014
1 2015 27.4467741935484 0 0 0 "GQ" 2015
1 2016 27.2741935483871 0 0 0 "GQ" 2016
1 2017 27.5661290322581 0 0 0 "GQ" 2017
1 2018 28.0467741935484 0 0 0 "GQ" 2018
1 2019 27.51 0 0 0 "GQ" 2019
2 1958 24.8071428571429 0 0 0 "GQ" 1958
2 1959 25.5696428571429 0 0 0 "GQ" 1959
2 1960 25.8465517241379 0 0 0 "GQ" 1960
2 1961 26.1410714285714 0 0 0 "GQ" 1961
2 1962 25.2839285714286 0 0 0 "GQ" 1962
2 1963 25.2232142857143 0 0 0 "GQ" 1963
2 1964 25.198275862069 0 0 0 "GQ" 1964
2 1965 25.1946428571429 0 0 0 "GQ" 1965
2 1966 24.9678571428571 0 0 0 "GQ" 1966
2 1967 24.775 0 0 0 "GQ" 1967
2 1968 24.1758620689655 0 0 0 "GQ" 1968
2 1969 24.5214285714286 0 0 0 "GQ" 1969
2 1970 25.3982142857143 0 0 0 "GQ" 1970
2 1971 25.5732142857143 0 0 0 "GQ" 1971
2 1972 24.6965517241379 0 0 0 "GQ" 1972
2 1973 24.9517857142857 0 0 0 "GQ" 1973
2 1974 25.9125 0 0 0 "GQ" 1974
2 1975 25.2446428571429 0 0 0 "GQ" 1975
2 1976 24.7862068965517 0 0 0 "GQ" 1976
2 1977 24.9660714285714 0 0 0 "GQ" 1977
2 1978 24.7839285714286 0 0 0 "GQ" 1978
2 1979 25.0142857142857 0 0 0 "GQ" 1979
2 1980 25.2120689655172 0 0 0 "GQ" 1980
2 1981 24.9553571428571 0 0 0 "GQ" 1981
2 1982 24.8464285714286 0 0 0 "GQ" 1982
2 1983 23.9142857142857 0 0 0 "GQ" 1983
2 1984 24.5534482758621 0 0 0 "GQ" 1984
2 1985 25.6803571428571 0 0 0 "GQ" 1985
2 1986 24.9339285714286 0 0 0 "GQ" 1986
2 1987 24.9196428571429 0 0 0 "GQ" 1987
2 1988 25.8034482758621 0 0 0 "GQ" 1988
2 1989 25.6696428571429 0 0 0 "GQ" 1989
2 1990 25.6428571428571 0 0 0 "GQ" 1990
2 1991 25.4035714285714 0 0 0 "GQ" 1991
2 1992 25.25 0 0 0 "GQ" 1992
2 1993 25.2660714285714 0 0 0 "GQ" 1993
2 1994 25.6660714285714 0 0 0 "GQ" 1994
2 1995 24.7446428571429 0 0 0 "GQ" 1995
2 1996 26.4137931034483 0 0 0 "GQ" 1996
2 1997 27.1982142857143 0 0 0 "GQ" 1997
2 1998 26.7642857142857 0 0 0 "GQ" 1998
2 1999 27.0607142857143 0 0 0 "GQ" 1999
2 2000 27.1086206896552 0 0 0 "GQ" 2000
2 2001 27.1732142857143 0 0 0 "GQ" 2001
2 2002 26.7607142857143 0 0 0 "GQ" 2002
2 2003 26.3696428571429 0 0 0 "GQ" 2003
2 2004 27.0896551724138 0 0 0 "GQ" 2004
2 2005 26.4303571428571 0 0 0 "GQ" 2005
2 2006 27.4785714285714 0 0 0 "GQ" 2006
2 2007 26.9 0 0 0 "GQ" 2007
2 2008 27.4655172413793 0 0 0 "GQ" 2008
2 2009 27.7232142857143 0 0 0 "GQ" 2009
2 2010 26.9642857142857 0 0 0 "GQ" 2010
2 2011 27.0410714285714 0 0 0 "GQ" 2011
2 2012 27.0948275862069 0 0 0 "GQ" 2012
2 2013 26.6625 0 0 0 "GQ" 2013
2 2014 27.0625 0 0 0 "GQ" 2014
2 2015 26.8875 0 0 0 "GQ" 2015
2 2016 27.0810344827586 0 0 0 "GQ" 2016
2 2017 27.4178571428571 0 0 0 "GQ" 2017
2 2018 27.8767857142857 0 0 0 "GQ" 2018
3 1957 25.2283333333333 0 0 0 "GQ" 1957
3 1958 25.3612903225806 0 0 0 "GQ" 1958
3 1959 25.4741935483871 0 0 0 "GQ" 1959
3 1960 25.4790322580645 0 0 0 "GQ" 1960
3 1961 25.9935483870968 0 0 0 "GQ" 1961
3 1962 26.2306451612903 0 0 0 "GQ" 1962
3 1963 25.5758064516129 0 0 0 "GQ" 1963
3 1964 25.4193548387097 0 0 0 "GQ" 1964
3 1965 24.6596774193548 0 0 0 "GQ" 1965
3 1966 25.2870967741935 0 0 0 "GQ" 1966
3 1967 24.4096774193548 0 0 0 "GQ" 1967
3 1968 25.4725806451613 0 0 0 "GQ" 1968
3 1969 25.35 0 0 0 "GQ" 1969
3 1970 25.9306451612903 0 0 0 "GQ" 1970
3 1971 25.7983870967742 0 0 0 "GQ" 1971
3 1972 25.1532258064516 0 0 0 "GQ" 1972
3 1973 25.6806451612903 0 0 0 "GQ" 1973
3 1974 25.2870967741936 0 0 0 "GQ" 1974
3 1975 25.0854838709677 0 0 0 "GQ" 1975
3 1976 25.208064516129 0 0 0 "GQ" 1976
3 1977 25.3548387096774 0 0 0 "GQ" 1977
3 1978 25.6274193548387 0 0 0 "GQ" 1978
3 1979 25.3887096774194 0 0 0 "GQ" 1979
3 1980 25.3096774193548 0 0 0 "GQ" 1980
3 1981 25.5483870967742 0 0 0 "GQ" 1981
3 1982 25.1887096774194 0 0 0 "GQ" 1982
3 1983 24.2193548387097 0 0 0 "GQ" 1983
3 1984 25.3225806451613 0 0 0 "GQ" 1984
3 1985 25.9967741935484 0 0 0 "GQ" 1985
3 1986 25.7967741935484 0 0 0 "GQ" 1986
3 1987 25.3677419354839 0 0 0 "GQ" 1987
3 1988 26.5645161290323 0 0 0 "GQ" 1988
3 1989 25.3887096774194 0 0 0 "GQ" 1989
3 1990 25.658064516129 0 0 0 "GQ" 1990
3 1991 25.9322580645161 0 0 0 "GQ" 1991
3 1992 25.9145161290323 0 0 0 "GQ" 1992
3 1993 26.0854838709677 0 0 0 "GQ" 1993
3 1994 26.541935483871 0 0 0 "GQ" 1994
3 1995 26.4483870967742 0 0 0 "GQ" 1995
3 1996 27.0177419354839 0 0 0 "GQ" 1996
3 1997 26.8467741935484 0 0 0 "GQ" 1997
3 1998 26.5145161290323 0 0 0 "GQ" 1998
3 1999 27.9887096774194 0 0 0 "GQ" 1999
3 2000 27.6612903225806 0 0 0 "GQ" 2000
3 2001 27.4225806451613 0 0 0 "GQ" 2001
3 2002 27.6564516129032 0 0 0 "GQ" 2002
3 2003 27.0096774193548 0 0 0 "GQ" 2003
3 2004 27.5145161290323 0 0 0 "GQ" 2004
3 2005 27.4338709677419 0 0 0 "GQ" 2005
3 2006 27.4661290322581 0 0 0 "GQ" 2006
3 2007 26.9838709677419 0 0 0 "GQ" 2007
3 2008 27.3774193548387 0 0 0 "GQ" 2008
3 2009 27.141935483871 0 0 0 "GQ" 2009
3 2010 27.3903225806452 0 0 0 "GQ" 2010
3 2011 27.7935483870968 0 0 0 "GQ" 2011
3 2012 27.3903225806452 0 0 0 "GQ" 2012
3 2013 28.5435483870968 0 0 0 "GQ" 2013
3 2014 27.6161290322581 0 0 0 "GQ" 2014
3 2015 27.2258064516129 0 0 0 "GQ" 2015
3 2016 27.4596774193548 0 0 0 "GQ" 2016
3 2017 27.6983870967742 0 0 0 "GQ" 2017
3 2018 28.0032258064516 0 0 0 "GQ" 2018
4 1957 26.0783333333333 0 0 0 "GQ" 1957
4 1958 26.4733333333333 0 0 0 "GQ" 1958
4 1959 26.1066666666667 0 0 0 "GQ" 1959
4 1960 27.3366666666667 0 0 0 "GQ" 1960
4 1961 26.3333333333333 0 0 0 "GQ" 1961
4 1962 25.8 0 0 0 "GQ" 1962
4 1963 25.9155172413793 0 0 0 "GQ" 1963
4 1964 26.23 0 0 0 "GQ" 1964
4 1965 25.5983333333333 0 0 0 "GQ" 1965
4 1966 26.6483333333333 0 0 0 "GQ" 1966
4 1967 25.555 0 0 0 "GQ" 1967
4 1968 25.115 0 0 0 "GQ" 1968
4 1969 26.5833333333333 0 0 0 "GQ" 1969
4 1970 26.0916666666667 0 0 0 "GQ" 1970
4 1971 26.4633333333333 0 0 0 "GQ" 1971
4 1972 25.385 0 0 0 "GQ" 1972
4 1973 26.4233333333333 0 0 0 "GQ" 1973
4 1974 26.1333333333333 0 0 0 "GQ" 1974
4 1975 26.1983333333333 0 0 0 "GQ" 1975
4 1976 25.7883333333333 0 0 0 "GQ" 1976
4 1977 25.6883333333333 0 0 0 "GQ" 1977
4 1978 26.5483333333333 0 0 0 "GQ" 1978
4 1979 26.05 0 0 0 "GQ" 1979
4 1980 26.2183333333333 0 0 0 "GQ" 1980
4 1981 26.2888888888889 0 0 0 "GQ" 1981
4 1982 25.9383333333333 0 0 0 "GQ" 1982
4 1983 25.35 0 0 0 "GQ" 1983
4 1984 26.1333333333333 0 0 0 "GQ" 1984
4 1985 26.025 0 0 0 "GQ" 1985
4 1986 26.3383333333333 0 0 0 "GQ" 1986
4 1987 26.2116666666667 0 0 0 "GQ" 1987
4 1988 26.5933333333333 0 0 0 "GQ" 1988
4 1989 26.5183333333333 0 0 0 "GQ" 1989
4 1990 26.355 0 0 0 "GQ" 1990
4 1991 26.8016666666667 0 0 0 "GQ" 1991
4 1992 25.9633333333333 0 0 0 "GQ" 1992
4 1993 27.3716666666667 0 0 0 "GQ" 1993
4 1994 27.23 0 0 0 "GQ" 1994
4 1995 27.3216666666667 0 0 0 "GQ" 1995
4 1996 27.4466666666667 0 0 0 "GQ" 1996
4 1997 27.3933333333333 0 0 0 "GQ" 1997
4 1998 27.58 0 0 0 "GQ" 1998
4 1999 28.035 0 0 0 "GQ" 1999
4 2000 28.1866666666667 0 0 0 "GQ" 2000
4 2001 28.475 0 0 0 "GQ" 2001
4 2002 27.7383333333333 0 0 0 "GQ" 2002
4 2003 27.9283333333333 0 0 0 "GQ" 2003
4 2004 28.2833333333333 0 0 0 "GQ" 2004
4 2005 27.85 0 0 0 "GQ" 2005
4 2006 28.0116666666667 0 0 0 "GQ" 2006
4 2007 28.1816666666667 0 0 0 "GQ" 2007
4 2008 28.3583333333333 0 0 0 "GQ" 2008
4 2009 28.1533333333333 0 0 0 "GQ" 2009
4 2010 27.925 0 0 0 "GQ" 2010
4 2011 28.1683333333333 0 0 0 "GQ" 2011
4 2012 28.225 0 0 0 "GQ" 2012
4 2013 29.1733333333333 0 0 0 "GQ" 2013
4 2014 28.58 0 0 0 "GQ" 2014
4 2015 27.62 0 0 0 "GQ" 2015
4 2016 28.8216666666667 0 0 0 "GQ" 2016
4 2017 28.325 0 0 0 "GQ" 2017
4 2018 28.5683333333333 0 0 0 "GQ" 2018
5 1957 26.4225806451613 0 0 0 "GQ" 1957
5 1958 26.6677419354839 0 0 0 "GQ" 1958
5 1959 26.7209677419355 0 0 0 "GQ" 1959
5 1960 26.5870967741935 0 0 0 "GQ" 1960
5 1961 26.8387096774194 0 0 0 "GQ" 1961
5 1962 26.5951612903226 0 0 0 "GQ" 1962
5 1963 26.2064516129032 0 0 0 "GQ" 1963
5 1964 26.2693548387097 0 0 0 "GQ" 1964
5 1965 26.9629032258065 0 0 0 "GQ" 1965
5 1966 26.608064516129 0 0 0 "GQ" 1966
5 1967 26.2677419354839 0 0 0 "GQ" 1967
5 1968 25.8661290322581 0 0 0 "GQ" 1968
5 1969 26.7854838709677 0 0 0 "GQ" 1969
5 1970 26.5548387096774 0 0 0 "GQ" 1970
5 1971 26.4564516129032 0 0 0 "GQ" 1971
5 1972 26.0806451612903 0 0 0 "GQ" 1972
5 1973 26.7241935483871 0 0 0 "GQ" 1973
5 1974 26.4387096774194 0 0 0 "GQ" 1974
5 1975 26.3145161290323 0 0 0 "GQ" 1975
5 1976 26.1403225806452 0 0 0 "GQ" 1976
5 1977 26.058064516129 0 0 0 "GQ" 1977
5 1978 27.2306451612903 0 0 0 "GQ" 1978
5 1979 26.7645161290323 0 0 0 "GQ" 1979
5 1980 26.3725806451613 0 0 0 "GQ" 1980
5 1981 26.7258064516129 0 0 0 "GQ" 1981
5 1982 26.4161290322581 0 0 0 "GQ" 1982
5 1983 26.3016129032258 0 0 0 "GQ" 1983
5 1984 26.591935483871 0 0 0 "GQ" 1984
5 1985 25.8645161290323 0 0 0 "GQ" 1985
5 1986 26.2403225806452 0 0 0 "GQ" 1986
5 1987 26.5193548387097 0 0 0 "GQ" 1987
5 1988 27.2290322580645 0 0 0 "GQ" 1988
5 1989 27.0387096774194 0 0 0 "GQ" 1989
5 1990 27.0225806451613 0 0 0 "GQ" 1990
5 1991 27.0741935483871 0 0 0 "GQ" 1991
5 1992 26.5564516129032 0 0 0 "GQ" 1992
5 1993 27.7564516129032 0 0 0 "GQ" 1993
5 1994 27.4354838709677 0 0 0 "GQ" 1994
5 1995 27.8112903225806 0 0 0 "GQ" 1995
5 1996 28.2483870967742 0 0 0 "GQ" 1996
5 1997 27.9870967741935 0 0 0 "GQ" 1997
5 1998 28.3516129032258 0 0 0 "GQ" 1998
5 1999 28.0983870967742 0 0 0 "GQ" 1999
5 2000 28.0838709677419 0 0 0 "GQ" 2000
5 2001 28.7758064516129 0 0 0 "GQ" 2001
5 2002 28.3870967741935 0 0 0 "GQ" 2002
5 2003 28.0032258064516 0 0 0 "GQ" 2003
5 2004 28.4854838709677 0 0 0 "GQ" 2004
5 2005 28.0370967741936 0 0 0 "GQ" 2005
5 2006 28.2612903225806 0 0 0 "GQ" 2006
5 2007 28.0854838709677 0 0 0 "GQ" 2007
5 2008 28.2354838709677 0 0 0 "GQ" 2008
5 2009 28.4774193548387 0 0 0 "GQ" 2009
5 2010 28.9790322580645 0 0 0 "GQ" 2010
5 2011 28.8741935483871 0 0 0 "GQ" 2011
5 2012 28.4145161290323 0 0 0 "GQ" 2012
5 2013 29.5693548387097 0 0 0 "GQ" 2013
5 2014 28.9241935483871 0 0 0 "GQ" 2014
5 2015 27.8983870967742 0 0 0 "GQ" 2015
5 2016 29.3870967741935 0 0 0 "GQ" 2016
5 2017 29.0822580645161 0 0 0 "GQ" 2017
5 2018 29.2064516129032 0 0 0 "GQ" 2018
6 1957 26.9366666666667 0 0 0 "GQ" 1957
6 1958 26.4333333333333 0 0 0 "GQ" 1958
6 1959 26.9616666666667 0 0 0 "GQ" 1959
6 1960 26.6583333333333 0 0 0 "GQ" 1960
6 1961 26.5833333333333 0 0 0 "GQ" 1961
6 1962 26.07 0 0 0 "GQ" 1962
6 1963 26.5883333333333 0 0 0 "GQ" 1963
6 1964 26.6683333333333 0 0 0 "GQ" 1964
6 1965 26.285 0 0 0 "GQ" 1965
6 1966 26.8666666666667 0 0 0 "GQ" 1966
6 1967 26.415 0 0 0 "GQ" 1967
6 1968 26.1866666666667 0 0 0 "GQ" 1968
6 1969 27.07 0 0 0 "GQ" 1969
6 1970 26.74 0 0 0 "GQ" 1970
6 1971 26.41 0 0 0 "GQ" 1971
6 1972 26.3116666666667 0 0 0 "GQ" 1972
6 1973 26.76 0 0 0 "GQ" 1973
6 1974 26.1266666666667 0 0 0 "GQ" 1974
6 1975 27.155 0 0 0 "GQ" 1975
6 1976 26.3533333333333 0 0 0 "GQ" 1976
6 1977 26.7333333333333 0 0 0 "GQ" 1977
6 1978 26.6116666666667 0 0 0 "GQ" 1978
6 1979 27.2833333333333 0 0 0 "GQ" 1979
6 1980 26.44 0 0 0 "GQ" 1980
6 1981 26.725 0 0 0 "GQ" 1981
6 1982 26.45 0 0 0 "GQ" 1982
6 1983 27.0566666666667 0 0 0 "GQ" 1983
6 1984 26.315 0 0 0 "GQ" 1984
6 1985 25.9933333333333 0 0 0 "GQ" 1985
6 1986 26.6083333333333 0 0 0 "GQ" 1986
6 1987 27.34 0 0 0 "GQ" 1987
6 1988 26.6016666666667 0 0 0 "GQ" 1988
6 1989 26.4533333333333 0 0 0 "GQ" 1989
6 1990 27.1683333333333 0 0 0 "GQ" 1990
6 1991 27.22 0 0 0 "GQ" 1991
6 1992 27.405 0 0 0 "GQ" 1992
6 1993 27.6 0 0 0 "GQ" 1993
6 1994 27.575 0 0 0 "GQ" 1994
6 1995 27.885 0 0 0 "GQ" 1995
6 1996 28.425 0 0 0 "GQ" 1996
6 1997 27.84 0 0 0 "GQ" 1997
6 1998 28.2066666666667 0 0 0 "GQ" 1998
6 1999 27.5483333333333 0 0 0 "GQ" 1999
6 2000 27.9433333333333 0 0 0 "GQ" 2000
6 2001 28.2166666666667 0 0 0 "GQ" 2001
6 2002 28.6816666666667 0 0 0 "GQ" 2002
6 2003 27.6416666666667 0 0 0 "GQ" 2003
6 2004 27.6583333333333 0 0 0 "GQ" 2004
6 2005 28.2883333333333 0 0 0 "GQ" 2005
6 2006 28.63 0 0 0 "GQ" 2006
6 2007 28.8416666666667 0 0 0 "GQ" 2007
6 2008 28.1483333333333 0 0 0 "GQ" 2008
6 2009 28.5266666666667 0 0 0 "GQ" 2009
6 2010 29.0783333333333 0 0 0 "GQ" 2010
6 2011 29.1033333333333 0 0 0 "GQ" 2011
6 2012 28.47 0 0 0 "GQ" 2012
6 2013 29.64 0 0 0 "GQ" 2013
6 2014 29.0516666666667 0 0 0 "GQ" 2014
6 2015 28.39 0 0 0 "GQ" 2015
6 2016 29.8566666666667 0 0 0 "GQ" 2016
6 2017 28.885 0 0 0 "GQ" 2017
6 2018 28.8 0 0 0 "GQ" 2018
7 1957 26.4145161290323 0 0 0 "GQ" 1957
7 1958 26.208064516129 0 0 0 "GQ" 1958
7 1959 26.7129032258065 0 0 0 "GQ" 1959
7 1960 26.5209677419355 0 0 0 "GQ" 1960
7 1961 25.9967741935484 0 0 0 "GQ" 1961
7 1962 26.4112903225806 0 0 0 "GQ" 1962
7 1963 26.1516129032258 0 0 0 "GQ" 1963
7 1964 26.0903225806452 0 0 0 "GQ" 1964
7 1965 25.8887096774194 0 0 0 "GQ" 1965
7 1966 26.9887096774194 0 0 0 "GQ" 1966
7 1967 26.1532258064516 0 0 0 "GQ" 1967
7 1968 26.3306451612903 0 0 0 "GQ" 1968
7 1969 26.7112903225806 0 0 0 "GQ" 1969
7 1970 26.058064516129 0 0 0 "GQ" 1970
7 1971 25.8741935483871 0 0 0 "GQ" 1971
7 1972 26.2290322580645 0 0 0 "GQ" 1972
7 1973 26.6225806451613 0 0 0 "GQ" 1973
7 1974 25.8338709677419 0 0 0 "GQ" 1974
7 1975 25.7564516129032 0 0 0 "GQ" 1975
7 1976 26.3241935483871 0 0 0 "GQ" 1976
7 1977 26.6725806451613 0 0 0 "GQ" 1977
7 1978 26.508064516129 0 0 0 "GQ" 1978
7 1979 26.4854838709677 0 0 0 "GQ" 1979
7 1980 26.3935483870968 0 0 0 "GQ" 1980
7 1981 26.3403225806452 0 0 0 "GQ" 1981
7 1982 25.9693548387097 0 0 0 "GQ" 1982
7 1983 27.0806451612903 0 0 0 "GQ" 1983
7 1984 25.9806451612903 0 0 0 "GQ" 1984
7 1985 26.0645161290323 0 0 0 "GQ" 1985
7 1986 26.0741935483871 0 0 0 "GQ" 1986
7 1987 26.3870967741935 0 0 0 "GQ" 1987
7 1988 26.3435483870968 0 0 0 "GQ" 1988
7 1989 26.3903225806452 0 0 0 "GQ" 1989
7 1990 26.7822580645161 0 0 0 "GQ" 1990
7 1991 27.0241935483871 0 0 0 "GQ" 1991
7 1992 26.9322580645161 0 0 0 "GQ" 1992
7 1993 27.4096774193548 0 0 0 "GQ" 1993
7 1994 26.6403225806452 0 0 0 "GQ" 1994
7 1995 27.5983870967742 0 0 0 "GQ" 1995
7 1996 27.75 0 0 0 "GQ" 1996
7 1997 28.3612903225806 0 0 0 "GQ" 1997
7 1998 28.3435483870968 0 0 0 "GQ" 1998
7 1999 27.158064516129 0 0 0 "GQ" 1999
7 2000 27.4951612903226 0 0 0 "GQ" 2000
7 2001 27.2403225806452 0 0 0 "GQ" 2001
7 2002 27.5435483870968 0 0 0 "GQ" 2002
7 2003 28.0064516129032 0 0 0 "GQ" 2003
7 2004 27.5774193548387 0 0 0 "GQ" 2004
7 2005 28.058064516129 0 0 0 "GQ" 2005
7 2006 27.1564516129032 0 0 0 "GQ" 2006
7 2007 28.3241935483871 0 0 0 "GQ" 2007
7 2008 27.4854838709677 0 0 0 "GQ" 2008
7 2009 28.158064516129 0 0 0 "GQ" 2009
7 2010 28.0758064516129 0 0 0 "GQ" 2010
7 2011 28.158064516129 0 0 0 "GQ" 2011
7 2012 28.0112903225806 0 0 0 "GQ" 2012
7 2013 29.5629032258065 0 0 0 "GQ" 2013
7 2014 27.7532258064516 0 0 0 "GQ" 2014
7 2015 27.5338709677419 0 0 0 "GQ" 2015
7 2016 28.8225806451613 0 0 0 "GQ" 2016
7 2017 28.5387096774194 0 0 0 "GQ" 2017
7 2018 28.6983870967742 0 0 0 "GQ" 2018
8 1957 26.3354838709677 0 0 0 "GQ" 1957
8 1958 26.7290322580645 0 0 0 "GQ" 1958
8 1959 26.1241935483871 0 0 0 "GQ" 1959
8 1960 26.1967741935484 0 0 0 "GQ" 1960
8 1961 25.6677419354839 0 0 0 "GQ" 1961
8 1962 26.0516129032258 0 0 0 "GQ" 1962
8 1963 27.0225806451613 0 0 0 "GQ" 1963
8 1964 25.9403225806452 0 0 0 "GQ" 1964
8 1965 25.9629032258065 0 0 0 "GQ" 1965
8 1966 26.1822580645161 0 0 0 "GQ" 1966
8 1967 25.9854838709677 0 0 0 "GQ" 1967
8 1968 26.3741935483871 0 0 0 "GQ" 1968
8 1969 26.1354838709677 0 0 0 "GQ" 1969
8 1970 26.0870967741935 0 0 0 "GQ" 1970
8 1971 25.6032258064516 0 0 0 "GQ" 1971
8 1972 25.9645161290323 0 0 0 "GQ" 1972
8 1973 26.3629032258065 0 0 0 "GQ" 1973
8 1974 26.0209677419355 0 0 0 "GQ" 1974
8 1975 25.5258064516129 0 0 0 "GQ" 1975
8 1976 26.1306451612903 0 0 0 "GQ" 1976
8 1977 26.6854838709677 0 0 0 "GQ" 1977
8 1978 26.1596774193548 0 0 0 "GQ" 1978
8 1979 25.9774193548387 0 0 0 "GQ" 1979
8 1980 26.7338709677419 0 0 0 "GQ" 1980
8 1981 26.0790322580645 0 0 0 "GQ" 1981
8 1982 25.8983870967742 0 0 0 "GQ" 1982
8 1983 25.8306451612903 0 0 0 "GQ" 1983
8 1984 25.6209677419355 0 0 0 "GQ" 1984
8 1985 25.8032258064516 0 0 0 "GQ" 1985
8 1986 26.4935483870968 0 0 0 "GQ" 1986
8 1987 26.6338709677419 0 0 0 "GQ" 1987
8 1988 26.6403225806452 0 0 0 "GQ" 1988
8 1989 26.341935483871 0 0 0 "GQ" 1989
8 1990 26.4387096774194 0 0 0 "GQ" 1990
8 1991 26.95 0 0 0 "GQ" 1991
8 1992 26.3290322580645 0 0 0 "GQ" 1992
8 1993 26.3629032258065 0 0 0 "GQ" 1993
8 1994 26.7112903225806 0 0 0 "GQ" 1994
8 1995 27.6096774193548 0 0 0 "GQ" 1995
8 1996 27.6064516129032 0 0 0 "GQ" 1996
8 1997 27.2322580645161 0 0 0 "GQ" 1997
8 1998 27.9967741935484 0 0 0 "GQ" 1998
8 1999 27.8516129032258 0 0 0 "GQ" 1999
8 2000 27.2629032258065 0 0 0 "GQ" 2000
8 2001 27.55 0 0 0 "GQ" 2001
8 2002 27.5741935483871 0 0 0 "GQ" 2002
8 2003 28.0322580645161 0 0 0 "GQ" 2003
8 2004 26.9564516129032 0 0 0 "GQ" 2004
8 2005 27.241935483871 0 0 0 "GQ" 2005
8 2006 27.2903225806452 0 0 0 "GQ" 2006
8 2007 27.3338709677419 0 0 0 "GQ" 2007
8 2008 27.3258064516129 0 0 0 "GQ" 2008
8 2009 27.7354838709677 0 0 0 "GQ" 2009
8 2010 27.5177419354839 0 0 0 "GQ" 2010
8 2011 27.4241935483871 0 0 0 "GQ" 2011
8 2012 27.3241935483871 0 0 0 "GQ" 2012
8 2013 28.1209677419355 0 0 0 "GQ" 2013
8 2014 27.8854838709677 0 0 0 "GQ" 2014
8 2015 27.391935483871 0 0 0 "GQ" 2015
8 2016 28.1838709677419 0 0 0 "GQ" 2016
8 2017 28.1774193548387 0 0 0 "GQ" 2017
8 2018 28.1758064516129 0 0 0 "GQ" 2018
9 1957 26.4866666666667 0 0 0 "GQ" 1957
9 1958 26.2833333333333 0 0 0 "GQ" 1958
9 1959 26.2533333333333 0 0 0 "GQ" 1959
9 1960 26.4916666666667 0 0 0 "GQ" 1960
9 1961 25.85 0 0 0 "GQ" 1961
9 1962 26.2383333333333 0 0 0 "GQ" 1962
9 1963 26.63 0 0 0 "GQ" 1963
9 1964 25.9166666666667 0 0 0 "GQ" 1964
9 1965 25.9433333333333 0 0 0 "GQ" 1965
9 1966 26.0416666666667 0 0 0 "GQ" 1966
9 1967 26.0633333333333 0 0 0 "GQ" 1967
9 1968 25.82 0 0 0 "GQ" 1968
9 1969 26.5366666666667 0 0 0 "GQ" 1969
9 1970 26.1383333333333 0 0 0 "GQ" 1970
9 1971 26.1333333333333 0 0 0 "GQ" 1971
9 1972 26.3233333333333 0 0 0 "GQ" 1972
9 1973 26.3216666666667 0 0 0 "GQ" 1973
9 1974 26.1416666666667 0 0 0 "GQ" 1974
9 1975 26.0083333333333 0 0 0 "GQ" 1975
9 1976 25.8433333333333 0 0 0 "GQ" 1976
9 1977 26.1066666666667 0 0 0 "GQ" 1977
9 1978 26.5033333333333 0 0 0 "GQ" 1978
9 1979 26.0466666666667 0 0 0 "GQ" 1979
9 1980 26.3016666666667 0 0 0 "GQ" 1980
9 1981 26.495 0 0 0 "GQ" 1981
9 1982 25.8766666666667 0 0 0 "GQ" 1982
9 1983 26.6016666666667 0 0 0 "GQ" 1983
9 1984 25.7416666666667 0 0 0 "GQ" 1984
9 1985 26.0566666666667 0 0 0 "GQ" 1985
9 1986 26.3383333333333 0 0 0 "GQ" 1986
9 1987 26.9283333333333 0 0 0 "GQ" 1987
9 1988 26.5 0 0 0 "GQ" 1988
9 1989 26.155 0 0 0 "GQ" 1989
9 1990 26.225 0 0 0 "GQ" 1990
9 1991 26.64 0 0 0 "GQ" 1991
9 1992 26.9966666666667 0 0 0 "GQ" 1992
9 1993 26.575 0 0 0 "GQ" 1993
9 1994 26.405 0 0 0 "GQ" 1994
9 1995 27.5433333333333 0 0 0 "GQ" 1995
9 1996 27.3 0 0 0 "GQ" 1996
9 1997 27.7833333333333 0 0 0 "GQ" 1997
9 1998 27.3516666666667 0 0 0 "GQ" 1998
9 1999 27.1083333333333 0 0 0 "GQ" 1999
9 2000 26.885 0 0 0 "GQ" 2000
9 2001 27.365 0 0 0 "GQ" 2001
9 2002 27.48 0 0 0 "GQ" 2002
9 2003 27.4633333333333 0 0 0 "GQ" 2003
9 2004 27.8716666666667 0 0 0 "GQ" 2004
9 2005 27.1666666666667 0 0 0 "GQ" 2005
9 2006 27.8983333333333 0 0 0 "GQ" 2006
9 2007 27.6083333333333 0 0 0 "GQ" 2007
9 2008 27.3016666666667 0 0 0 "GQ" 2008
9 2009 27.845 0 0 0 "GQ" 2009
9 2010 27.1933333333333 0 0 0 "GQ" 2010
9 2011 27.2516666666667 0 0 0 "GQ" 2011
9 2012 28.005 0 0 0 "GQ" 2012
9 2013 27.6133333333333 0 0 0 "GQ" 2013
9 2014 28.005 0 0 0 "GQ" 2014
9 2015 27.78 0 0 0 "GQ" 2015
9 2016 28.8416666666667 0 0 0 "GQ" 2016
9 2017 28.0216666666667 0 0 0 "GQ" 2017
9 2018 28.2516666666667 0 0 0 "GQ" 2018
10 1957 26.0709677419355 0 0 0 "GQ" 1957
10 1958 26.8129032258065 0 0 0 "GQ" 1958
10 1959 26.358064516129 0 0 0 "GQ" 1959
10 1960 26.0870967741935 0 0 0 "GQ" 1960
10 1961 26.0048387096774 0 0 0 "GQ" 1961
10 1962 26.3016129032258 0 0 0 "GQ" 1962
10 1963 26.1016129032258 0 0 0 "GQ" 1963
10 1964 26.0951612903226 0 0 0 "GQ" 1964
10 1965 25.8258064516129 0 0 0 "GQ" 1965
10 1966 26.1596774193548 0 0 0 "GQ" 1966
10 1967 25.4677419354839 0 0 0 "GQ" 1967
10 1968 25.7661290322581 0 0 0 "GQ" 1968
10 1969 25.9338709677419 0 0 0 "GQ" 1969
10 1970 26.3887096774194 0 0 0 "GQ" 1970
10 1971 26.0193548387097 0 0 0 "GQ" 1971
10 1972 26.2096774193548 0 0 0 "GQ" 1972
10 1973 25.9564516129032 0 0 0 "GQ" 1973
10 1974 26.5145161290323 0 0 0 "GQ" 1974
10 1975 25.9725806451613 0 0 0 "GQ" 1975
10 1976 26.3677419354839 0 0 0 "GQ" 1976
10 1977 26.0758064516129 0 0 0 "GQ" 1977
10 1978 26.4645161290323 0 0 0 "GQ" 1978
10 1979 26.2161290322581 0 0 0 "GQ" 1979
10 1980 26.5193548387097 0 0 0 "GQ" 1980
10 1981 26.5548387096774 0 0 0 "GQ" 1981
10 1982 25.2483870967742 0 0 0 "GQ" 1982
10 1983 26.7209677419355 0 0 0 "GQ" 1983
10 1984 26.4612903225806 0 0 0 "GQ" 1984
10 1985 26.0193548387097 0 0 0 "GQ" 1985
10 1986 26.3774193548387 0 0 0 "GQ" 1986
10 1987 26.4758064516129 0 0 0 "GQ" 1987
10 1988 26.3241935483871 0 0 0 "GQ" 1988
10 1989 26.241935483871 0 0 0 "GQ" 1989
10 1990 26.6290322580645 0 0 0 "GQ" 1990
10 1991 26.4145161290323 0 0 0 "GQ" 1991
10 1992 26.6758064516129 0 0 0 "GQ" 1992
10 1993 26.408064516129 0 0 0 "GQ" 1993
10 1994 25.8629032258065 0 0 0 "GQ" 1994
10 1995 27.2532258064516 0 0 0 "GQ" 1995
10 1996 27.8032258064516 0 0 0 "GQ" 1996
10 1997 27.7967741935484 0 0 0 "GQ" 1997
10 1998 28.1032258064516 0 0 0 "GQ" 1998
10 1999 27.8854838709677 0 0 0 "GQ" 1999
10 2000 27.6806451612903 0 0 0 "GQ" 2000
10 2001 27.9870967741935 0 0 0 "GQ" 2001
10 2002 28.0274193548387 0 0 0 "GQ" 2002
10 2003 28.1258064516129 0 0 0 "GQ" 2003
10 2004 28.1016129032258 0 0 0 "GQ" 2004
10 2005 27.3370967741935 0 0 0 "GQ" 2005
10 2006 26.95 0 0 0 "GQ" 2006
10 2007 27.7629032258065 0 0 0 "GQ" 2007
10 2008 28.0483870967742 0 0 0 "GQ" 2008
10 2009 27.7177419354839 0 0 0 "GQ" 2009
10 2010 27.9612903225806 0 0 0 "GQ" 2010
10 2011 27.2064516129032 0 0 0 "GQ" 2011
10 2012 27.7193548387097 0 0 0 "GQ" 2012
10 2013 27.4467741935484 0 0 0 "GQ" 2013
10 2014 27.7322580645161 0 0 0 "GQ" 2014
10 2015 28.2903225806452 0 0 0 "GQ" 2015
10 2016 28.8516129032258 0 0 0 "GQ" 2016
10 2017 27.7629032258065 0 0 0 "GQ" 2017
10 2018 28.7903225806452 0 0 0 "GQ" 2018
11 1957 25.62 0 0 0 "GQ" 1957
11 1958 26.5333333333333 0 0 0 "GQ" 1958
11 1959 26.6316666666667 0 0 0 "GQ" 1959
11 1960 26.7116666666667 0 0 0 "GQ" 1960
11 1961 25.46 0 0 0 "GQ" 1961
11 1962 26.5803571428571 0 0 0 "GQ" 1962
11 1963 26.445 0 0 0 "GQ" 1963
11 1964 26.21 0 0 0 "GQ" 1964
11 1965 25.9116666666667 0 0 0 "GQ" 1965
11 1966 26.1433333333333 0 0 0 "GQ" 1966
11 1967 26.29 0 0 0 "GQ" 1967
11 1968 25.5433333333333 0 0 0 "GQ" 1968
11 1969 26.6433333333333 0 0 0 "GQ" 1969
11 1970 26.43 0 0 0 "GQ" 1970
11 1971 26.1716666666667 0 0 0 "GQ" 1971
11 1972 26.3283333333333 0 0 0 "GQ" 1972
11 1973 26.3783333333333 0 0 0 "GQ" 1973
11 1974 26.36 0 0 0 "GQ" 1974
11 1975 25.6916666666667 0 0 0 "GQ" 1975
11 1976 25.985 0 0 0 "GQ" 1976
11 1977 26.2116666666667 0 0 0 "GQ" 1977
11 1978 25.9983333333333 0 0 0 "GQ" 1978
11 1979 26.02 0 0 0 "GQ" 1979
11 1980 26.8433333333333 0 0 0 "GQ" 1980
11 1981 26.2666666666667 0 0 0 "GQ" 1981
11 1982 25.8066666666667 0 0 0 "GQ" 1982
11 1983 26.1 0 0 0 "GQ" 1983
11 1984 26.0316666666667 0 0 0 "GQ" 1984
11 1985 26.2383333333333 0 0 0 "GQ" 1985
11 1986 26.685 0 0 0 "GQ" 1986
11 1987 26.37 0 0 0 "GQ" 1987
11 1988 26.7266666666667 0 0 0 "GQ" 1988
11 1989 26.315 0 0 0 "GQ" 1989
11 1990 26.355 0 0 0 "GQ" 1990
11 1991 26.395 0 0 0 "GQ" 1991
11 1992 26.405 0 0 0 "GQ" 1992
11 1993 26.8916666666667 0 0 0 "GQ" 1993
11 1994 26.3 0 0 0 "GQ" 1994
11 1995 27.77 0 0 0 "GQ" 1995
11 1996 27.2766666666667 0 0 0 "GQ" 1996
11 1997 27.2816666666667 0 0 0 "GQ" 1997
11 1998 28.1416666666667 0 0 0 "GQ" 1998
11 1999 27.76 0 0 0 "GQ" 1999
11 2000 28.3133333333333 0 0 0 "GQ" 2000
11 2001 27.2383333333333 0 0 0 "GQ" 2001
11 2002 28.045 0 0 0 "GQ" 2002
11 2003 27.895 0 0 0 "GQ" 2003
11 2004 27.9433333333333 0 0 0 "GQ" 2004
11 2005 28.1333333333333 0 0 0 "GQ" 2005
11 2006 27.665 0 0 0 "GQ" 2006
11 2007 27.845 0 0 0 "GQ" 2007
11 2008 28.5833333333333 0 0 0 "GQ" 2008
11 2009 28.3 0 0 0 "GQ" 2009
11 2010 28.595 0 0 0 "GQ" 2010
11 2011 27.6483333333333 0 0 0 "GQ" 2011
11 2012 28.5333333333333 0 0 0 "GQ" 2012
11 2013 28.2616666666667 0 0 0 "GQ" 2013
11 2014 28.51 0 0 0 "GQ" 2014
11 2015 28.93 0 0 0 "GQ" 2015
11 2016 29.005 0 0 0 "GQ" 2016
11 2017 28.6666666666667 0 0 0 "GQ" 2017
11 2018 28.9083333333333 0 0 0 "GQ" 2018
12 1957 25.6725806451613 0 0 0 "GQ" 1957
12 1958 25.8870967741935 0 0 0 "GQ" 1958
12 1959 26.2951612903226 0 0 0 "GQ" 1959
12 1960 26.1225806451613 0 0 0 "GQ" 1960
12 1961 25.96 0 0 0 "GQ" 1961
12 1962 25.8951612903226 0 0 0 "GQ" 1962
12 1963 25.9596774193548 0 0 0 "GQ" 1963
12 1964 25.5306451612903 0 0 0 "GQ" 1964
12 1965 25.6612903225806 0 0 0 "GQ" 1965
12 1966 25.9274193548387 0 0 0 "GQ" 1966
12 1967 24.8354838709677 0 0 0 "GQ" 1967
12 1968 25.3677419354839 0 0 0 "GQ" 1968
12 1969 26.258064516129 0 0 0 "GQ" 1969
12 1970 26.0645161290323 0 0 0 "GQ" 1970
12 1971 26.2161290322581 0 0 0 "GQ" 1971
12 1972 25.6741935483871 0 0 0 "GQ" 1972
12 1973 26.0564516129032 0 0 0 "GQ" 1973
12 1974 25.9209677419355 0 0 0 "GQ" 1974
12 1975 25.6677419354839 0 0 0 "GQ" 1975
12 1976 25.3225806451613 0 0 0 "GQ" 1976
12 1977 25.841935483871 0 0 0 "GQ" 1977
12 1978 25.5806451612903 0 0 0 "GQ" 1978
12 1979 25.5129032258065 0 0 0 "GQ" 1979
12 1980 25.5403225806452 0 0 0 "GQ" 1980
12 1981 26.1258064516129 0 0 0 "GQ" 1981
12 1982 25.1758064516129 0 0 0 "GQ" 1982
12 1983 25.5483870967742 0 0 0 "GQ" 1983
12 1984 25.8387096774194 0 0 0 "GQ" 1984
12 1985 25.8290322580645 0 0 0 "GQ" 1985
12 1986 25.6322580645161 0 0 0 "GQ" 1986
12 1987 26.5596774193548 0 0 0 "GQ" 1987
12 1988 26.5193548387097 0 0 0 "GQ" 1988
12 1989 26.3709677419355 0 0 0 "GQ" 1989
12 1990 25.8822580645161 0 0 0 "GQ" 1990
12 1991 25.7306451612903 0 0 0 "GQ" 1991
12 1992 25.9774193548387 0 0 0 "GQ" 1992
12 1993 26.5661290322581 0 0 0 "GQ" 1993
12 1994 25.5290322580645 0 0 0 "GQ" 1994
12 1995 27.5177419354839 0 0 0 "GQ" 1995
12 1996 27.3354838709677 0 0 0 "GQ" 1996
12 1997 27.4516129032258 0 0 0 "GQ" 1997
12 1998 27.941935483871 0 0 0 "GQ" 1998
12 1999 27.791935483871 0 0 0 "GQ" 1999
12 2000 27.741935483871 0 0 0 "GQ" 2000
12 2001 27.3741935483871 0 0 0 "GQ" 2001
12 2002 26.9661290322581 0 0 0 "GQ" 2002
12 2003 27.3258064516129 0 0 0 "GQ" 2003
12 2004 27.1338709677419 0 0 0 "GQ" 2004
12 2005 28.0887096774194 0 0 0 "GQ" 2005
12 2006 27.7241935483871 0 0 0 "GQ" 2006
12 2007 27.7354838709677 0 0 0 "GQ" 2007
12 2008 27.9338709677419 0 0 0 "GQ" 2008
12 2009 27.3838709677419 0 0 0 "GQ" 2009
12 2010 28.1387096774194 0 0 0 "GQ" 2010
12 2011 27.4967741935484 0 0 0 "GQ" 2011
12 2012 28.3338709677419 0 0 0 "GQ" 2012
12 2013 27.6741935483871 0 0 0 "GQ" 2013
12 2014 28.55 0 0 0 "GQ" 2014
12 2015 28.1612903225806 0 0 0 "GQ" 2015
12 2016 28.1274193548387 0 0 0 "GQ" 2016
12 2017 28.3790322580645 0 0 0 "GQ" 2017
12 2018 28.9064516129032 0 0 0 "GQ" 2018
