"MONTH" "YEAR" "ave_precip_mo" "ave_mo_t" "opium_t" "mj_t" "coca_t" "fips" "year"
1 1977 0 20 0 0 0 "GV" 1977
1 1990 5.16666666666667 19.8458333333333 0 0 0 "GV" 1990
1 1991 0 22.5 0 0 0 "GV" 1991
1 1992 0 19.65 0 0 0 "GV" 1992
1 1993 0 19.9333333333333 0 0 0 "GV" 1993
1 1994 0 20.0833333333333 0 0 0 "GV" 1994
1 1995 0 19.3 0 0 0 "GV" 1995
1 2004 0 22.25 0 0 0 "GV" 2004
2 1990 0 21.8 0 0 0 "GV" 1990
2 1991 0 22.7 0 0 0 "GV" 1991
2 1992 0 23.2875 0 0 0 "GV" 1992
2 1993 0 21.57 0 0 0 "GV" 1993
2 1994 0 22.5083333333333 0 0 0 "GV" 1994
2 1995 0 21.85 0 0 0 "GV" 1995
2 2004 0 24.85 0 0 0 "GV" 2004
2 2005 0 24.85 0 0 0 "GV" 2005
3 1990 0 23.75 0 0 0 "GV" 1990
3 1991 0 23.72 0 0 0 "GV" 1991
3 1992 0 23.97 0 0 0 "GV" 1992
3 1993 1.025 23.3375 0 0 0 "GV" 1993
3 1994 5 23.915 0 0 0 "GV" 1994
3 1995 0 25.375 0 0 0 "GV" 1995
3 2003 0 25.2 0 0 0 "GV" 2003
3 2004 0 24.65 0 0 0 "GV" 2004
4 1977 0 26 0 0 0 "GV" 1977
4 1990 1.54 25.3333333333333 0 0 0 "GV" 1990
4 1991 0 26.35 0 0 0 "GV" 1991
4 1992 0 25.3083333333333 0 0 0 "GV" 1992
4 1993 2.725 25.2375 0 0 0 "GV" 1993
4 1994 9.975 25.2 0 0 0 "GV" 1994
4 1995 0 25.05 0 0 0 "GV" 1995
5 1977 0 24 0 0 0 "GV" 1977
5 1980 18.05 23.5 0 0 0 "GV" 1980
5 1990 13.14 25.3866666666667 0 0 0 "GV" 1990
5 1992 24.2833333333333 23.7166666666667 0 0 0 "GV" 1992
5 1993 14.3166666666667 25.6 0 0 0 "GV" 1993
5 1994 0.3 25.28 0 0 0 "GV" 1994
5 1995 0 25.3 0 0 0 "GV" 1995
5 2003 0 24.95 0 0 0 "GV" 2003
6 1980 9.275 22.625 0 0 0 "GV" 1980
6 1981 0 23.5 0 0 0 "GV" 1981
6 1990 3.91428571428571 23.0071428571429 0 0 0 "GV" 1990
6 1992 9.525 22.7625 0 0 0 "GV" 1992
6 1993 18.275 23.4875 0 0 0 "GV" 1993
6 1994 1.525 23.4875 0 0 0 "GV" 1994
7 1977 0 24.5 0 0 0 "GV" 1977
7 1980 2.02 19.8 0 0 0 "GV" 1980
7 1981 0 22 0 0 0 "GV" 1981
7 1990 4.36666666666667 21.9166666666667 0 0 0 "GV" 1990
7 1991 20.975 21.6125 0 0 0 "GV" 1991
7 1992 24.74 22.2 0 0 0 "GV" 1992
7 1993 7.2125 21.90625 0 0 0 "GV" 1993
7 1994 10.2666666666667 21.7666666666667 0 0 0 "GV" 1994
7 2016 5.1 21.5 0 0 0 "GV" 2016
8 1980 0 22.5 0 0 0 "GV" 1980
8 1990 402.1 22 0 0 0 "GV" 1990
8 1991 0 21.35 0 0 0 "GV" 1991
8 1992 5.37142857142857 22.0214285714286 0 0 0 "GV" 1992
8 1993 10.8727272727273 22.1863636363636 0 0 0 "GV" 1993
8 1994 10.2857142857143 22.0142857142857 0 0 0 "GV" 1994
8 2002 39.9 24.9 0 0 0 "GV" 2002
8 2004 1 22.45 0 0 0 "GV" 2004
8 2016 35.1 21.9 0 0 0 "GV" 2016
9 1980 0 22 0 0 0 "GV" 1980
9 1982 13 21.35 0 0 0 "GV" 1982
9 1984 0 22.75 0 0 0 "GV" 1984
9 1990 7.45 22.3375 0 0 0 "GV" 1990
9 1992 7.86666666666667 22.0944444444444 0 0 0 "GV" 1992
9 1993 15.1571428571429 22.0714285714286 0 0 0 "GV" 1993
9 1994 7.88333333333333 22.1875 0 0 0 "GV" 1994
9 2004 0 22.05 0 0 0 "GV" 2004
10 1989 3 21.35 0 0 0 "GV" 1989
10 1991 4.03333333333333 20.975 0 0 0 "GV" 1991
10 1992 14.44 22.05 0 0 0 "GV" 1992
10 1993 0 22.65 0 0 0 "GV" 1993
10 1994 0.75 21.5875 0 0 0 "GV" 1994
10 2004 1.5 22.75 0 0 0 "GV" 2004
11 1989 0.111111111111111 21.2277777777778 0 0 0 "GV" 1989
11 1991 0 19.4 0 0 0 "GV" 1991
11 1992 0 20.55 0 0 0 "GV" 1992
11 1993 2.44285714285714 21.8214285714286 0 0 0 "GV" 1993
11 1994 10.9909090909091 20.4545454545455 0 0 0 "GV" 1994
11 2004 0 22.45 0 0 0 "GV" 2004
12 1989 1.875 19.0125 0 0 0 "GV" 1989
12 1991 0 19.0833333333333 0 0 0 "GV" 1991
12 1992 0 19.6916666666667 0 0 0 "GV" 1992
12 1993 0 20.075 0 0 0 "GV" 1993
12 1994 0 19.25 0 0 0 "GV" 1994
5 1993 0 31.4 0 0 0 "GV" 1993
8 1977 0 25 0 0 0 "GV" 1977
8 2002 12.95 22.75 0 0 0 "GV" 2002
8 2004 6.1 21.75 0 0 0 "GV" 2004
10 2004 1.36666666666667 26.75 0 0 0 "GV" 2004
11 2004 0 28 0 0 0 "GV" 2004
1 1990 0 26.675 0 0 0 "GV" 1990
1 1991 0 28.875 0 0 0 "GV" 1991
1 1992 0 26.2666666666667 0 0 0 "GV" 1992
1 2005 0 26.5 0 0 0 "GV" 2005
2 1981 0 29.5 0 0 0 "GV" 1981
2 1990 0 29.2666666666667 0 0 0 "GV" 1990
2 1991 0 27.75 0 0 0 "GV" 1991
2 1992 0 28.1 0 0 0 "GV" 1992
2 2005 0 30.425 0 0 0 "GV" 2005
3 1981 0 29 0 0 0 "GV" 1981
3 1990 0 29.875 0 0 0 "GV" 1990
3 1991 0 29.45 0 0 0 "GV" 1991
3 1992 0 30.1875 0 0 0 "GV" 1992
4 1992 0 30.55 0 0 0 "GV" 1992
4 1997 0 26.95 0 0 0 "GV" 1997
5 1980 0 28.5 0 0 0 "GV" 1980
5 1992 13.3857142857143 28.9285714285714 0 0 0 "GV" 1992
6 1980 1 27.6666666666667 0 0 0 "GV" 1980
6 1991 12.45 28.275 0 0 0 "GV" 1991
6 1992 1 25.8 0 0 0 "GV" 1992
7 1980 4.6375 25.875 0 0 0 "GV" 1980
7 1990 0 25.2 0 0 0 "GV" 1990
7 1992 5.1 26 0 0 0 "GV" 1992
7 1994 11.9 25.05 0 0 0 "GV" 1994
8 1977 0.3 25.5 0 0 0 "GV" 1977
8 1992 13.6333333333333 26.3333333333333 0 0 0 "GV" 1992
9 1980 0 26 0 0 0 "GV" 1980
9 1992 0 26.7166666666667 0 0 0 "GV" 1992
10 1991 8.46666666666667 27.075 0 0 0 "GV" 1991
10 1992 20.3333333333333 25.9333333333333 0 0 0 "GV" 1992
11 1976 0 25.5 0 0 0 "GV" 1976
11 1989 4.95 28.6 0 0 0 "GV" 1989
11 1991 2.05 27.375 0 0 0 "GV" 1991
11 1992 0 27.05 0 0 0 "GV" 1992
12 1989 0 26.1 0 0 0 "GV" 1989
12 1991 0 27.5 0 0 0 "GV" 1991
1 1992 0 25.1333333333333 0 0 0 "GV" 1992
1 1993 0 25.3916666666667 0 0 0 "GV" 1993
1 1994 10.42 25.49 0 0 0 "GV" 1994
1 2004 0 26.5 0 0 0 "GV" 2004
1 2005 0 25.85 0 0 0 "GV" 2005
2 1981 0 27.5 0 0 0 "GV" 1981
2 1990 0 27.3375 0 0 0 "GV" 1990
2 1992 0 27.25 0 0 0 "GV" 1992
2 1993 0 27.3166666666667 0 0 0 "GV" 1993
2 1994 0 27.6166666666667 0 0 0 "GV" 1994
2 2005 0 29.1 0 0 0 "GV" 2005
3 1981 0 29.5 0 0 0 "GV" 1981
3 1983 0 28 0 0 0 "GV" 1983
3 1990 0 28.75 0 0 0 "GV" 1990
3 1991 0 30.45 0 0 0 "GV" 1991
3 1992 0 28.25 0 0 0 "GV" 1992
3 1993 0 27.65 0 0 0 "GV" 1993
3 1994 0 29.1357142857143 0 0 0 "GV" 1994
3 2003 0 27.65 0 0 0 "GV" 2003
4 1977 0 29 0 0 0 "GV" 1977
4 1991 0 29.5 0 0 0 "GV" 1991
4 1992 0 29.1666666666667 0 0 0 "GV" 1992
4 1993 0 28.9833333333333 0 0 0 "GV" 1993
4 1994 25.525 29.2375 0 0 0 "GV" 1994
4 2004 0 27.09 0 0 0 "GV" 2004
5 1977 0 26 0 0 0 "GV" 1977
5 1980 9.55 25 0 0 0 "GV" 1980
5 1992 10.475 25.475 0 0 0 "GV" 1992
5 1993 2.475 26.975 0 0 0 "GV" 1993
5 1994 1.42 27.38 0 0 0 "GV" 1994
5 2003 0 28 0 0 0 "GV" 2003
5 2004 0 26.25 0 0 0 "GV" 2004
6 1980 9.04 24.4 0 0 0 "GV" 1980
6 1982 0 23.5 0 0 0 "GV" 1982
6 1991 9.9 26.25 0 0 0 "GV" 1991
6 1992 6.45 24.775 0 0 0 "GV" 1992
6 1993 9.1875 25.6 0 0 0 "GV" 1993
6 1994 32.5 25.05 0 0 0 "GV" 1994
7 1980 0.2 24 0 0 0 "GV" 1980
7 1981 2 24 0 0 0 "GV" 1981
7 1993 8.01666666666667 24.1666666666667 0 0 0 "GV" 1993
7 1994 11.05 24.4 0 0 0 "GV" 1994
7 2003 4.1 25.55 0 0 0 "GV" 2003
8 1977 7.1 21 0 0 0 "GV" 1977
8 1982 0 23 0 0 0 "GV" 1982
8 1983 18.05 23.075 0 0 0 "GV" 1983
8 1992 29.6333333333333 23.9666666666667 0 0 0 "GV" 1992
8 1993 34.0375 24.18125 0 0 0 "GV" 1993
8 1994 7.9 24.95 0 0 0 "GV" 1994
8 2000 19.1 24.25 0 0 0 "GV" 2000
8 2002 45 22.3 0 0 0 "GV" 2002
8 2004 37.6 24.55 0 0 0 "GV" 2004
8 2005 18.05 23.575 0 0 0 "GV" 2005
9 1980 2 24.5 0 0 0 "GV" 1980
9 1982 2 24.5 0 0 0 "GV" 1982
9 1992 17.2 24.1 0 0 0 "GV" 1992
9 1993 7.6 24.2 0 0 0 "GV" 1993
9 1994 28.2083333333333 24.425 0 0 0 "GV" 1994
9 2004 6.975 25.3875 0 0 0 "GV" 2004
9 2005 6.1 24.75 0 0 0 "GV" 2005
10 1982 34 25.3 0 0 0 "GV" 1982
10 1991 12.6166666666667 24.7416666666667 0 0 0 "GV" 1991
10 1992 8.9 24.95 0 0 0 "GV" 1992
10 1993 0 24.4 0 0 0 "GV" 1993
10 1994 23.75 24.7833333333333 0 0 0 "GV" 1994
10 2004 8.4 26.73 0 0 0 "GV" 2004
10 2005 21.1 25.1 0 0 0 "GV" 2005
11 1981 0 26.5 0 0 0 "GV" 1981
11 1992 0 24.9333333333333 0 0 0 "GV" 1992
11 1993 5.625 25.35625 0 0 0 "GV" 1993
11 1994 3.81 25.575 0 0 0 "GV" 1994
11 2004 5.05 24.875 0 0 0 "GV" 2004
12 1981 0 25.5 0 0 0 "GV" 1981
12 1991 0 25.25 0 0 0 "GV" 1991
12 1992 0 25.4642857142857 0 0 0 "GV" 1992
12 1993 3.84285714285714 25.6 0 0 0 "GV" 1993
12 1994 0 25.7 0 0 0 "GV" 1994
1 1990 0 23.75 0 0 0 "GV" 1990
1 1992 0 24.2 0 0 0 "GV" 1992
1 1993 0 22.1375 0 0 0 "GV" 1993
1 1994 8.33333333333333 22.375 0 0 0 "GV" 1994
1 2004 0 23.75 0 0 0 "GV" 2004
1 2005 0 23.8 0 0 0 "GV" 2005
2 1981 0 26 0 0 0 "GV" 1981
2 1991 0 24.25 0 0 0 "GV" 1991
2 1992 0 26.5833333333333 0 0 0 "GV" 1992
2 1993 0 24.8333333333333 0 0 0 "GV" 1993
2 1994 0 22.8666666666667 0 0 0 "GV" 1994
2 2004 0 28.5 0 0 0 "GV" 2004
2 2005 1.33333333333333 25.6 0 0 0 "GV" 2005
3 1990 0 27.075 0 0 0 "GV" 1990
3 1993 0.125 26.3375 0 0 0 "GV" 1993
3 1994 0 25.3 0 0 0 "GV" 1994
3 1995 0 26.25 0 0 0 "GV" 1995
4 1993 2.03333333333333 27.2 0 0 0 "GV" 1993
5 1992 2 24.3 0 0 0 "GV" 1992
5 1993 17 26.65 0 0 0 "GV" 1993
5 1994 51.4571428571429 26.7571428571429 0 0 0 "GV" 1994
5 2004 2 23.9 0 0 0 "GV" 2004
5 2015 7.1 22 0 0 0 "GV" 2015
6 1992 10.9 22.7 0 0 0 "GV" 1992
6 1994 0 24.1625 0 0 0 "GV" 1994
7 1977 0 21.5 0 0 0 "GV" 1977
7 1980 5.025 22.75 0 0 0 "GV" 1980
7 1981 8.33333333333333 22.9166666666667 0 0 0 "GV" 1981
7 1992 1.75 22.525 0 0 0 "GV" 1992
7 1994 0 22.05 0 0 0 "GV" 1994
7 2006 0 22.8 0 0 0 "GV" 2006
8 1980 8.9 23 0 0 0 "GV" 1980
8 1981 0 23 0 0 0 "GV" 1981
8 1983 27.9 23.05 0 0 0 "GV" 1983
8 1994 0.5 23.1 0 0 0 "GV" 1994
8 2000 5.1 22.75 0 0 0 "GV" 2000
8 2002 1.4 21.45 0 0 0 "GV" 2002
8 2005 24 21.425 0 0 0 "GV" 2005
9 1980 7.1 23.5 0 0 0 "GV" 1980
9 1984 12.95 23.325 0 0 0 "GV" 1984
9 1992 3 23 0 0 0 "GV" 1992
9 1994 13.05 22.95 0 0 0 "GV" 1994
9 2004 9.3 23.0833333333333 0 0 0 "GV" 2004
10 1991 12.0333333333333 22.3166666666667 0 0 0 "GV" 1991
10 2004 1.85 23.0916666666667 0 0 0 "GV" 2004
11 1981 0 26 0 0 0 "GV" 1981
11 1989 0 25.75 0 0 0 "GV" 1989
11 1993 0 23.62 0 0 0 "GV" 1993
11 1994 0.75 22.575 0 0 0 "GV" 1994
11 2004 1.5 22.95 0 0 0 "GV" 2004
12 1976 0 24 0 0 0 "GV" 1976
12 1981 0 24.5 0 0 0 "GV" 1981
12 1989 0 21.425 0 0 0 "GV" 1989
12 1991 0 21 0 0 0 "GV" 1991
12 1992 0 22.9 0 0 0 "GV" 1992
12 1993 0 22.3625 0 0 0 "GV" 1993
12 1994 0 21.775 0 0 0 "GV" 1994
1 1990 0 24.75 0 0 0 "GV" 1990
1 1991 0 27.8 0 0 0 "GV" 1991
1 1992 0 27.1 0 0 0 "GV" 1992
1 1993 0 23.775 0 0 0 "GV" 1993
1 1994 0 24.4875 0 0 0 "GV" 1994
1 1995 0 23.75 0 0 0 "GV" 1995
1 2005 0 28.325 0 0 0 "GV" 2005
2 1981 0 29.5 0 0 0 "GV" 1981
2 1990 0 27.9772727272727 0 0 0 "GV" 1990
2 1991 0 28.2666666666667 0 0 0 "GV" 1991
2 1992 0 26.7 0 0 0 "GV" 1992
2 1993 0 27.25 0 0 0 "GV" 1993
2 1994 0 28.27 0 0 0 "GV" 1994
2 2005 0 30 0 0 0 "GV" 2005
3 1990 0 29.805 0 0 0 "GV" 1990
3 1991 0 31.2 0 0 0 "GV" 1991
3 1992 0 29.4833333333333 0 0 0 "GV" 1992
3 1993 0 28.85 0 0 0 "GV" 1993
3 1994 6.25 29.7375 0 0 0 "GV" 1994
3 1995 0 29.15 0 0 0 "GV" 1995
4 1990 18.2636363636364 28.7909090909091 0 0 0 "GV" 1990
4 1992 0 31.0625 0 0 0 "GV" 1992
4 1993 0 28.325 0 0 0 "GV" 1993
4 1994 5.7 30.7214285714286 0 0 0 "GV" 1994
4 1995 0 29.25 0 0 0 "GV" 1995
5 1980 0 28.25 0 0 0 "GV" 1980
5 1990 6.7 28.015 0 0 0 "GV" 1990
5 1992 9.15714285714286 27.5785714285714 0 0 0 "GV" 1992
5 1993 4.475 27.35 0 0 0 "GV" 1993
5 1994 0 30.06 0 0 0 "GV" 1994
5 1995 0 28.4 0 0 0 "GV" 1995
5 1996 0 30.15 0 0 0 "GV" 1996
5 2006 7.1 27.25 0 0 0 "GV" 2006
6 1980 4.22 27.3 0 0 0 "GV" 1980
6 1990 0 26.85 0 0 0 "GV" 1990
6 1991 0 28.6 0 0 0 "GV" 1991
6 1992 4.95 25.2875 0 0 0 "GV" 1992
6 1993 0 27.5 0 0 0 "GV" 1993
6 1994 11.1833333333333 26.875 0 0 0 "GV" 1994
7 1980 0 27 0 0 0 "GV" 1980
7 1990 17.7 25.7 0 0 0 "GV" 1990
7 1991 0 26.175 0 0 0 "GV" 1991
7 1992 0 25.825 0 0 0 "GV" 1992
7 1993 7.31666666666667 26.0583333333333 0 0 0 "GV" 1993
7 1994 2.96666666666667 26.1833333333333 0 0 0 "GV" 1994
7 2003 5.1 26.25 0 0 0 "GV" 2003
8 1980 4.5 26 0 0 0 "GV" 1980
8 1990 0 25.8 0 0 0 "GV" 1990
8 1991 0 25.7166666666667 0 0 0 "GV" 1991
8 1992 7.43 25.52 0 0 0 "GV" 1992
8 1993 1.89090909090909 25.9227272727273 0 0 0 "GV" 1993
8 2005 38.1 24.6 0 0 0 "GV" 2005
9 1980 2.8 26.25 0 0 0 "GV" 1980
9 1982 0.3 26.95 0 0 0 "GV" 1982
9 1990 0 25.95 0 0 0 "GV" 1990
9 1991 0 26.45 0 0 0 "GV" 1991
9 1992 6.35555555555556 25.2222222222222 0 0 0 "GV" 1992
9 1993 0.25 25.2125 0 0 0 "GV" 1993
9 1994 0.75 26.2 0 0 0 "GV" 1994
9 2004 12.95 26 0 0 0 "GV" 2004
10 1982 4.45 25.625 0 0 0 "GV" 1982
10 1989 0 28 0 0 0 "GV" 1989
10 1991 24.02 26.21 0 0 0 "GV" 1991
10 1992 4 26.6375 0 0 0 "GV" 1992
10 1993 1.5 26.5 0 0 0 "GV" 1993
10 1994 1 26.4 0 0 0 "GV" 1994
10 2004 0 27.15 0 0 0 "GV" 2004
11 1989 0 27.175 0 0 0 "GV" 1989
11 1991 0 26.4833333333333 0 0 0 "GV" 1991
11 1992 0 24.775 0 0 0 "GV" 1992
11 1993 0 26.7 0 0 0 "GV" 1993
11 1994 0 25.2166666666667 0 0 0 "GV" 1994
11 2004 0 25.8 0 0 0 "GV" 2004
12 1989 0 25.4916666666667 0 0 0 "GV" 1989
12 1991 0 24.4 0 0 0 "GV" 1991
12 1992 0 25.9 0 0 0 "GV" 1992
12 1993 0 24.8 0 0 0 "GV" 1993
12 1994 0 22.78 0 0 0 "GV" 1994
1 1975 0 26.25 0 0 0 "GV" 1975
1 1977 0 25.5 0 0 0 "GV" 1977
1 1978 0 26.875 0 0 0 "GV" 1978
1 1980 0 26.1666666666667 0 0 0 "GV" 1980
1 1990 0 26.3727272727273 0 0 0 "GV" 1990
1 1991 0 27.4 0 0 0 "GV" 1991
1 1992 0 26.19 0 0 0 "GV" 1992
1 1993 0 26.06 0 0 0 "GV" 1993
1 1994 4.16666666666667 26.175 0 0 0 "GV" 1994
1 1995 0 26 0 0 0 "GV" 1995
1 1996 0 27.675 0 0 0 "GV" 1996
1 1997 0 27.275 0 0 0 "GV" 1997
1 2002 99.1 25.25 0 0 0 "GV" 2002
1 2003 0 29.75 0 0 0 "GV" 2003
1 2004 0 26.625 0 0 0 "GV" 2004
1 2005 0 26.9142857142857 0 0 0 "GV" 2005
2 1977 0 26.5 0 0 0 "GV" 1977
2 1978 0 27.8333333333333 0 0 0 "GV" 1978
2 1981 0 28 0 0 0 "GV" 1981
2 1983 0 29.05 0 0 0 "GV" 1983
2 1990 5.33333333333333 26.3888888888889 0 0 0 "GV" 1990
2 1991 0 26.95 0 0 0 "GV" 1991
2 1992 0 26.8625 0 0 0 "GV" 1992
2 1993 0 26.7166666666667 0 0 0 "GV" 1993
2 1994 0 27.0107142857143 0 0 0 "GV" 1994
2 1995 5.78888888888889 26.8444444444444 0 0 0 "GV" 1995
2 1996 0 27.1071428571429 0 0 0 "GV" 1996
2 1997 0 26.9 0 0 0 "GV" 1997
2 2003 0 27.4666666666667 0 0 0 "GV" 2003
2 2004 0 27.85 0 0 0 "GV" 2004
2 2005 0 28.97 0 0 0 "GV" 2005
2 2006 4.45 27.875 0 0 0 "GV" 2006
2 2009 4.1 27.25 0 0 0 "GV" 2009
3 1977 0 26.6666666666667 0 0 0 "GV" 1977
3 1980 0 27.75 0 0 0 "GV" 1980
3 1981 0 28 0 0 0 "GV" 1981
3 1983 0 27.25 0 0 0 "GV" 1983
3 1990 0 27.375 0 0 0 "GV" 1990
3 1991 0 27.3 0 0 0 "GV" 1991
3 1992 0 27.5142857142857 0 0 0 "GV" 1992
3 1993 0 28 0 0 0 "GV" 1993
3 1994 6.6 27.815 0 0 0 "GV" 1994
3 1995 0 27.46 0 0 0 "GV" 1995
3 1996 0 27.55 0 0 0 "GV" 1996
3 1997 0 29.5 0 0 0 "GV" 1997
3 2003 0 28.48 0 0 0 "GV" 2003
3 2004 0 29.95 0 0 0 "GV" 2004
3 2005 1.48333333333333 29.2916666666667 0 0 0 "GV" 2005
3 2017 38.1 25.1 0 0 0 "GV" 2017
3 2018 0 27.5 0 0 0 "GV" 2018
4 1977 0 28.5 0 0 0 "GV" 1977
4 1978 0 27.5 0 0 0 "GV" 1978
4 1980 0 28 0 0 0 "GV" 1980
4 1982 0 28.4 0 0 0 "GV" 1982
4 1990 0 27.9115384615385 0 0 0 "GV" 1990
4 1991 59.9 26.6 0 0 0 "GV" 1991
4 1992 0 28.6285714285714 0 0 0 "GV" 1992
4 1993 2.14285714285714 28.2357142857143 0 0 0 "GV" 1993
4 1994 3.84615384615385 28.2115384615385 0 0 0 "GV" 1994
4 1995 0 28.5214285714286 0 0 0 "GV" 1995
4 1996 0 27.86875 0 0 0 "GV" 1996
4 1997 0 27.4833333333333 0 0 0 "GV" 1997
4 2003 0 28.75 0 0 0 "GV" 2003
4 2004 0 29.55 0 0 0 "GV" 2004
4 2006 6.45 28.325 0 0 0 "GV" 2006
4 2014 1.36666666666667 27.5833333333333 0 0 0 "GV" 2014
4 2016 4.5 28.65 0 0 0 "GV" 2016
4 2017 5.18 28.22 0 0 0 "GV" 2017
5 1977 0 28.5 0 0 0 "GV" 1977
5 1978 3 26.5 0 0 0 "GV" 1978
5 1980 1.975 26.5 0 0 0 "GV" 1980
5 1982 26.9 26.15 0 0 0 "GV" 1982
5 1990 11.2666666666667 27.5033333333333 0 0 0 "GV" 1990
5 1992 12.6833333333333 27.4208333333333 0 0 0 "GV" 1992
5 1993 0 29.1875 0 0 0 "GV" 1993
5 1994 13.14 27.84 0 0 0 "GV" 1994
5 1995 7.93 27.93 0 0 0 "GV" 1995
5 1996 3.71818181818182 28.7318181818182 0 0 0 "GV" 1996
5 1997 0 28.02 0 0 0 "GV" 1997
5 2000 47 26.75 0 0 0 "GV" 2000
5 2001 26.9 27.5 0 0 0 "GV" 2001
5 2003 0 28.15 0 0 0 "GV" 2003
5 2004 1.84285714285714 29.0285714285714 0 0 0 "GV" 2004
5 2005 0 29.1166666666667 0 0 0 "GV" 2005
5 2006 4.53333333333333 28.05 0 0 0 "GV" 2006
5 2009 1 27.75 0 0 0 "GV" 2009
5 2012 10.32 27.37 0 0 0 "GV" 2012
5 2013 29.95 26.775 0 0 0 "GV" 2013
5 2014 4.42 27.71 0 0 0 "GV" 2014
5 2015 35.8555555555556 27.8277777777778 0 0 0 "GV" 2015
5 2016 13.3666666666667 27.7166666666667 0 0 0 "GV" 2016
5 2017 4.1 28.2875 0 0 0 "GV" 2017
5 2018 0 29.3 0 0 0 "GV" 2018
6 1980 13.3833333333333 27 0 0 0 "GV" 1980
6 1990 3.25714285714286 27.5785714285714 0 0 0 "GV" 1990
6 1991 1 27.2 0 0 0 "GV" 1991
6 1992 1.5 26.575 0 0 0 "GV" 1992
6 1993 14.5615384615385 26.9538461538462 0 0 0 "GV" 1993
6 1994 15.62 27.12 0 0 0 "GV" 1994
6 1995 6.1375 27.58125 0 0 0 "GV" 1995
6 1996 8.58 26.33 0 0 0 "GV" 1996
6 1997 17 27.25 0 0 0 "GV" 1997
6 2000 38.6 25.5 0 0 0 "GV" 2000
6 2001 19.1 27.15 0 0 0 "GV" 2001
6 2002 33 26.3833333333333 0 0 0 "GV" 2002
6 2003 45 25.85 0 0 0 "GV" 2003
6 2004 30.45 26.425 0 0 0 "GV" 2004
6 2005 1.7 28.2666666666667 0 0 0 "GV" 2005
6 2006 10.8875 27.03125 0 0 0 "GV" 2006
6 2007 6.8 27.37 0 0 0 "GV" 2007
6 2009 90.9 27.5 0 0 0 "GV" 2009
6 2012 26.92 27.62 0 0 0 "GV" 2012
6 2013 29.7 26.9166666666667 0 0 0 "GV" 2013
6 2014 25.025 27.14375 0 0 0 "GV" 2014
6 2015 10.6411764705882 27.0823529411765 0 0 0 "GV" 2015
6 2016 38.4083333333333 26.85 0 0 0 "GV" 2016
6 2017 4.49090909090909 27.5272727272727 0 0 0 "GV" 2017
6 2018 13.875 27.16875 0 0 0 "GV" 2018
7 1977 43.25 25.375 0 0 0 "GV" 1977
7 1980 3.5 26.1666666666667 0 0 0 "GV" 1980
7 1981 15.66 25.2 0 0 0 "GV" 1981
7 1990 17.98 24.9 0 0 0 "GV" 1990
7 1991 90.6 26 0 0 0 "GV" 1991
7 1992 69.1666666666667 25.525 0 0 0 "GV" 1992
7 1993 26.9333333333333 25.2 0 0 0 "GV" 1993
7 1994 27.1 24.9071428571429 0 0 0 "GV" 1994
7 1995 10.3333333333333 25.85 0 0 0 "GV" 1995
7 1996 11.3 25.6125 0 0 0 "GV" 1996
7 2000 48.96 26.47 0 0 0 "GV" 2000
7 2001 122.9 25.5 0 0 0 "GV" 2001
7 2004 33.55 26.3 0 0 0 "GV" 2004
7 2005 37.7 26.6642857142857 0 0 0 "GV" 2005
7 2006 40.5428571428571 27.0357142857143 0 0 0 "GV" 2006
7 2010 5.45 27 0 0 0 "GV" 2010
7 2012 21.975 25.775 0 0 0 "GV" 2012
7 2013 1 26.75 0 0 0 "GV" 2013
7 2014 22.475 25.79375 0 0 0 "GV" 2014
7 2015 80.7125 25.44375 0 0 0 "GV" 2015
7 2016 43.53 25.91 0 0 0 "GV" 2016
7 2017 60.3076923076923 26.2615384615385 0 0 0 "GV" 2017
7 2018 35.8285714285714 25.55 0 0 0 "GV" 2018
8 1974 12.05 25.25 0 0 0 "GV" 1974
8 1977 18.775 25.125 0 0 0 "GV" 1977
8 1979 3 26.5 0 0 0 "GV" 1979
8 1980 38.64 25.2 0 0 0 "GV" 1980
8 1981 25 25.875 0 0 0 "GV" 1981
8 1983 60.3666666666667 25.75 0 0 0 "GV" 1983
8 1990 5.1 25.9 0 0 0 "GV" 1990
8 1991 1 26.4 0 0 0 "GV" 1991
8 1992 35.3444444444444 24.8555555555556 0 0 0 "GV" 1992
8 1993 28.4833333333333 25.8166666666667 0 0 0 "GV" 1993
8 1994 20.7166666666667 27.225 0 0 0 "GV" 1994
8 1996 42.3333333333333 25.95 0 0 0 "GV" 1996
8 2000 36.6666666666667 25.5333333333333 0 0 0 "GV" 2000
8 2001 141.45 24.875 0 0 0 "GV" 2001
8 2002 38.1 26 0 0 0 "GV" 2002
8 2004 23.0333333333333 27.45 0 0 0 "GV" 2004
8 2005 34.6333333333333 25.75 0 0 0 "GV" 2005
8 2006 9.8 26.175 0 0 0 "GV" 2006
8 2009 13.85 26.675 0 0 0 "GV" 2009
8 2010 38.95 25.725 0 0 0 "GV" 2010
8 2012 22.94 25.52 0 0 0 "GV" 2012
8 2013 37.675 25.475 0 0 0 "GV" 2013
8 2014 42.7714285714286 25.3785714285714 0 0 0 "GV" 2014
8 2015 27.0909090909091 26.0590909090909 0 0 0 "GV" 2015
8 2016 32.9142857142857 26.0464285714286 0 0 0 "GV" 2016
8 2017 37.76875 25.884375 0 0 0 "GV" 2017
8 2018 23.8222222222222 26.1222222222222 0 0 0 "GV" 2018
9 1974 10.55 27 0 0 0 "GV" 1974
9 1977 16 25 0 0 0 "GV" 1977
9 1978 4.1 25.5 0 0 0 "GV" 1978
9 1979 7.9 26.5 0 0 0 "GV" 1979
9 1980 22.1 25.5 0 0 0 "GV" 1980
9 1981 18 26 0 0 0 "GV" 1981
9 1982 19.1 25.75 0 0 0 "GV" 1982
9 1990 0 26.75 0 0 0 "GV" 1990
9 1992 23.8428571428571 26.1928571428571 0 0 0 "GV" 1992
9 1993 15.275 26.08125 0 0 0 "GV" 1993
9 1994 25.0333333333333 25.8166666666667 0 0 0 "GV" 1994
9 1996 21.45 26.325 0 0 0 "GV" 1996
9 2000 12.3 26.2214285714286 0 0 0 "GV" 2000
9 2003 0 28.25 0 0 0 "GV" 2003
9 2004 15.6 26.8214285714286 0 0 0 "GV" 2004
9 2005 20.7833333333333 26.5708333333333 0 0 0 "GV" 2005
9 2006 24.05 26.4166666666667 0 0 0 "GV" 2006
9 2009 58.475 27.05 0 0 0 "GV" 2009
9 2012 31 25.75 0 0 0 "GV" 2012
9 2013 21.0875 25.975 0 0 0 "GV" 2013
9 2014 41.8 26.2875 0 0 0 "GV" 2014
9 2015 38 26.1666666666667 0 0 0 "GV" 2015
9 2016 23.8789473684211 26.5315789473684 0 0 0 "GV" 2016
9 2017 29.5333333333333 26.5222222222222 0 0 0 "GV" 2017
9 2018 11.4222222222222 26.5833333333333 0 0 0 "GV" 2018
10 1974 0 26 0 0 0 "GV" 1974
10 1976 7.5 25 0 0 0 "GV" 1976
10 1977 7.45 25.5 0 0 0 "GV" 1977
10 1981 0 27.5 0 0 0 "GV" 1981
10 1989 0 32 0 0 0 "GV" 1989
10 1991 26.6125 25.7875 0 0 0 "GV" 1991
10 1992 9.3375 26.29375 0 0 0 "GV" 1992
10 1994 6.475 26.55 0 0 0 "GV" 1994
10 1996 16.85 25.95 0 0 0 "GV" 1996
10 2000 2 27 0 0 0 "GV" 2000
10 2001 8.9 26.85 0 0 0 "GV" 2001
10 2002 1 27.25 0 0 0 "GV" 2002
10 2003 16.525 26.425 0 0 0 "GV" 2003
10 2004 2.69230769230769 27.9423076923077 0 0 0 "GV" 2004
10 2005 26.7 26.69 0 0 0 "GV" 2005
10 2006 9.55 26.125 0 0 0 "GV" 2006
10 2009 11.9 26.7 0 0 0 "GV" 2009
10 2011 13 27 0 0 0 "GV" 2011
10 2013 13.85 26.445 0 0 0 "GV" 2013
10 2014 14.5111111111111 26.6611111111111 0 0 0 "GV" 2014
10 2015 22.8 27.0875 0 0 0 "GV" 2015
10 2016 7.45 27.2666666666667 0 0 0 "GV" 2016
10 2017 10.87 26.71 0 0 0 "GV" 2017
10 2018 6.31428571428571 26.85 0 0 0 "GV" 2018
11 1974 0 27.5 0 0 0 "GV" 1974
11 1977 0 27.6666666666667 0 0 0 "GV" 1977
11 1978 0 27.25 0 0 0 "GV" 1978
11 1981 0 29 0 0 0 "GV" 1981
11 1982 0 28 0 0 0 "GV" 1982
11 1984 0 28.1 0 0 0 "GV" 1984
11 1989 0 28.075 0 0 0 "GV" 1989
11 1990 0 27.575 0 0 0 "GV" 1990
11 1992 1.98333333333333 26.8083333333333 0 0 0 "GV" 1992
11 1993 0 27.6 0 0 0 "GV" 1993
11 1994 10 27.14 0 0 0 "GV" 1994
11 1995 0 27.75 0 0 0 "GV" 1995
11 1996 2.03333333333333 27.4166666666667 0 0 0 "GV" 1996
11 1998 0 28.925 0 0 0 "GV" 1998
11 1999 4.3 27.0666666666667 0 0 0 "GV" 1999
11 2001 3 26.75 0 0 0 "GV" 2001
11 2004 6.00909090909091 29.0045454545455 0 0 0 "GV" 2004
11 2011 0 28.25 0 0 0 "GV" 2011
11 2013 8.03333333333333 27.1 0 0 0 "GV" 2013
11 2014 3.52 27.25 0 0 0 "GV" 2014
11 2015 91.45 28.05 0 0 0 "GV" 2015
11 2016 1.275 27.3125 0 0 0 "GV" 2016
11 2017 22.7 26.2666666666667 0 0 0 "GV" 2017
11 2018 15.025 26.4875 0 0 0 "GV" 2018
12 1973 0 25.5 0 0 0 "GV" 1973
12 1974 0 26.875 0 0 0 "GV" 1974
12 1976 0 27.5 0 0 0 "GV" 1976
12 1977 0 27.125 0 0 0 "GV" 1977
12 1978 0 26.5 0 0 0 "GV" 1978
12 1979 0 25.5 0 0 0 "GV" 1979
12 1981 5.1 26.5 0 0 0 "GV" 1981
12 1989 0 26.4357142857143 0 0 0 "GV" 1989
12 1990 235 27.45 0 0 0 "GV" 1990
12 1991 0 27.3333333333333 0 0 0 "GV" 1991
12 1992 0 27.25 0 0 0 "GV" 1992
12 1993 8.51666666666667 27.8916666666667 0 0 0 "GV" 1993
12 1994 0 26.78 0 0 0 "GV" 1994
12 1995 0 27.3333333333333 0 0 0 "GV" 1995
12 1996 0 27.0833333333333 0 0 0 "GV" 1996
12 1998 0 27.5 0 0 0 "GV" 1998
12 2002 0 27.45 0 0 0 "GV" 2002
12 2003 0 28.25 0 0 0 "GV" 2003
12 2004 0 28.55 0 0 0 "GV" 2004
12 2005 1.5 29.125 0 0 0 "GV" 2005
12 2017 0 28.7 0 0 0 "GV" 2017
3 1981 0 25 0 0 0 "GV" 1981
7 1977 0 25 0 0 0 "GV" 1977
7 1980 0 19.5 0 0 0 "GV" 1980
12 1976 0 23 0 0 0 "GV" 1976
1 2004 0 22.15 0 0 0 "GV" 2004
2 2004 0 29.75 0 0 0 "GV" 2004
5 2003 0 25.9 0 0 0 "GV" 2003
5 2004 0 26.55 0 0 0 "GV" 2004
7 1980 0 25 0 0 0 "GV" 1980
7 1981 1 23.75 0 0 0 "GV" 1981
8 1980 0 25.5 0 0 0 "GV" 1980
8 1981 0 24.5 0 0 0 "GV" 1981
8 2002 20.1 22.75 0 0 0 "GV" 2002
8 2016 1 24.25 0 0 0 "GV" 2016
9 1980 18 24 0 0 0 "GV" 1980
10 2003 0 24.95 0 0 0 "GV" 2003
12 1976 0 23 0 0 0 "GV" 1976
12 1981 0 22 0 0 0 "GV" 1981
12 2003 0 24.7 0 0 0 "GV" 2003
5 1980 0 26 0 0 0 "GV" 1980
6 1980 1.36666666666667 26 0 0 0 "GV" 1980
7 1980 0 25 0 0 0 "GV" 1980
7 2003 3 25.75 0 0 0 "GV" 2003
8 1980 0 25 0 0 0 "GV" 1980
8 2004 18 24.75 0 0 0 "GV" 2004
8 2005 0.5 25.8 0 0 0 "GV" 2005
10 2004 30 25.5 0 0 0 "GV" 2004
1 1990 0 23.695 0 0 0 "GV" 1990
1 1991 0 24.775 0 0 0 "GV" 1991
1 1992 0 23.3 0 0 0 "GV" 1992
1 1993 0 22.57 0 0 0 "GV" 1993
1 1994 0 24.85 0 0 0 "GV" 1994
1 2004 0 25 0 0 0 "GV" 2004
1 2005 2.36666666666667 25.1833333333333 0 0 0 "GV" 2005
2 1990 7.13125 25.69375 0 0 0 "GV" 1990
2 1992 0 27.55 0 0 0 "GV" 1992
2 1993 0 26.69 0 0 0 "GV" 1993
2 1994 14.22 25.94 0 0 0 "GV" 1994
2 2005 0 27.925 0 0 0 "GV" 2005
3 1990 0.463636363636364 27.5363636363636 0 0 0 "GV" 1990
3 1991 0 26.7 0 0 0 "GV" 1991
3 1992 0 27.4833333333333 0 0 0 "GV" 1992
3 1993 0 25.625 0 0 0 "GV" 1993
3 1994 2.9875 26.59375 0 0 0 "GV" 1994
4 1990 32.8777777777778 25.7444444444444 0 0 0 "GV" 1990
4 1992 3.25 26.5875 0 0 0 "GV" 1992
4 1993 0 25.85 0 0 0 "GV" 1993
4 1994 0.222222222222222 26.8611111111111 0 0 0 "GV" 1994
4 2017 10.9 26.15 0 0 0 "GV" 2017
5 1990 13.2533333333333 25.93 0 0 0 "GV" 1990
5 1991 0.3 26 0 0 0 "GV" 1991
5 1992 3.225 25.6375 0 0 0 "GV" 1992
5 1993 36.3333333333333 26.0666666666667 0 0 0 "GV" 1993
5 1994 3.85454545454545 26.3454545454545 0 0 0 "GV" 1994
5 2004 55.9 25.75 0 0 0 "GV" 2004
5 2006 7.1 25.6 0 0 0 "GV" 2006
6 1980 0.2 25.2 0 0 0 "GV" 1980
6 1990 22.4909090909091 25.8772727272727 0 0 0 "GV" 1990
6 1991 5.95 25.8 0 0 0 "GV" 1991
6 1992 22.7 24.4 0 0 0 "GV" 1992
6 1993 0.566666666666667 25.4388888888889 0 0 0 "GV" 1993
6 1994 2.11 25.04 0 0 0 "GV" 1994
6 2005 0 23.5 0 0 0 "GV" 2005
7 1977 0 23.5 0 0 0 "GV" 1977
7 1990 2.02 22.64 0 0 0 "GV" 1990
7 1991 2.2 24.2166666666667 0 0 0 "GV" 1991
7 1992 2.63333333333333 23.6 0 0 0 "GV" 1992
7 1993 2.38888888888889 24.3777777777778 0 0 0 "GV" 1993
7 1994 0.666666666666667 23.9333333333333 0 0 0 "GV" 1994
7 2003 5.1 24.3 0 0 0 "GV" 2003
7 2017 8.9 25.15 0 0 0 "GV" 2017
8 1980 0.1 25.6666666666667 0 0 0 "GV" 1980
8 1983 88.9 30.5 0 0 0 "GV" 1983
8 1990 12.525 22.925 0 0 0 "GV" 1990
8 1991 0.4 24.825 0 0 0 "GV" 1991
8 1992 1.83333333333333 23.5833333333333 0 0 0 "GV" 1992
8 1993 6.34444444444444 24.6722222222222 0 0 0 "GV" 1993
8 1994 4.55 23.875 0 0 0 "GV" 1994
8 2000 0.8 25.3 0 0 0 "GV" 2000
8 2002 5.1 24.05 0 0 0 "GV" 2002
8 2005 13 24 0 0 0 "GV" 2005
9 1981 33 25 0 0 0 "GV" 1981
9 1992 1.175 24.7875 0 0 0 "GV" 1992
9 1993 8 24.575 0 0 0 "GV" 1993
9 1994 12.4461538461538 24.6884615384615 0 0 0 "GV" 1994
9 2004 15.6666666666667 25.1166666666667 0 0 0 "GV" 2004
10 1989 0 24.55 0 0 0 "GV" 1989
10 1991 0 25 0 0 0 "GV" 1991
10 1992 0.15 25.175 0 0 0 "GV" 1992
10 1994 1.32 24.94 0 0 0 "GV" 1994
10 2004 7.36666666666667 25.25 0 0 0 "GV" 2004
10 2005 4.1 25.75 0 0 0 "GV" 2005
11 1989 0.166666666666667 26.2166666666667 0 0 0 "GV" 1989
11 1990 0 25.5 0 0 0 "GV" 1990
11 1991 0 24.5 0 0 0 "GV" 1991
11 1992 0 24.4333333333333 0 0 0 "GV" 1992
11 1993 4.03333333333333 25.4111111111111 0 0 0 "GV" 1993
11 1994 0.0272727272727273 25.2181818181818 0 0 0 "GV" 1994
11 2004 3.63333333333333 25.6833333333333 0 0 0 "GV" 2004
11 2005 15 24.8 0 0 0 "GV" 2005
12 1989 0 24.35 0 0 0 "GV" 1989
12 1991 0 22.75 0 0 0 "GV" 1991
12 1992 0 25.2083333333333 0 0 0 "GV" 1992
12 1993 0 25 0 0 0 "GV" 1993
12 1994 0 23.3666666666667 0 0 0 "GV" 1994
12 2005 0.25 25.275 0 0 0 "GV" 2005
