"MONTH" "YEAR" "ave_precip_mo" "ave_mo_t" "opium_t" "mj_t" "coca_t" "fips" "year"
1 1974 0 25 0 0 0 "HO" 1974
1 1979 3 25.1666666666667 0 0 0 "HO" 1979
1 1980 11.3142857142857 26.1071428571429 0 0 0 "HO" 1980
1 1982 4.6 24.9666666666667 0 0 0 "HO" 1982
1 1983 18.3625 25.63125 0 0 0 "HO" 1983
1 1984 5.85 24.375 0 0 0 "HO" 1984
1 1985 11.3222222222222 23.4111111111111 0 0 0 "HO" 1985
1 1986 5.3 24.6653846153846 0 0 0 "HO" 1986
1 1987 24.5 23.45 0 0 0 "HO" 1987
1 1988 29.96 25.41 0 0 0 "HO" 1988
1 1989 2.32777777777778 24.2861111111111 0 0 0 "HO" 1989
1 1990 2.93636363636364 23.2909090909091 0 0 0 "HO" 1990
1 1991 6.084 25.22 0 0 0 "HO" 1991
1 1992 1.62173913043478 25.4847826086957 0 0 0 "HO" 1992
1 1993 6.28666666666667 25.57 0 0 0 "HO" 1993
1 1994 4.64 26.165 0 0 0 "HO" 1994
1 1995 0 23.7083333333333 0 0 0 "HO" 1995
1 1996 0 23.3 0 0 0 "HO" 1996
1 1997 3.5695652173913 22.7978260869565 0 0 0 "HO" 1997
1 1998 4.075 23.825 0 0 0 "HO" 1998
1 1999 7 22.75 0 0 0 "HO" 1999
1 2000 1.32 25.3266666666667 0 0 0 "HO" 2000
1 2001 34.6 24.65 0 0 0 "HO" 2001
1 2002 1.5 25.92 0 0 0 "HO" 2002
1 2003 6.6375 25.15625 0 0 0 "HO" 2003
1 2007 0.985714285714286 26.5642857142857 0 0 0 "HO" 2007
1 2008 6.6 25.9527777777778 0 0 0 "HO" 2008
1 2009 1.74285714285714 24.8142857142857 0 0 0 "HO" 2009
1 2010 0.55 24.8678571428571 0 0 0 "HO" 2010
1 2011 0.72 24.99 0 0 0 "HO" 2011
1 2012 4.775 25.475 0 0 0 "HO" 2012
1 2013 12.46 25.7366666666667 0 0 0 "HO" 2013
1 2014 4.36842105263158 25.5315789473684 0 0 0 "HO" 2014
1 2015 3.14090909090909 26.0431818181818 0 0 0 "HO" 2015
1 2016 0.4125 25.75625 0 0 0 "HO" 2016
1 2017 0.684615384615385 25.7923076923077 0 0 0 "HO" 2017
1 2018 8.62727272727273 25.4181818181818 0 0 0 "HO" 2018
1 2019 1.2 26.2090909090909 0 0 0 "HO" 2019
2 1979 10.1 25.7 0 0 0 "HO" 1979
2 1980 3 26 0 0 0 "HO" 1980
2 1983 0.266666666666667 26.5833333333333 0 0 0 "HO" 1983
2 1984 5.78 25.68 0 0 0 "HO" 1984
2 1985 11.0235294117647 24.5058823529412 0 0 0 "HO" 1985
2 1986 0.909090909090909 24.6636363636364 0 0 0 "HO" 1986
2 1987 0.05 24.7 0 0 0 "HO" 1987
2 1988 5.6 25.8125 0 0 0 "HO" 1988
2 1989 3.67727272727273 23.5727272727273 0 0 0 "HO" 1989
2 1990 4.88888888888889 24.5861111111111 0 0 0 "HO" 1990
2 1991 1.67142857142857 25.0452380952381 0 0 0 "HO" 1991
2 1992 1.67142857142857 25.9 0 0 0 "HO" 1992
2 1993 0.1 25.225 0 0 0 "HO" 1993
2 1994 3.78333333333333 25.7916666666667 0 0 0 "HO" 1994
2 1995 6.7875 22.9375 0 0 0 "HO" 1995
2 1996 0 23.7 0 0 0 "HO" 1996
2 1997 2.05 23.3791666666667 0 0 0 "HO" 1997
2 1998 0 27.35 0 0 0 "HO" 1998
2 1999 6.61428571428571 22.1785714285714 0 0 0 "HO" 1999
2 2000 0.831578947368421 25.6763157894737 0 0 0 "HO" 2000
2 2001 8.38333333333333 25.775 0 0 0 "HO" 2001
2 2002 2.45 26.184375 0 0 0 "HO" 2002
2 2003 1.12 26.58 0 0 0 "HO" 2003
2 2007 2.8 24.9 0 0 0 "HO" 2007
2 2008 1.285 26.015 0 0 0 "HO" 2008
2 2009 3.47222222222222 25.2888888888889 0 0 0 "HO" 2009
2 2010 1.51875 25.39375 0 0 0 "HO" 2010
2 2011 5.87777777777778 25.3444444444444 0 0 0 "HO" 2011
2 2012 5.2125 25.43125 0 0 0 "HO" 2012
2 2013 1.38181818181818 26.0818181818182 0 0 0 "HO" 2013
2 2014 1.7 26.25 0 0 0 "HO" 2014
2 2015 6.365 25.3425 0 0 0 "HO" 2015
2 2016 2.696 25.488 0 0 0 "HO" 2016
2 2017 2.82105263157895 25.9710526315789 0 0 0 "HO" 2017
2 2018 3.26086956521739 26.3217391304348 0 0 0 "HO" 2018
3 1979 15.275 26 0 0 0 "HO" 1979
3 1980 0.444444444444444 27.3888888888889 0 0 0 "HO" 1980
3 1982 4.36666666666667 26.0888888888889 0 0 0 "HO" 1982
3 1984 2.57142857142857 26.6428571428571 0 0 0 "HO" 1984
3 1985 4.3 25.9818181818182 0 0 0 "HO" 1985
3 1986 1.53333333333333 24.775 0 0 0 "HO" 1986
3 1987 0 25.4 0 0 0 "HO" 1987
3 1988 0.163636363636364 26.3863636363636 0 0 0 "HO" 1988
3 1989 3.02380952380952 23.9928571428571 0 0 0 "HO" 1989
3 1990 2.53181818181818 26.2272727272727 0 0 0 "HO" 1990
3 1991 0.71875 26.909375 0 0 0 "HO" 1991
3 1992 0.1 26.4928571428571 0 0 0 "HO" 1992
3 1993 0 26.3 0 0 0 "HO" 1993
3 1994 0.85 26.45 0 0 0 "HO" 1994
3 1995 8.98333333333333 23.325 0 0 0 "HO" 1995
3 1997 0.723076923076923 23.7461538461538 0 0 0 "HO" 1997
3 1999 0 23.7583333333333 0 0 0 "HO" 1999
3 2000 0.569230769230769 25.8730769230769 0 0 0 "HO" 2000
3 2001 0.15 25.1 0 0 0 "HO" 2001
3 2002 0.475 27.015 0 0 0 "HO" 2002
3 2003 0.0434782608695652 27.5891304347826 0 0 0 "HO" 2003
3 2007 0 27.425 0 0 0 "HO" 2007
3 2008 2.10714285714286 26.2142857142857 0 0 0 "HO" 2008
3 2009 0.633333333333333 25.5083333333333 0 0 0 "HO" 2009
3 2010 3.90769230769231 25.2615384615385 0 0 0 "HO" 2010
3 2011 0.375 25.2625 0 0 0 "HO" 2011
3 2012 0.965 26.485 0 0 0 "HO" 2012
3 2013 4.33529411764706 26.4588235294118 0 0 0 "HO" 2013
3 2014 0.738095238095238 26.9571428571429 0 0 0 "HO" 2014
3 2015 1.644 26.14 0 0 0 "HO" 2015
3 2016 0.1 27.0285714285714 0 0 0 "HO" 2016
3 2017 6.46470588235294 25.8735294117647 0 0 0 "HO" 2017
3 2018 0.09 26.535 0 0 0 "HO" 2018
4 1979 25.2125 27.125 0 0 0 "HO" 1979
4 1980 4.28 28 0 0 0 "HO" 1980
4 1982 1.4 27.203125 0 0 0 "HO" 1982
4 1983 0 27 0 0 0 "HO" 1983
4 1984 3.46666666666667 28.7166666666667 0 0 0 "HO" 1984
4 1985 0.1125 26.58125 0 0 0 "HO" 1985
4 1986 2.42857142857143 26.4607142857143 0 0 0 "HO" 1986
4 1988 0.210526315789474 27.1184210526316 0 0 0 "HO" 1988
4 1989 2.12608695652174 25.1173913043478 0 0 0 "HO" 1989
4 1990 7.68666666666667 25.59 0 0 0 "HO" 1990
4 1991 0.99 27.645 0 0 0 "HO" 1991
4 1992 3.07647058823529 27.5441176470588 0 0 0 "HO" 1992
4 1993 0.7 26.8333333333333 0 0 0 "HO" 1993
4 1994 1.43333333333333 25.0833333333333 0 0 0 "HO" 1994
4 1995 0 25.075 0 0 0 "HO" 1995
4 1996 6.2 24.7722222222222 0 0 0 "HO" 1996
4 1997 0.0789473684210526 27.1157894736842 0 0 0 "HO" 1997
4 1999 0.1125 24.984375 0 0 0 "HO" 1999
4 2001 0 27.7 0 0 0 "HO" 2001
4 2002 0.661111111111111 27.3833333333333 0 0 0 "HO" 2002
4 2003 2.99411764705882 26.7588235294118 0 0 0 "HO" 2003
4 2004 15.525 26.825 0 0 0 "HO" 2004
4 2007 0 27.45 0 0 0 "HO" 2007
4 2008 0.4 27.05 0 0 0 "HO" 2008
4 2009 4.14736842105263 26.9236842105263 0 0 0 "HO" 2009
4 2010 9.15789473684211 27.1736842105263 0 0 0 "HO" 2010
4 2011 1.98 26.74 0 0 0 "HO" 2011
4 2012 1.49130434782609 27.0695652173913 0 0 0 "HO" 2012
4 2013 1.50769230769231 27.7423076923077 0 0 0 "HO" 2013
4 2014 1.23636363636364 27.8227272727273 0 0 0 "HO" 2014
4 2015 0 27.77 0 0 0 "HO" 2015
4 2016 1.21666666666667 27.8958333333333 0 0 0 "HO" 2016
4 2017 12.9866666666667 26.64 0 0 0 "HO" 2017
4 2018 0.672727272727273 27.5840909090909 0 0 0 "HO" 2018
5 1977 0 28.5 0 0 0 "HO" 1977
5 1979 4.77368421052632 28.0263157894737 0 0 0 "HO" 1979
5 1980 0.6 29.625 0 0 0 "HO" 1980
5 1982 13.0636363636364 27.6454545454545 0 0 0 "HO" 1982
5 1983 0.15 28.25 0 0 0 "HO" 1983
5 1985 3.05 27.315625 0 0 0 "HO" 1985
5 1986 8.49047619047619 27.0095238095238 0 0 0 "HO" 1986
5 1987 6.1 27.525 0 0 0 "HO" 1987
5 1988 4.52941176470588 27.9205882352941 0 0 0 "HO" 1988
5 1989 6.145 25.84 0 0 0 "HO" 1989
5 1990 12.57 26.755 0 0 0 "HO" 1990
5 1991 6.156 28.278 0 0 0 "HO" 1991
5 1992 2.176 26.892 0 0 0 "HO" 1992
5 1993 20.0888888888889 27.7472222222222 0 0 0 "HO" 1993
5 1994 0 27.15 0 0 0 "HO" 1994
5 1995 0 26.275 0 0 0 "HO" 1995
5 1996 10.9733333333333 24.85 0 0 0 "HO" 1996
5 1997 0.455555555555556 27.0944444444444 0 0 0 "HO" 1997
5 1998 14.4583333333333 25.875 0 0 0 "HO" 1998
5 1999 4.93333333333333 26.3666666666667 0 0 0 "HO" 1999
5 2001 7.17272727272727 28.0090909090909 0 0 0 "HO" 2001
5 2002 2.33 28.315 0 0 0 "HO" 2002
5 2003 4.60909090909091 28.3454545454545 0 0 0 "HO" 2003
5 2004 2.38333333333333 27.3944444444444 0 0 0 "HO" 2004
5 2007 2.45 28.1625 0 0 0 "HO" 2007
5 2008 4.87894736842105 27.4315789473684 0 0 0 "HO" 2008
5 2009 1.1 27.4325 0 0 0 "HO" 2009
5 2010 7.1125 27.140625 0 0 0 "HO" 2010
5 2011 5.8375 28.15625 0 0 0 "HO" 2011
5 2012 12.05 27.5431818181818 0 0 0 "HO" 2012
5 2013 1.3 27.6266666666667 0 0 0 "HO" 2013
5 2014 8.62142857142857 27.35 0 0 0 "HO" 2014
5 2015 0.331818181818182 27.8772727272727 0 0 0 "HO" 2015
5 2016 2.38421052631579 28.5263157894737 0 0 0 "HO" 2016
5 2017 8.85294117647059 27.9205882352941 0 0 0 "HO" 2017
5 2018 12.4583333333333 27.64375 0 0 0 "HO" 2018
6 1973 246.25 27 0 0 0 "HO" 1973
6 1978 250.05 28 0 0 0 "HO" 1978
6 1979 23.7368421052632 27.0789473684211 0 0 0 "HO" 1979
6 1982 21.2166666666667 27.7 0 0 0 "HO" 1982
6 1983 12.3444444444444 28.1055555555556 0 0 0 "HO" 1983
6 1984 1 28 0 0 0 "HO" 1984
6 1985 8.25454545454545 27.4772727272727 0 0 0 "HO" 1985
6 1986 2.31666666666667 28.025 0 0 0 "HO" 1986
6 1987 2.9 29.1 0 0 0 "HO" 1987
6 1988 7.405 27.185 0 0 0 "HO" 1988
6 1989 3.475 25.9166666666667 0 0 0 "HO" 1989
6 1990 5.21363636363636 27.1477272727273 0 0 0 "HO" 1990
6 1991 3.81 27.7825 0 0 0 "HO" 1991
6 1992 11.8809523809524 28.0190476190476 0 0 0 "HO" 1992
6 1993 9.805 27.1225 0 0 0 "HO" 1993
6 1994 3.05 25.7 0 0 0 "HO" 1994
6 1995 19.4636363636364 24.9590909090909 0 0 0 "HO" 1995
6 1996 3.40714285714286 25.9857142857143 0 0 0 "HO" 1996
6 1997 17.7789473684211 24.9631578947368 0 0 0 "HO" 1997
6 1998 1.73529411764706 26.0441176470588 0 0 0 "HO" 1998
6 1999 7.65555555555556 26.5888888888889 0 0 0 "HO" 1999
6 2001 3.55 28.0875 0 0 0 "HO" 2001
6 2002 3.02 28.615 0 0 0 "HO" 2002
6 2003 7.12 27.5 0 0 0 "HO" 2003
6 2004 12.8944444444444 27.1027777777778 0 0 0 "HO" 2004
6 2006 16 27.425 0 0 0 "HO" 2006
6 2007 11.0411764705882 28.0911764705882 0 0 0 "HO" 2007
6 2008 5.6 27.0695652173913 0 0 0 "HO" 2008
6 2009 2.26111111111111 27.3944444444444 0 0 0 "HO" 2009
6 2010 8.00769230769231 26.9615384615385 0 0 0 "HO" 2010
6 2011 23.05 26.6625 0 0 0 "HO" 2011
6 2012 5.88421052631579 27.8052631578947 0 0 0 "HO" 2012
6 2014 6.03846153846154 27.7903846153846 0 0 0 "HO" 2014
6 2015 8.60384615384615 27.2173076923077 0 0 0 "HO" 2015
6 2016 13.71 27.865 0 0 0 "HO" 2016
6 2017 6.09444444444444 27.9916666666667 0 0 0 "HO" 2017
6 2018 4.775 27.965625 0 0 0 "HO" 2018
7 1973 484.1 26.5 0 0 0 "HO" 1973
7 1979 11.75 28.0555555555556 0 0 0 "HO" 1979
7 1982 17.175 26.7708333333333 0 0 0 "HO" 1982
7 1983 29.2388888888889 27.375 0 0 0 "HO" 1983
7 1984 33.475 26.38125 0 0 0 "HO" 1984
7 1985 10.0722222222222 27.1055555555556 0 0 0 "HO" 1985
7 1987 12.5888888888889 27.2 0 0 0 "HO" 1987
7 1988 9.48181818181818 26.8 0 0 0 "HO" 1988
7 1989 9.835 25.84 0 0 0 "HO" 1989
7 1990 4.81428571428571 27.2261904761905 0 0 0 "HO" 1990
7 1991 5.36363636363636 27.6863636363636 0 0 0 "HO" 1991
7 1992 10.415 27.25 0 0 0 "HO" 1992
7 1993 7.47272727272727 27.1954545454545 0 0 0 "HO" 1993
7 1995 9.9 25.0222222222222 0 0 0 "HO" 1995
7 1996 6.38666666666667 24.8433333333333 0 0 0 "HO" 1996
7 1997 4.45555555555556 25.3444444444444 0 0 0 "HO" 1997
7 1998 10.7625 25.434375 0 0 0 "HO" 1998
7 1999 12.4705882352941 26.4411764705882 0 0 0 "HO" 1999
7 2001 2.49545454545455 27.6022727272727 0 0 0 "HO" 2001
7 2002 5.81538461538462 27.85 0 0 0 "HO" 2002
7 2003 3.28181818181818 27.8386363636364 0 0 0 "HO" 2003
7 2004 8.63157894736842 27.25 0 0 0 "HO" 2004
7 2006 4.64 27.56 0 0 0 "HO" 2006
7 2007 4.68181818181818 28.05 0 0 0 "HO" 2007
7 2008 8.415 27.2325 0 0 0 "HO" 2008
7 2009 10.8047619047619 27.8142857142857 0 0 0 "HO" 2009
7 2010 12.7190476190476 27.7642857142857 0 0 0 "HO" 2010
7 2011 11.4090909090909 27.7454545454545 0 0 0 "HO" 2011
7 2012 7.61578947368421 27.7078947368421 0 0 0 "HO" 2012
7 2013 8.42857142857143 28.2809523809524 0 0 0 "HO" 2013
7 2014 2.53076923076923 28.2942307692308 0 0 0 "HO" 2014
7 2015 3.52142857142857 27.8107142857143 0 0 0 "HO" 2015
7 2016 7.58636363636364 27.8136363636364 0 0 0 "HO" 2016
7 2017 6.91052631578947 27.4894736842105 0 0 0 "HO" 2017
7 2018 1.975 28.521875 0 0 0 "HO" 2018
8 1979 19.2666666666667 27.5 0 0 0 "HO" 1979
8 1982 6.87272727272727 28.1090909090909 0 0 0 "HO" 1982
8 1983 19.3733333333333 27.0433333333333 0 0 0 "HO" 1983
8 1984 6.12307692307692 27.2 0 0 0 "HO" 1984
8 1985 15.99 27.165 0 0 0 "HO" 1985
8 1987 17.3285714285714 27.7714285714286 0 0 0 "HO" 1987
8 1988 21.85 26.0333333333333 0 0 0 "HO" 1988
8 1989 6.20952380952381 26.1928571428571 0 0 0 "HO" 1989
8 1990 16.3666666666667 27.2452380952381 0 0 0 "HO" 1990
8 1991 9.15 27.575 0 0 0 "HO" 1991
8 1992 4.42222222222222 27.2555555555556 0 0 0 "HO" 1992
8 1993 18.5666666666667 27.2916666666667 0 0 0 "HO" 1993
8 1994 2.55 25.8 0 0 0 "HO" 1994
8 1995 10.95 25.69375 0 0 0 "HO" 1995
8 1996 9.47777777777778 25.1333333333333 0 0 0 "HO" 1996
8 1997 7.65555555555556 25.5111111111111 0 0 0 "HO" 1997
8 1998 4.78823529411765 26.0764705882353 0 0 0 "HO" 1998
8 1999 5.35 27.2227272727273 0 0 0 "HO" 1999
8 2001 0.325 28.3375 0 0 0 "HO" 2001
8 2002 2.55416666666667 28.3333333333333 0 0 0 "HO" 2002
8 2004 3.25 27.6022727272727 0 0 0 "HO" 2004
8 2006 0.433333333333333 28.3833333333333 0 0 0 "HO" 2006
8 2007 2.06363636363636 28.1954545454545 0 0 0 "HO" 2007
8 2008 2.77222222222222 27.7138888888889 0 0 0 "HO" 2008
8 2009 4.76666666666667 26.9666666666667 0 0 0 "HO" 2009
8 2010 20.15 27.7416666666667 0 0 0 "HO" 2010
8 2011 8.34 27.505 0 0 0 "HO" 2011
8 2012 7.48636363636364 27.3659090909091 0 0 0 "HO" 2012
8 2013 12.875 28.0916666666667 0 0 0 "HO" 2013
8 2014 8.20833333333333 28.3041666666667 0 0 0 "HO" 2014
8 2015 5.22 28.225 0 0 0 "HO" 2015
8 2016 12.7714285714286 28.3547619047619 0 0 0 "HO" 2016
8 2017 5.925 28.1375 0 0 0 "HO" 2017
8 2018 3.94666666666667 28.4166666666667 0 0 0 "HO" 2018
9 1979 3.40769230769231 27.9230769230769 0 0 0 "HO" 1979
9 1981 22.2 26.5357142857143 0 0 0 "HO" 1981
9 1982 15.0631578947368 26.7973684210526 0 0 0 "HO" 1982
9 1983 13.015 27.61 0 0 0 "HO" 1983
9 1984 11.6571428571429 26.6071428571429 0 0 0 "HO" 1984
9 1985 5.895 27.405 0 0 0 "HO" 1985
9 1986 23.15 26.1916666666667 0 0 0 "HO" 1986
9 1987 14.6 27.4166666666667 0 0 0 "HO" 1987
9 1988 9.67333333333333 26.3033333333333 0 0 0 "HO" 1988
9 1989 11.5 25.61 0 0 0 "HO" 1989
9 1990 6.95454545454545 26.5454545454545 0 0 0 "HO" 1990
9 1991 7.07894736842105 27.0631578947368 0 0 0 "HO" 1991
9 1992 14.7619047619048 27.2666666666667 0 0 0 "HO" 1992
9 1993 10.0777777777778 27.1666666666667 0 0 0 "HO" 1993
9 1994 53.925 24.4 0 0 0 "HO" 1994
9 1995 1.76666666666667 26.2166666666667 0 0 0 "HO" 1995
9 1996 8.71875 25.196875 0 0 0 "HO" 1996
9 1997 5.7875 24.95625 0 0 0 "HO" 1997
9 1998 1.44736842105263 29.1894736842105 0 0 0 "HO" 1998
9 1999 12.4916666666667 27.9083333333333 0 0 0 "HO" 1999
9 2000 8.29 27.53 0 0 0 "HO" 2000
9 2001 5.48888888888889 27.2833333333333 0 0 0 "HO" 2001
9 2002 0.863157894736842 28.7026315789474 0 0 0 "HO" 2002
9 2004 3.87368421052632 27.9842105263158 0 0 0 "HO" 2004
9 2006 9.09090909090909 27.4954545454545 0 0 0 "HO" 2006
9 2007 6.63571428571429 27.4392857142857 0 0 0 "HO" 2007
9 2008 4.7304347826087 27.9086956521739 0 0 0 "HO" 2008
9 2009 0.48 27.48 0 0 0 "HO" 2009
9 2010 8.98235294117647 27.3352941176471 0 0 0 "HO" 2010
9 2011 0 27.9 0 0 0 "HO" 2011
9 2012 6.13636363636364 27.7863636363636 0 0 0 "HO" 2012
9 2013 4.11666666666667 27.7791666666667 0 0 0 "HO" 2013
9 2014 11.9739130434783 27.5978260869565 0 0 0 "HO" 2014
9 2015 7.63 27.8625 0 0 0 "HO" 2015
9 2016 13.62 27.6625 0 0 0 "HO" 2016
9 2017 8.27222222222222 28.6333333333333 0 0 0 "HO" 2017
9 2018 6.41818181818182 27.9954545454545 0 0 0 "HO" 2018
10 1978 0 26 0 0 0 "HO" 1978
10 1981 23.4666666666667 26.7222222222222 0 0 0 "HO" 1981
10 1982 29.8714285714286 26.0071428571429 0 0 0 "HO" 1982
10 1983 25.5666666666667 26.7222222222222 0 0 0 "HO" 1983
10 1984 9.88 26.34 0 0 0 "HO" 1984
10 1985 22.6846153846154 25.9961538461538 0 0 0 "HO" 1985
10 1986 17.275 26.6125 0 0 0 "HO" 1986
10 1987 5.58333333333333 26.375 0 0 0 "HO" 1987
10 1988 17.7 24.66875 0 0 0 "HO" 1988
10 1989 17.8263157894737 24.5894736842105 0 0 0 "HO" 1989
10 1990 6.48095238095238 27.0761904761905 0 0 0 "HO" 1990
10 1991 8.66470588235294 26.6058823529412 0 0 0 "HO" 1991
10 1992 4.6 27.4 0 0 0 "HO" 1992
10 1993 14.8421052631579 27.1105263157895 0 0 0 "HO" 1993
10 1994 2.4 24.3625 0 0 0 "HO" 1994
10 1995 1.53333333333333 25.05 0 0 0 "HO" 1995
10 1996 10.1818181818182 24.8590909090909 0 0 0 "HO" 1996
10 1997 2.80666666666667 24.4333333333333 0 0 0 "HO" 1997
10 1998 11.747619047619 25.2166666666667 0 0 0 "HO" 1998
10 1999 0 28.825 0 0 0 "HO" 1999
10 2000 2.82727272727273 27.6409090909091 0 0 0 "HO" 2000
10 2001 18.5666666666667 27.3428571428571 0 0 0 "HO" 2001
10 2002 14.2909090909091 27.4159090909091 0 0 0 "HO" 2002
10 2004 15.5555555555556 27.1944444444444 0 0 0 "HO" 2004
10 2006 9.75 27.31875 0 0 0 "HO" 2006
10 2007 1.75333333333333 27.1733333333333 0 0 0 "HO" 2007
10 2008 13.5125 25.80625 0 0 0 "HO" 2008
10 2009 14.7866666666667 26.7333333333333 0 0 0 "HO" 2009
10 2010 6.17857142857143 26.1607142857143 0 0 0 "HO" 2010
10 2011 8.98571428571429 26.7285714285714 0 0 0 "HO" 2011
10 2012 5.44 27.2225 0 0 0 "HO" 2012
10 2013 11.8307692307692 27.55 0 0 0 "HO" 2013
10 2014 19.2222222222222 27.1472222222222 0 0 0 "HO" 2014
10 2015 5.46521739130435 27.7652173913043 0 0 0 "HO" 2015
10 2016 7.13 27.3875 0 0 0 "HO" 2016
10 2017 24.925 26.0833333333333 0 0 0 "HO" 2017
10 2018 6.2 27.85 0 0 0 "HO" 2018
11 1978 0 27.5 0 0 0 "HO" 1978
11 1981 54.5 25.25 0 0 0 "HO" 1981
11 1982 12.0444444444444 25.7722222222222 0 0 0 "HO" 1982
11 1983 9.05 26.9 0 0 0 "HO" 1983
11 1984 12.1923076923077 24.5269230769231 0 0 0 "HO" 1984
11 1985 4.14705882352941 26.3029411764706 0 0 0 "HO" 1985
11 1986 0.25 26.825 0 0 0 "HO" 1986
11 1987 1.43 26.355 0 0 0 "HO" 1987
11 1988 19.49 25.0525 0 0 0 "HO" 1988
11 1989 10.72 24.495 0 0 0 "HO" 1989
11 1990 38.6047619047619 24.9809523809524 0 0 0 "HO" 1990
11 1991 26.9090909090909 25.7409090909091 0 0 0 "HO" 1991
11 1992 8.6 26.8863636363636 0 0 0 "HO" 1992
11 1993 10.7411764705882 26.4911764705882 0 0 0 "HO" 1993
11 1994 12.96 24.43 0 0 0 "HO" 1994
11 1995 7.875 23.6125 0 0 0 "HO" 1995
11 1996 21.0882352941176 23.4382352941176 0 0 0 "HO" 1996
11 1997 10.1888888888889 24.3611111111111 0 0 0 "HO" 1997
11 1998 11.2352941176471 24.6764705882353 0 0 0 "HO" 1998
11 1999 1.43333333333333 25.0833333333333 0 0 0 "HO" 1999
11 2000 2.92857142857143 27.3642857142857 0 0 0 "HO" 2000
11 2001 14.3863636363636 26.0909090909091 0 0 0 "HO" 2001
11 2002 4.7304347826087 26.75 0 0 0 "HO" 2002
11 2006 0 23.5833333333333 0 0 0 "HO" 2006
11 2007 31.0705882352941 26.0029411764706 0 0 0 "HO" 2007
11 2008 9.97857142857143 25.0892857142857 0 0 0 "HO" 2008
11 2009 14.3285714285714 25.1357142857143 0 0 0 "HO" 2009
11 2010 3.75555555555556 25.1833333333333 0 0 0 "HO" 2010
11 2011 9.23333333333333 26.2333333333333 0 0 0 "HO" 2011
11 2012 3.62352941176471 25.9470588235294 0 0 0 "HO" 2012
11 2013 20.5333333333333 26.9083333333333 0 0 0 "HO" 2013
11 2014 14.0347826086957 26.2913043478261 0 0 0 "HO" 2014
11 2015 13.9714285714286 26.8285714285714 0 0 0 "HO" 2015
11 2016 16.6047619047619 26.4166666666667 0 0 0 "HO" 2016
11 2017 9.27692307692308 25.9923076923077 0 0 0 "HO" 2017
11 2018 8.58 27.42 0 0 0 "HO" 2018
12 1979 8.81333333333333 25.9333333333333 0 0 0 "HO" 1979
12 1981 7.34285714285714 25.5714285714286 0 0 0 "HO" 1981
12 1982 23.6272727272727 25.6590909090909 0 0 0 "HO" 1982
12 1983 4.28 26.15 0 0 0 "HO" 1983
12 1984 8.175 25.1725 0 0 0 "HO" 1984
12 1985 3.83846153846154 25.2192307692308 0 0 0 "HO" 1985
12 1986 6.66 25.73 0 0 0 "HO" 1986
12 1987 11.3727272727273 26.4909090909091 0 0 0 "HO" 1987
12 1988 6.7 24.09 0 0 0 "HO" 1988
12 1989 23.8176470588235 22.3176470588235 0 0 0 "HO" 1989
12 1990 4.74545454545455 25.3886363636364 0 0 0 "HO" 1990
12 1991 7.765 25.53 0 0 0 "HO" 1991
12 1992 6.86666666666667 26.525 0 0 0 "HO" 1992
12 1993 4.43888888888889 26.1388888888889 0 0 0 "HO" 1993
12 1994 0.15 24.8 0 0 0 "HO" 1994
12 1995 0 22.85 0 0 0 "HO" 1995
12 1996 1.90666666666667 23.6133333333333 0 0 0 "HO" 1996
12 1997 0.242105263157895 23.6421052631579 0 0 0 "HO" 1997
12 1998 10.8 22.8375 0 0 0 "HO" 1998
12 1999 0.55 25.705 0 0 0 "HO" 1999
12 2000 3.82857142857143 25.8785714285714 0 0 0 "HO" 2000
12 2001 5.05555555555556 26.2444444444444 0 0 0 "HO" 2001
12 2002 5.185 26.1675 0 0 0 "HO" 2002
12 2006 15.0666666666667 25.85 0 0 0 "HO" 2006
12 2007 4.76 26.305 0 0 0 "HO" 2007
12 2008 3.2375 25.8375 0 0 0 "HO" 2008
12 2009 15.1733333333333 26.3566666666667 0 0 0 "HO" 2009
12 2010 1.4625 23.81875 0 0 0 "HO" 2010
12 2011 7.19166666666667 25.9375 0 0 0 "HO" 2011
12 2012 1.86875 26.125 0 0 0 "HO" 2012
12 2013 7.975 26.525 0 0 0 "HO" 2013
12 2014 13.36875 25.4875 0 0 0 "HO" 2014
12 2015 5.12777777777778 26.4416666666667 0 0 0 "HO" 2015
12 2016 4.55454545454545 26.6795454545455 0 0 0 "HO" 2016
12 2017 2.56666666666667 26.1638888888889 0 0 0 "HO" 2017
12 2018 2.83529411764706 26.6764705882353 0 0 0 "HO" 2018
1 1976 1 16 0 0 0 "HO" 1976
1 1979 0 20.35 0 0 0 "HO" 1979
1 1980 0.285 20.95 0 0 0 "HO" 1980
1 1981 0 19.9166666666667 0 0 0 "HO" 1981
1 1982 0 21.8875 0 0 0 "HO" 1982
1 1983 0.344444444444444 21.3055555555556 0 0 0 "HO" 1983
1 1984 0.314285714285714 19.5642857142857 0 0 0 "HO" 1984
1 1985 0.10952380952381 18.7357142857143 0 0 0 "HO" 1985
1 1986 0.00588235294117647 19.2470588235294 0 0 0 "HO" 1986
1 1987 0 19.32 0 0 0 "HO" 1987
1 1988 0 22.9083333333333 0 0 0 "HO" 1988
1 1989 0.135 20.085 0 0 0 "HO" 1989
1 1990 0.0722222222222222 20.1916666666667 0 0 0 "HO" 1990
1 1991 0.0352941176470588 20.4558823529412 0 0 0 "HO" 1991
1 1992 0.01875 19.96875 0 0 0 "HO" 1992
1 1993 0.168181818181818 20.7068181818182 0 0 0 "HO" 1993
1 1994 0.177777777777778 20.0888888888889 0 0 0 "HO" 1994
1 1995 0 20.3666666666667 0 0 0 "HO" 1995
1 1996 14.3333333333333 19.75 0 0 0 "HO" 1996
1 1997 0.096 20.346 0 0 0 "HO" 1997
1 1998 0 21.2833333333333 0 0 0 "HO" 1998
1 1999 0.0727272727272727 20.3454545454545 0 0 0 "HO" 1999
1 2000 0.09375 19.096875 0 0 0 "HO" 2000
1 2001 0 18.75 0 0 0 "HO" 2001
1 2002 0 20.1777777777778 0 0 0 "HO" 2002
1 2003 0.0416666666666667 20.0541666666667 0 0 0 "HO" 2003
1 2004 0.0545454545454545 20.6090909090909 0 0 0 "HO" 2004
1 2007 0 20.9846153846154 0 0 0 "HO" 2007
1 2008 0.175 20.36875 0 0 0 "HO" 2008
1 2009 0.276923076923077 20.1576923076923 0 0 0 "HO" 2009
1 2010 0.02 20.03 0 0 0 "HO" 2010
1 2011 0 20.2777777777778 0 0 0 "HO" 2011
1 2012 0 20.165 0 0 0 "HO" 2012
1 2013 0.0333333333333333 21.1888888888889 0 0 0 "HO" 2013
1 2015 0.0733333333333333 21.0766666666667 0 0 0 "HO" 2015
1 2016 0 22.015 0 0 0 "HO" 2016
1 2017 0.0416666666666667 20.2458333333333 0 0 0 "HO" 2017
1 2018 0.2 19.6423076923077 0 0 0 "HO" 2018
1 2019 0.0611111111111111 20.2444444444444 0 0 0 "HO" 2019
2 1979 0.0615384615384615 21.6692307692308 0 0 0 "HO" 1979
2 1980 0 21.6428571428571 0 0 0 "HO" 1980
2 1981 0.433333333333333 21.4333333333333 0 0 0 "HO" 1981
2 1982 0.0571428571428571 22.4214285714286 0 0 0 "HO" 1982
2 1983 0 22.0125 0 0 0 "HO" 1983
2 1984 1.14285714285714 21.3571428571429 0 0 0 "HO" 1984
2 1985 0.123529411764706 20.2647058823529 0 0 0 "HO" 1985
2 1986 0.35 21.221875 0 0 0 "HO" 1986
2 1987 0 21.275 0 0 0 "HO" 1987
2 1988 0.192307692307692 22.3461538461538 0 0 0 "HO" 1988
2 1989 0.0866666666666667 20.52 0 0 0 "HO" 1989
2 1990 0.235714285714286 21.1285714285714 0 0 0 "HO" 1990
2 1991 0 20.1785714285714 0 0 0 "HO" 1991
2 1992 0.0555555555555556 21.2444444444444 0 0 0 "HO" 1992
2 1993 0.03 22.065 0 0 0 "HO" 1993
2 1994 0.0384615384615385 21.2615384615385 0 0 0 "HO" 1994
2 1995 0.2 21.5392857142857 0 0 0 "HO" 1995
2 1996 0 20.540625 0 0 0 "HO" 1996
2 1997 0.215 21.0125 0 0 0 "HO" 1997
2 1998 0 22.3954545454545 0 0 0 "HO" 1998
2 1999 0.03125 20.65625 0 0 0 "HO" 1999
2 2000 0 19.8541666666667 0 0 0 "HO" 2000
2 2002 0.95 21.71875 0 0 0 "HO" 2002
2 2003 0 22.575 0 0 0 "HO" 2003
2 2004 0.5 21.775 0 0 0 "HO" 2004
2 2007 0 21.3227272727273 0 0 0 "HO" 2007
2 2008 0 21.5545454545455 0 0 0 "HO" 2008
2 2009 0.490909090909091 20.5681818181818 0 0 0 "HO" 2009
2 2010 0.55 22.775 0 0 0 "HO" 2010
2 2011 0 21.3785714285714 0 0 0 "HO" 2011
2 2012 0.02 21.4266666666667 0 0 0 "HO" 2012
2 2013 0 21.65 0 0 0 "HO" 2013
2 2015 0 21.8178571428571 0 0 0 "HO" 2015
2 2016 0.173333333333333 21.57 0 0 0 "HO" 2016
2 2017 0 22.2423076923077 0 0 0 "HO" 2017
2 2018 0.191666666666667 20.6375 0 0 0 "HO" 2018
3 1974 0.5 22.25 0 0 0 "HO" 1974
3 1979 0 23.3125 0 0 0 "HO" 1979
3 1980 0 23.5 0 0 0 "HO" 1980
3 1981 0.35 23.6428571428571 0 0 0 "HO" 1981
3 1982 0.0454545454545455 22.9 0 0 0 "HO" 1982
3 1983 1.7 24.1428571428571 0 0 0 "HO" 1983
3 1984 0.108333333333333 22.5583333333333 0 0 0 "HO" 1984
3 1985 0.113636363636364 22.3431818181818 0 0 0 "HO" 1985
3 1986 0 21.2535714285714 0 0 0 "HO" 1986
3 1987 3.43333333333333 22.5333333333333 0 0 0 "HO" 1987
3 1988 0.353333333333333 22.5066666666667 0 0 0 "HO" 1988
3 1989 0.282352941176471 21.8588235294118 0 0 0 "HO" 1989
3 1990 0.153333333333333 22.0066666666667 0 0 0 "HO" 1990
3 1991 0.0888888888888889 22.6222222222222 0 0 0 "HO" 1991
3 1992 1.39411764705882 22.9735294117647 0 0 0 "HO" 1992
3 1993 0.0714285714285714 22.4714285714286 0 0 0 "HO" 1993
3 1994 0.0214285714285714 23.0535714285714 0 0 0 "HO" 1994
3 1995 0.125 22.9916666666667 0 0 0 "HO" 1995
3 1996 0.635714285714286 20.7107142857143 0 0 0 "HO" 1996
3 1997 1.74210526315789 22.8842105263158 0 0 0 "HO" 1997
3 1998 0.5 23.8588235294118 0 0 0 "HO" 1998
3 1999 0.135294117647059 22.1352941176471 0 0 0 "HO" 1999
3 2000 0 22.38 0 0 0 "HO" 2000
3 2001 0 21.675 0 0 0 "HO" 2001
3 2002 0.0666666666666667 22.6625 0 0 0 "HO" 2002
3 2003 0.30625 23.79375 0 0 0 "HO" 2003
3 2004 0.383333333333333 22.1541666666667 0 0 0 "HO" 2004
3 2007 0.26875 21.665625 0 0 0 "HO" 2007
3 2008 0 22.3 0 0 0 "HO" 2008
3 2009 0 21.0178571428571 0 0 0 "HO" 2009
3 2010 0 23.41 0 0 0 "HO" 2010
3 2011 0 21.45 0 0 0 "HO" 2011
3 2012 0.0166666666666667 22.0166666666667 0 0 0 "HO" 2012
3 2013 0.1 23.3088235294118 0 0 0 "HO" 2013
3 2015 0.0230769230769231 23.5076923076923 0 0 0 "HO" 2015
3 2016 0 23.75 0 0 0 "HO" 2016
3 2017 0.0357142857142857 22.975 0 0 0 "HO" 2017
3 2018 0.0461538461538461 21.8653846153846 0 0 0 "HO" 2018
4 1979 6.30833333333333 24.75 0 0 0 "HO" 1979
4 1980 0.0461538461538461 24.5 0 0 0 "HO" 1980
4 1981 3.31666666666667 23.4166666666667 0 0 0 "HO" 1981
4 1982 0.0357142857142857 24.7392857142857 0 0 0 "HO" 1982
4 1983 0.2 24.9875 0 0 0 "HO" 1983
4 1984 0.314285714285714 24.3821428571429 0 0 0 "HO" 1984
4 1985 0.5 24.009375 0 0 0 "HO" 1985
4 1986 0 23.5636363636364 0 0 0 "HO" 1986
4 1987 0 17.5 0 0 0 "HO" 1987
4 1988 2.99090909090909 24.2795454545455 0 0 0 "HO" 1988
4 1989 0.371428571428571 23.6238095238095 0 0 0 "HO" 1989
4 1990 0.180952380952381 24.0857142857143 0 0 0 "HO" 1990
4 1991 1.1875 24.546875 0 0 0 "HO" 1991
4 1992 0.346666666666667 24.8866666666667 0 0 0 "HO" 1992
4 1993 1.07647058823529 24.2558823529412 0 0 0 "HO" 1993
4 1994 0.526666666666667 24.1233333333333 0 0 0 "HO" 1994
4 1995 25.08125 24.125 0 0 0 "HO" 1995
4 1996 1.96111111111111 23.5222222222222 0 0 0 "HO" 1996
4 1997 0 23.475 0 0 0 "HO" 1997
4 1998 0 25.2933333333333 0 0 0 "HO" 1998
4 1999 0.871428571428571 24.0178571428571 0 0 0 "HO" 1999
4 2001 0 23.8 0 0 0 "HO" 2001
4 2002 0 24.0625 0 0 0 "HO" 2002
4 2003 0 23.6227272727273 0 0 0 "HO" 2003
4 2004 0.645454545454545 22.9772727272727 0 0 0 "HO" 2004
4 2007 4.26153846153846 23.7961538461538 0 0 0 "HO" 2007
4 2008 0 23.835 0 0 0 "HO" 2008
4 2009 0.0333333333333333 23.8466666666667 0 0 0 "HO" 2009
4 2010 4.7 24.14 0 0 0 "HO" 2010
4 2011 1.92142857142857 23.3571428571429 0 0 0 "HO" 2011
4 2012 3.70526315789474 23.7210526315789 0 0 0 "HO" 2012
4 2013 0.5875 24.778125 0 0 0 "HO" 2013
4 2015 1.02 24.91 0 0 0 "HO" 2015
4 2016 0.854545454545455 25.5136363636364 0 0 0 "HO" 2016
4 2017 0.341666666666667 24.7916666666667 0 0 0 "HO" 2017
4 2018 4.73 23.66 0 0 0 "HO" 2018
5 1974 3.55 23.75 0 0 0 "HO" 1974
5 1975 0 24 0 0 0 "HO" 1975
5 1977 57.9 21.5 0 0 0 "HO" 1977
5 1979 1.21176470588235 24.7352941176471 0 0 0 "HO" 1979
5 1980 3.24444444444444 26.2777777777778 0 0 0 "HO" 1980
5 1981 8.24736842105263 24.7105263157895 0 0 0 "HO" 1981
5 1982 2.97333333333333 24.8166666666667 0 0 0 "HO" 1982
5 1983 0 25.5 0 0 0 "HO" 1983
5 1984 6.52 24.1866666666667 0 0 0 "HO" 1984
5 1985 1.875 23.7625 0 0 0 "HO" 1985
5 1986 4.78947368421053 24.2763157894737 0 0 0 "HO" 1986
5 1987 2.97 24.485 0 0 0 "HO" 1987
5 1988 4.20416666666667 24.09375 0 0 0 "HO" 1988
5 1989 3.14210526315789 22.6631578947368 0 0 0 "HO" 1989
5 1990 5.49444444444444 24.3194444444444 0 0 0 "HO" 1990
5 1991 5.085 24.1575 0 0 0 "HO" 1991
5 1992 3.68947368421053 24 0 0 0 "HO" 1992
5 1993 10.5333333333333 23.6309523809524 0 0 0 "HO" 1993
5 1994 9.14166666666667 23.8875 0 0 0 "HO" 1994
5 1995 4.775 23.825 0 0 0 "HO" 1995
5 1996 3.84782608695652 23.8652173913043 0 0 0 "HO" 1996
5 1997 0.913333333333333 24.8366666666667 0 0 0 "HO" 1997
5 1998 7.25555555555556 25.0111111111111 0 0 0 "HO" 1998
5 1999 2.8125 24.1375 0 0 0 "HO" 1999
5 2001 0.5 24.71 0 0 0 "HO" 2001
5 2002 8.11333333333333 24.85 0 0 0 "HO" 2002
5 2003 7.8375 24.578125 0 0 0 "HO" 2003
5 2004 3.24166666666667 23.5 0 0 0 "HO" 2004
5 2007 1.39444444444444 24.0944444444444 0 0 0 "HO" 2007
5 2008 19.3846153846154 24.5961538461538 0 0 0 "HO" 2008
5 2009 5.93636363636364 24.0409090909091 0 0 0 "HO" 2009
5 2010 4.31818181818182 24.1590909090909 0 0 0 "HO" 2010
5 2011 5.93684210526316 24.0815789473684 0 0 0 "HO" 2011
5 2012 7.08823529411765 23.5088235294118 0 0 0 "HO" 2012
5 2013 4.79285714285714 24.1142857142857 0 0 0 "HO" 2013
5 2015 2.84 24.535 0 0 0 "HO" 2015
5 2016 4.00769230769231 25.7461538461538 0 0 0 "HO" 2016
5 2017 2.67142857142857 24.0857142857143 0 0 0 "HO" 2017
5 2018 5.75833333333333 23.2708333333333 0 0 0 "HO" 2018
6 1973 0 23 0 0 0 "HO" 1973
6 1975 8.1 22.5 0 0 0 "HO" 1975
6 1976 47.5 22 0 0 0 "HO" 1976
6 1977 10.4 22.5 0 0 0 "HO" 1977
6 1979 7.68666666666667 24.2666666666667 0 0 0 "HO" 1979
6 1980 6.78571428571429 24.4285714285714 0 0 0 "HO" 1980
6 1981 8.00833333333333 24 0 0 0 "HO" 1981
6 1982 6.03333333333333 24.1708333333333 0 0 0 "HO" 1982
6 1983 8.50588235294118 25.2411764705882 0 0 0 "HO" 1983
6 1984 8.25454545454545 23.4318181818182 0 0 0 "HO" 1984
6 1985 2.1 22.8264705882353 0 0 0 "HO" 1985
6 1986 2.32 23.6 0 0 0 "HO" 1986
6 1987 13.52 24.215 0 0 0 "HO" 1987
6 1988 10.0736842105263 23.5263157894737 0 0 0 "HO" 1988
6 1989 3.14 23.035 0 0 0 "HO" 1989
6 1990 2.21 23.4175 0 0 0 "HO" 1990
6 1991 3.71428571428571 23.5261904761905 0 0 0 "HO" 1991
6 1992 6.62105263157895 24.5026315789474 0 0 0 "HO" 1992
6 1993 5.53529411764706 22.9705882352941 0 0 0 "HO" 1993
6 1994 2.45 22.845 0 0 0 "HO" 1994
6 1995 3.86315789473684 23.9 0 0 0 "HO" 1995
6 1996 1.07647058823529 23.9588235294118 0 0 0 "HO" 1996
6 1997 7.515 23.6725 0 0 0 "HO" 1997
6 1998 12.0882352941176 24.2823529411765 0 0 0 "HO" 1998
6 1999 2.93888888888889 23.1666666666667 0 0 0 "HO" 1999
6 2001 0.0333333333333333 22.8722222222222 0 0 0 "HO" 2001
6 2002 4.34545454545455 23.7227272727273 0 0 0 "HO" 2002
6 2003 10.43 23.83 0 0 0 "HO" 2003
6 2004 0.08 23.515 0 0 0 "HO" 2004
6 2007 6.79090909090909 23.3681818181818 0 0 0 "HO" 2007
6 2008 5.51333333333333 23.4433333333333 0 0 0 "HO" 2008
6 2009 10.95 23.490625 0 0 0 "HO" 2009
6 2010 1.37142857142857 23.8071428571429 0 0 0 "HO" 2010
6 2011 6.01176470588235 23.5705882352941 0 0 0 "HO" 2011
6 2012 3.36111111111111 23.2805555555556 0 0 0 "HO" 2012
6 2013 0.366666666666667 23.0666666666667 0 0 0 "HO" 2013
6 2015 6.16 24.2733333333333 0 0 0 "HO" 2015
6 2016 6.76666666666667 23.7111111111111 0 0 0 "HO" 2016
6 2017 3.94615384615385 23.9538461538462 0 0 0 "HO" 2017
6 2018 6.69166666666667 22.4333333333333 0 0 0 "HO" 2018
7 1979 0.786666666666667 23.9 0 0 0 "HO" 1979
7 1980 3.82 23.6 0 0 0 "HO" 1980
7 1981 3.25 23.5555555555556 0 0 0 "HO" 1981
7 1982 1.84444444444444 22.9111111111111 0 0 0 "HO" 1982
7 1983 1.45625 23.978125 0 0 0 "HO" 1983
7 1984 4.30666666666667 22.62 0 0 0 "HO" 1984
7 1985 5.13684210526316 22.55 0 0 0 "HO" 1985
7 1987 4.28 22.33 0 0 0 "HO" 1987
7 1988 2.32307692307692 23.0615384615385 0 0 0 "HO" 1988
7 1989 2.93333333333333 23.0388888888889 0 0 0 "HO" 1989
7 1990 1.6 22.93 0 0 0 "HO" 1990
7 1991 0.0904761904761905 23.1357142857143 0 0 0 "HO" 1991
7 1992 1.57391304347826 22.5608695652174 0 0 0 "HO" 1992
7 1993 1.79090909090909 22.9136363636364 0 0 0 "HO" 1993
7 1994 1.07333333333333 22.9066666666667 0 0 0 "HO" 1994
7 1995 1.17894736842105 23.35 0 0 0 "HO" 1995
7 1996 1.07333333333333 22.93 0 0 0 "HO" 1996
7 1997 1.16315789473684 23.9 0 0 0 "HO" 1997
7 1998 3.30476190476191 23.1761904761905 0 0 0 "HO" 1998
7 1999 2.08947368421053 22.5026315789474 0 0 0 "HO" 1999
7 2001 3.31 23.435 0 0 0 "HO" 2001
7 2002 1.08666666666667 23.3566666666667 0 0 0 "HO" 2002
7 2003 2.46363636363636 23.1386363636364 0 0 0 "HO" 2003
7 2004 0.784615384615385 23.0615384615385 0 0 0 "HO" 2004
7 2006 1.075 23.2375 0 0 0 "HO" 2006
7 2007 1.15294117647059 23.3352941176471 0 0 0 "HO" 2007
7 2008 9.93888888888889 22.825 0 0 0 "HO" 2008
7 2009 1.32 23.63 0 0 0 "HO" 2009
7 2010 15.2916666666667 23.5583333333333 0 0 0 "HO" 2010
7 2011 3.26666666666667 23.1055555555556 0 0 0 "HO" 2011
7 2012 0.484210526315789 23.0657894736842 0 0 0 "HO" 2012
7 2013 1.49333333333333 23.1 0 0 0 "HO" 2013
7 2015 1.13636363636364 23.6136363636364 0 0 0 "HO" 2015
7 2016 1.63333333333333 24.3944444444444 0 0 0 "HO" 2016
7 2017 1.7 22.9923076923077 0 0 0 "HO" 2017
7 2018 0.481818181818182 22.7363636363636 0 0 0 "HO" 2018
8 1976 5.1 24 0 0 0 "HO" 1976
8 1978 16.5 23.75 0 0 0 "HO" 1978
8 1979 4.98571428571429 23.25 0 0 0 "HO" 1979
8 1980 1.87 23.95 0 0 0 "HO" 1980
8 1981 8.07142857142857 24 0 0 0 "HO" 1981
8 1982 1.55 23.95 0 0 0 "HO" 1982
8 1983 5.95833333333333 24.0625 0 0 0 "HO" 1983
8 1984 5.91 22.34 0 0 0 "HO" 1984
8 1985 1.32941176470588 22.8705882352941 0 0 0 "HO" 1985
8 1987 0.49 23.235 0 0 0 "HO" 1987
8 1988 7.95263157894737 23.1394736842105 0 0 0 "HO" 1988
8 1989 3.51052631578947 23.3473684210526 0 0 0 "HO" 1989
8 1990 1.65 23.1181818181818 0 0 0 "HO" 1990
8 1991 1.27777777777778 23.8 0 0 0 "HO" 1991
8 1992 0.54 22.8966666666667 0 0 0 "HO" 1992
8 1993 2.5 23.1692307692308 0 0 0 "HO" 1993
8 1994 0.216666666666667 23.1375 0 0 0 "HO" 1994
8 1995 14.1444444444444 23.8638888888889 0 0 0 "HO" 1995
8 1996 11.1909090909091 22.5454545454545 0 0 0 "HO" 1996
8 1997 3.64615384615385 24.2961538461538 0 0 0 "HO" 1997
8 1998 1.56190476190476 23.5642857142857 0 0 0 "HO" 1998
8 1999 1.53809523809524 23.3071428571429 0 0 0 "HO" 1999
8 2000 0.533333333333333 23.9666666666667 0 0 0 "HO" 2000
8 2001 3.64444444444444 23.8833333333333 0 0 0 "HO" 2001
8 2002 1.01538461538462 23.6615384615385 0 0 0 "HO" 2002
8 2003 3.08947368421053 22.9973684210526 0 0 0 "HO" 2003
8 2004 0.375 24.2166666666667 0 0 0 "HO" 2004
8 2006 1.1 23.7833333333333 0 0 0 "HO" 2006
8 2007 4.82941176470588 23.6617647058824 0 0 0 "HO" 2007
8 2008 2.96666666666667 23.1972222222222 0 0 0 "HO" 2008
8 2009 0.273333333333333 23.4766666666667 0 0 0 "HO" 2009
8 2010 9.19411764705882 23.6176470588235 0 0 0 "HO" 2010
8 2011 1.51428571428571 23.5892857142857 0 0 0 "HO" 2011
8 2012 9.47222222222222 23.3416666666667 0 0 0 "HO" 2012
8 2013 4.38333333333333 22.9041666666667 0 0 0 "HO" 2013
8 2015 0.646153846153846 24.7961538461538 0 0 0 "HO" 2015
8 2016 8.43846153846154 24.4769230769231 0 0 0 "HO" 2016
8 2017 1.68125 23.95625 0 0 0 "HO" 2017
8 2018 0.5 22.921875 0 0 0 "HO" 2018
9 1975 14 22 0 0 0 "HO" 1975
9 1978 21.3 21.5 0 0 0 "HO" 1978
9 1979 6.59375 23.28125 0 0 0 "HO" 1979
9 1980 4.82727272727273 23.8181818181818 0 0 0 "HO" 1980
9 1981 1.67368421052632 23.9473684210526 0 0 0 "HO" 1981
9 1982 3.73333333333333 23.8208333333333 0 0 0 "HO" 1982
9 1983 6.66428571428571 23.95 0 0 0 "HO" 1983
9 1984 9.51111111111111 22.6027777777778 0 0 0 "HO" 1984
9 1985 0.635714285714286 22.9928571428571 0 0 0 "HO" 1985
9 1986 12.0166666666667 22.3916666666667 0 0 0 "HO" 1986
9 1987 10.1571428571429 23.1785714285714 0 0 0 "HO" 1987
9 1988 13.08125 22.709375 0 0 0 "HO" 1988
9 1989 10.875 23.11 0 0 0 "HO" 1989
9 1990 4.53888888888889 23.1694444444444 0 0 0 "HO" 1990
9 1991 2.85909090909091 23.6931818181818 0 0 0 "HO" 1991
9 1992 6.61052631578947 23.0578947368421 0 0 0 "HO" 1992
9 1993 6.53478260869565 22.3847826086957 0 0 0 "HO" 1993
9 1994 3.07894736842105 23.2947368421053 0 0 0 "HO" 1994
9 1995 4.77142857142857 23.5464285714286 0 0 0 "HO" 1995
9 1996 2.71052631578947 23.0368421052632 0 0 0 "HO" 1996
9 1997 0.515384615384615 23.7192307692308 0 0 0 "HO" 1997
9 1998 1.25909090909091 23.6090909090909 0 0 0 "HO" 1998
9 1999 4.58095238095238 23.3238095238095 0 0 0 "HO" 1999
9 2000 0.233333333333333 23.525 0 0 0 "HO" 2000
9 2001 0.52 23.04 0 0 0 "HO" 2001
9 2002 1.99166666666667 22.7833333333333 0 0 0 "HO" 2002
9 2003 2.35555555555556 23.2555555555556 0 0 0 "HO" 2003
9 2004 5.2 24.45625 0 0 0 "HO" 2004
9 2006 1.67777777777778 23.6 0 0 0 "HO" 2006
9 2007 3.96 23.0866666666667 0 0 0 "HO" 2007
9 2008 1.72857142857143 23.6321428571429 0 0 0 "HO" 2008
9 2009 0.34375 23.48125 0 0 0 "HO" 2009
9 2010 6.935 23.0525 0 0 0 "HO" 2010
9 2011 4.31578947368421 23.3657894736842 0 0 0 "HO" 2011
9 2012 3.03333333333333 22.8138888888889 0 0 0 "HO" 2012
9 2013 8.3 23.4366666666667 0 0 0 "HO" 2013
9 2015 7.42857142857143 24.425 0 0 0 "HO" 2015
9 2016 1.52727272727273 24.1909090909091 0 0 0 "HO" 2016
9 2017 8.63846153846154 24.1538461538462 0 0 0 "HO" 2017
9 2018 0.471428571428571 22.8571428571429 0 0 0 "HO" 2018
10 1979 3.87647058823529 22.7058823529412 0 0 0 "HO" 1979
10 1980 5.66 23.3 0 0 0 "HO" 1980
10 1981 1.3 22.85 0 0 0 "HO" 1981
10 1982 0.777777777777778 21.5888888888889 0 0 0 "HO" 1982
10 1983 2.1125 22.5875 0 0 0 "HO" 1983
10 1984 2.76190476190476 22.3142857142857 0 0 0 "HO" 1984
10 1985 4.09473684210526 22.2447368421053 0 0 0 "HO" 1985
10 1986 1.16 22.45 0 0 0 "HO" 1986
10 1987 1.225 21.0125 0 0 0 "HO" 1987
10 1988 4.88461538461539 22.0307692307692 0 0 0 "HO" 1988
10 1989 2.89333333333333 22.0166666666667 0 0 0 "HO" 1989
10 1990 2.375 22.371875 0 0 0 "HO" 1990
10 1991 4.18125 22.46875 0 0 0 "HO" 1991
10 1992 4.28947368421053 21.9973684210526 0 0 0 "HO" 1992
10 1993 4.95 22.5275 0 0 0 "HO" 1993
10 1994 3.76666666666667 22.8375 0 0 0 "HO" 1994
10 1995 3.325 22.33 0 0 0 "HO" 1995
10 1996 5.41818181818182 22.6272727272727 0 0 0 "HO" 1996
10 1997 9.66470588235294 22.4941176470588 0 0 0 "HO" 1997
10 1998 9.92631578947368 22.9552631578947 0 0 0 "HO" 1998
10 1999 15.25 22.65 0 0 0 "HO" 1999
10 2000 2.24 22.445 0 0 0 "HO" 2000
10 2001 4.64545454545455 22.9136363636364 0 0 0 "HO" 2001
10 2002 2.28823529411765 22.7323529411765 0 0 0 "HO" 2002
10 2003 2.95625 23.38125 0 0 0 "HO" 2003
10 2004 3.36 23.47 0 0 0 "HO" 2004
10 2006 3.92222222222222 24.0444444444444 0 0 0 "HO" 2006
10 2007 0.509090909090909 22.1454545454545 0 0 0 "HO" 2007
10 2008 7.54615384615385 22.5961538461538 0 0 0 "HO" 2008
10 2009 0.373333333333333 22.55 0 0 0 "HO" 2009
10 2010 0.311111111111111 21.2055555555556 0 0 0 "HO" 2010
10 2011 4.8 21.5973684210526 0 0 0 "HO" 2011
10 2012 4.26086956521739 22.3521739130435 0 0 0 "HO" 2012
10 2013 1.93684210526316 23.5052631578947 0 0 0 "HO" 2013
10 2015 4.67777777777778 24.0861111111111 0 0 0 "HO" 2015
10 2016 10.9428571428571 23.1607142857143 0 0 0 "HO" 2016
10 2017 7.30714285714286 22.3857142857143 0 0 0 "HO" 2017
10 2018 7.21 22.2325 0 0 0 "HO" 2018
11 1978 2 21.5 0 0 0 "HO" 1978
11 1979 6.58823529411765 21.1176470588235 0 0 0 "HO" 1979
11 1980 1.13846153846154 21.6923076923077 0 0 0 "HO" 1980
11 1981 1.67 20.6 0 0 0 "HO" 1981
11 1982 0 20.9333333333333 0 0 0 "HO" 1982
11 1983 0.442857142857143 22.4 0 0 0 "HO" 1983
11 1984 1.20833333333333 19.9583333333333 0 0 0 "HO" 1984
11 1985 0.785 21.575 0 0 0 "HO" 1985
11 1986 0.04 21.22 0 0 0 "HO" 1986
11 1987 0.827272727272727 22.4181818181818 0 0 0 "HO" 1987
11 1988 0.35 21.7916666666667 0 0 0 "HO" 1988
11 1989 1.08947368421053 21.8710526315789 0 0 0 "HO" 1989
11 1990 3.2 21.5423076923077 0 0 0 "HO" 1990
11 1991 0.166666666666667 21.4066666666667 0 0 0 "HO" 1991
11 1992 0.313333333333333 21.8266666666667 0 0 0 "HO" 1992
11 1993 0.625 21.1175 0 0 0 "HO" 1993
11 1994 1.49285714285714 21.25 0 0 0 "HO" 1994
11 1995 5.945 21.42 0 0 0 "HO" 1995
11 1996 0.990476190476191 20.6785714285714 0 0 0 "HO" 1996
11 1997 1.92222222222222 22.0694444444444 0 0 0 "HO" 1997
11 1998 1.80909090909091 21.7863636363636 0 0 0 "HO" 1998
11 1999 0.16 18.58 0 0 0 "HO" 1999
11 2000 2.86 21.26 0 0 0 "HO" 2000
11 2001 0.338461538461538 20.9538461538462 0 0 0 "HO" 2001
11 2002 0.347058823529412 21.4529411764706 0 0 0 "HO" 2002
11 2003 1.26363636363636 22.1590909090909 0 0 0 "HO" 2003
11 2006 10.8333333333333 21.7333333333333 0 0 0 "HO" 2006
11 2007 0.02 20.29 0 0 0 "HO" 2007
11 2008 3.94285714285714 19.5857142857143 0 0 0 "HO" 2008
11 2009 1.37142857142857 21.9357142857143 0 0 0 "HO" 2009
11 2010 0.292307692307692 20.4423076923077 0 0 0 "HO" 2010
11 2011 2.08 21.025 0 0 0 "HO" 2011
11 2012 0.178571428571429 19.8357142857143 0 0 0 "HO" 2012
11 2013 0.6375 21.953125 0 0 0 "HO" 2013
11 2015 1.04375 22.815625 0 0 0 "HO" 2015
11 2016 0.0384615384615385 22.1884615384615 0 0 0 "HO" 2016
11 2017 0.666666666666667 20.2375 0 0 0 "HO" 2017
11 2018 0.108333333333333 21.0333333333333 0 0 0 "HO" 2018
12 1976 2.3 22 0 0 0 "HO" 1976
12 1979 0.16 20.4 0 0 0 "HO" 1979
12 1981 0.966666666666667 20.8333333333333 0 0 0 "HO" 1981
12 1982 0.276923076923077 21.2923076923077 0 0 0 "HO" 1982
12 1983 1.15 21.4375 0 0 0 "HO" 1983
12 1984 0.05 19.8535714285714 0 0 0 "HO" 1984
12 1985 0.0615384615384615 20.4423076923077 0 0 0 "HO" 1985
12 1986 1.1 20.2 0 0 0 "HO" 1986
12 1987 0.2125 22.5625 0 0 0 "HO" 1987
12 1988 0.06 19.86 0 0 0 "HO" 1988
12 1989 0.00833333333333333 19.6625 0 0 0 "HO" 1989
12 1990 0.51 20.6575 0 0 0 "HO" 1990
12 1991 0.2875 20.515625 0 0 0 "HO" 1991
12 1992 0.777777777777778 20.9333333333333 0 0 0 "HO" 1992
12 1993 0.46875 19.7 0 0 0 "HO" 1993
12 1994 0 21.41875 0 0 0 "HO" 1994
12 1995 14.8692307692308 21.2115384615385 0 0 0 "HO" 1995
12 1996 0 20 0 0 0 "HO" 1996
12 1997 0 20.2269230769231 0 0 0 "HO" 1997
12 1998 0 20.6916666666667 0 0 0 "HO" 1998
12 1999 0.173684210526316 20.2921052631579 0 0 0 "HO" 1999
12 2000 0.1 20.55 0 0 0 "HO" 2000
12 2001 0.0272727272727273 21.9636363636364 0 0 0 "HO" 2001
12 2002 0 21.2346153846154 0 0 0 "HO" 2002
12 2003 0.0333333333333333 19.9111111111111 0 0 0 "HO" 2003
12 2006 0.38 21.265 0 0 0 "HO" 2006
12 2007 0 20.0035714285714 0 0 0 "HO" 2007
12 2008 0 20.5388888888889 0 0 0 "HO" 2008
12 2009 0 21.446875 0 0 0 "HO" 2009
12 2010 0 19.4970588235294 0 0 0 "HO" 2010
12 2011 0.0384615384615385 20.0653846153846 0 0 0 "HO" 2011
12 2012 0.227777777777778 21.0861111111111 0 0 0 "HO" 2012
12 2013 0.294444444444444 21.3027777777778 0 0 0 "HO" 2013
12 2015 5.1 22.3178571428571 0 0 0 "HO" 2015
12 2016 0.975 21.7 0 0 0 "HO" 2016
12 2017 0.108333333333333 20.3541666666667 0 0 0 "HO" 2017
12 2018 0 19.5777777777778 0 0 0 "HO" 2018
1 1982 0 24.8 0 0 0 "HO" 1982
1 1983 16.4777777777778 21.9944444444444 0 0 0 "HO" 1983
1 1984 2.1 23.24375 0 0 0 "HO" 1984
1 1985 16.195 22.07 0 0 0 "HO" 1985
1 1986 16.5625 21.921875 0 0 0 "HO" 1986
1 1987 0.766666666666667 23.1833333333333 0 0 0 "HO" 1987
1 1988 5.49333333333333 23.77 0 0 0 "HO" 1988
1 1989 10.0058823529412 23.6470588235294 0 0 0 "HO" 1989
1 1990 2.825 23.371875 0 0 0 "HO" 1990
1 1991 19.5473684210526 24.1421052631579 0 0 0 "HO" 1991
1 1992 3.46666666666667 24.1166666666667 0 0 0 "HO" 1992
1 1993 3.40833333333333 24.025 0 0 0 "HO" 1993
1 1994 17.2428571428571 23.275 0 0 0 "HO" 1994
1 1995 1.875 24.25625 0 0 0 "HO" 1995
1 1996 1.93 23.545 0 0 0 "HO" 1996
1 1997 11.2652173913043 23.5695652173913 0 0 0 "HO" 1997
1 1998 16.8 24.775 0 0 0 "HO" 1998
1 1999 30.8363636363636 23.8318181818182 0 0 0 "HO" 1999
1 2000 0.607692307692308 23.0461538461538 0 0 0 "HO" 2000
1 2001 15.66 22.01 0 0 0 "HO" 2001
1 2002 0 23.3625 0 0 0 "HO" 2002
1 2003 4.4875 21.725 0 0 0 "HO" 2003
1 2004 0.455555555555556 23.0444444444444 0 0 0 "HO" 2004
1 2007 1.43571428571429 24.25 0 0 0 "HO" 2007
1 2008 7.22173913043478 23.6521739130435 0 0 0 "HO" 2008
1 2009 2.78235294117647 23.1294117647059 0 0 0 "HO" 2009
1 2010 13.1285714285714 23.1 0 0 0 "HO" 2010
1 2011 11.9733333333333 23.55 0 0 0 "HO" 2011
1 2012 0.422222222222222 23.8388888888889 0 0 0 "HO" 2012
1 2013 9.79444444444444 23.1777777777778 0 0 0 "HO" 2013
1 2014 3.8 23.1818181818182 0 0 0 "HO" 2014
1 2015 7.96190476190476 23.6380952380952 0 0 0 "HO" 2015
1 2016 11.3411764705882 24.1147058823529 0 0 0 "HO" 2016
1 2017 15.32 23.5866666666667 0 0 0 "HO" 2017
1 2018 23.2636363636364 23.0727272727273 0 0 0 "HO" 2018
1 2019 0.922222222222222 24.1111111111111 0 0 0 "HO" 2019
2 1978 121.475 23.25 0 0 0 "HO" 1978
2 1981 0 23.5 0 0 0 "HO" 1981
2 1982 9.9 23.6 0 0 0 "HO" 1982
2 1983 10.4 24.8 0 0 0 "HO" 1983
2 1984 2.28333333333333 23.9083333333333 0 0 0 "HO" 1984
2 1985 5.3 23.27 0 0 0 "HO" 1985
2 1986 0.710526315789474 23.4657894736842 0 0 0 "HO" 1986
2 1987 0 24.85 0 0 0 "HO" 1987
2 1988 5.41 23.7475 0 0 0 "HO" 1988
2 1989 11.2631578947368 23.1421052631579 0 0 0 "HO" 1989
2 1990 2.58181818181818 24.2772727272727 0 0 0 "HO" 1990
2 1991 0.166666666666667 24.2111111111111 0 0 0 "HO" 1991
2 1992 1.19 24.06 0 0 0 "HO" 1992
2 1993 2.64117647058824 23.8352941176471 0 0 0 "HO" 1993
2 1994 7.64 23.935 0 0 0 "HO" 1994
2 1995 3.72857142857143 23.9321428571429 0 0 0 "HO" 1995
2 1996 16.20625 23.3625 0 0 0 "HO" 1996
2 1997 0.272727272727273 24.2772727272727 0 0 0 "HO" 1997
2 1998 0.06 24.63 0 0 0 "HO" 1998
2 1999 14.0882352941176 23.6 0 0 0 "HO" 1999
2 2000 0.733333333333333 23.5888888888889 0 0 0 "HO" 2000
2 2001 0.866666666666667 23.825 0 0 0 "HO" 2001
2 2002 1.3625 23.95 0 0 0 "HO" 2002
2 2003 7.825 23.975 0 0 0 "HO" 2003
2 2004 15.025 23.92 0 0 0 "HO" 2004
2 2007 4.07777777777778 24.5833333333333 0 0 0 "HO" 2007
2 2008 7.28421052631579 24.4263157894737 0 0 0 "HO" 2008
2 2009 2.5 23.8357142857143 0 0 0 "HO" 2009
2 2010 8.23333333333333 24.4083333333333 0 0 0 "HO" 2010
2 2011 31.01 24.155 0 0 0 "HO" 2011
2 2012 3.62 24.13 0 0 0 "HO" 2012
2 2013 2.195 24.0475 0 0 0 "HO" 2013
2 2014 5.83157894736842 24.4552631578947 0 0 0 "HO" 2014
2 2015 12.48125 22.903125 0 0 0 "HO" 2015
2 2016 4.36470588235294 22.9735294117647 0 0 0 "HO" 2016
2 2017 1.25294117647059 23.8264705882353 0 0 0 "HO" 2017
2 2018 2.19090909090909 24.0772727272727 0 0 0 "HO" 2018
3 1978 497.1 25 0 0 0 "HO" 1978
3 1979 0 23 0 0 0 "HO" 1979
3 1982 100.3 23.6 0 0 0 "HO" 1982
3 1983 1.43333333333333 24.3333333333333 0 0 0 "HO" 1983
3 1984 4.86666666666667 25.2416666666667 0 0 0 "HO" 1984
3 1985 4.08095238095238 24.402380952381 0 0 0 "HO" 1985
3 1986 4.31538461538462 24.5038461538462 0 0 0 "HO" 1986
3 1987 0.06 25.77 0 0 0 "HO" 1987
3 1988 21.4416666666667 23.5791666666667 0 0 0 "HO" 1988
3 1989 4.1625 23.221875 0 0 0 "HO" 1989
3 1990 2.82142857142857 24 0 0 0 "HO" 1990
3 1991 0.03 24.975 0 0 0 "HO" 1991
3 1992 0.32 25.1466666666667 0 0 0 "HO" 1992
3 1993 3.54117647058824 23.9970588235294 0 0 0 "HO" 1993
3 1994 0 24.9428571428571 0 0 0 "HO" 1994
3 1995 0.68 24.625 0 0 0 "HO" 1995
3 1996 9.67222222222222 23.2194444444444 0 0 0 "HO" 1996
3 1997 0.441666666666667 26.0291666666667 0 0 0 "HO" 1997
3 1998 1.8375 25.00625 0 0 0 "HO" 1998
3 1999 2.70666666666667 24.29 0 0 0 "HO" 1999
3 2000 0 24.9625 0 0 0 "HO" 2000
3 2001 0 23.5 0 0 0 "HO" 2001
3 2002 1.01428571428571 24.5428571428571 0 0 0 "HO" 2002
3 2003 1.5 25.9375 0 0 0 "HO" 2003
3 2004 0.946153846153846 24.6346153846154 0 0 0 "HO" 2004
3 2007 12.975 24.45 0 0 0 "HO" 2007
3 2008 8.73333333333333 24.6666666666667 0 0 0 "HO" 2008
3 2009 7.48181818181818 23.5772727272727 0 0 0 "HO" 2009
3 2010 0.185714285714286 24.4285714285714 0 0 0 "HO" 2010
3 2011 0.409090909090909 24.0136363636364 0 0 0 "HO" 2011
3 2012 3.28421052631579 24.8552631578947 0 0 0 "HO" 2012
3 2013 10.5 23.7166666666667 0 0 0 "HO" 2013
3 2014 3.065 25.2475 0 0 0 "HO" 2014
3 2015 3.57826086956522 24.9130434782609 0 0 0 "HO" 2015
3 2016 1.06842105263158 25.7973684210526 0 0 0 "HO" 2016
3 2017 3.08888888888889 24.3472222222222 0 0 0 "HO" 2017
3 2018 1.94705882352941 25.2117647058824 0 0 0 "HO" 2018
4 1980 21.1 27.5 0 0 0 "HO" 1980
4 1983 0.328571428571429 26.8142857142857 0 0 0 "HO" 1983
4 1984 0 27.075 0 0 0 "HO" 1984
4 1985 2.79333333333333 24.8533333333333 0 0 0 "HO" 1985
4 1986 0.0588235294117647 24.3588235294118 0 0 0 "HO" 1986
4 1987 81.8 18.7 0 0 0 "HO" 1987
4 1988 0 26.175 0 0 0 "HO" 1988
4 1989 7.20555555555555 25.6861111111111 0 0 0 "HO" 1989
4 1990 1.56 25.47 0 0 0 "HO" 1990
4 1991 0 26.0384615384615 0 0 0 "HO" 1991
4 1992 1.875 25.45 0 0 0 "HO" 1992
4 1993 0 25.9357142857143 0 0 0 "HO" 1993
4 1994 2.28333333333333 26.2833333333333 0 0 0 "HO" 1994
4 1995 0.0416666666666667 27.4958333333333 0 0 0 "HO" 1995
4 1996 0.0882352941176471 26.1588235294118 0 0 0 "HO" 1996
4 1997 0.88125 26.734375 0 0 0 "HO" 1997
4 1998 0 26.63 0 0 0 "HO" 1998
4 1999 1 26 0 0 0 "HO" 1999
4 2001 2 25.8 0 0 0 "HO" 2001
4 2002 0 25.38125 0 0 0 "HO" 2002
4 2003 7.46666666666667 25.3033333333333 0 0 0 "HO" 2003
4 2004 0 26.3285714285714 0 0 0 "HO" 2004
4 2007 2.71333333333333 25.79 0 0 0 "HO" 2007
4 2008 6.77727272727273 25.3 0 0 0 "HO" 2008
4 2009 2.08461538461538 25.9653846153846 0 0 0 "HO" 2009
4 2010 3.64 26.7633333333333 0 0 0 "HO" 2010
4 2011 0 26.35 0 0 0 "HO" 2011
4 2012 0.42 25.3775 0 0 0 "HO" 2012
4 2013 4.52941176470588 25.7088235294118 0 0 0 "HO" 2013
4 2014 1.05333333333333 25.98 0 0 0 "HO" 2014
4 2015 0.75 26.45 0 0 0 "HO" 2015
4 2016 0.892857142857143 26.475 0 0 0 "HO" 2016
4 2017 0.452941176470588 26.0352941176471 0 0 0 "HO" 2017
4 2018 4.80714285714286 26.1107142857143 0 0 0 "HO" 2018
5 1978 0 28.5 0 0 0 "HO" 1978
5 1982 24.3571428571429 26.6285714285714 0 0 0 "HO" 1982
5 1984 5.13 27.235 0 0 0 "HO" 1984
5 1985 12.0882352941176 26.4088235294118 0 0 0 "HO" 1985
5 1986 0.208695652173913 26.554347826087 0 0 0 "HO" 1986
5 1987 0.14375 26.453125 0 0 0 "HO" 1987
5 1988 0.531818181818182 26.9090909090909 0 0 0 "HO" 1988
5 1989 1.43888888888889 26.7944444444444 0 0 0 "HO" 1989
5 1990 3.46666666666667 27.0766666666667 0 0 0 "HO" 1990
5 1991 0.461904761904762 26.9642857142857 0 0 0 "HO" 1991
5 1992 0.990476190476191 25.6761904761905 0 0 0 "HO" 1992
5 1993 5.81428571428571 26.3333333333333 0 0 0 "HO" 1993
5 1994 0 27.2 0 0 0 "HO" 1994
5 1995 0 27.7333333333333 0 0 0 "HO" 1995
5 1996 0.772222222222222 27.1888888888889 0 0 0 "HO" 1996
5 1997 0.03 26.835 0 0 0 "HO" 1997
5 1998 0.2 26.9722222222222 0 0 0 "HO" 1998
5 1999 0.86875 26.896875 0 0 0 "HO" 1999
5 2001 2.28333333333333 26.65 0 0 0 "HO" 2001
5 2002 0.0833333333333333 27.125 0 0 0 "HO" 2002
5 2003 4.42857142857143 27.0404761904762 0 0 0 "HO" 2003
5 2004 1.66875 26.528125 0 0 0 "HO" 2004
5 2007 0 26.2846153846154 0 0 0 "HO" 2007
5 2008 2.60952380952381 27.0047619047619 0 0 0 "HO" 2008
5 2009 1.93 27.14 0 0 0 "HO" 2009
5 2010 1.24705882352941 28.1411764705882 0 0 0 "HO" 2010
5 2011 0.1625 27.1 0 0 0 "HO" 2011
5 2012 6.66521739130435 26.9173913043478 0 0 0 "HO" 2012
5 2013 0.939130434782609 26.3913043478261 0 0 0 "HO" 2013
5 2014 4.7695652173913 26.895652173913 0 0 0 "HO" 2014
5 2015 1.32 26.69 0 0 0 "HO" 2015
5 2016 0.725 27.905 0 0 0 "HO" 2016
5 2017 0.294736842105263 27.8842105263158 0 0 0 "HO" 2017
5 2018 0.107142857142857 26.9392857142857 0 0 0 "HO" 2018
6 1977 255 27.5 0 0 0 "HO" 1977
6 1981 182.9 26.5 0 0 0 "HO" 1981
6 1982 30.1166666666667 26.7 0 0 0 "HO" 1982
6 1983 3.93333333333333 28.2466666666667 0 0 0 "HO" 1983
6 1984 0.916666666666667 26.7916666666667 0 0 0 "HO" 1984
6 1985 0.56 26.8366666666667 0 0 0 "HO" 1985
6 1986 1.37777777777778 27.6722222222222 0 0 0 "HO" 1986
6 1987 2.50625 27.784375 0 0 0 "HO" 1987
6 1988 6.77222222222222 27.7083333333333 0 0 0 "HO" 1988
6 1989 0.9 27.4294117647059 0 0 0 "HO" 1989
6 1990 4.93571428571429 27.1857142857143 0 0 0 "HO" 1990
6 1991 6.35882352941176 27.5441176470588 0 0 0 "HO" 1991
6 1992 5.41 27.6925 0 0 0 "HO" 1992
6 1993 6.72631578947368 27.2894736842105 0 0 0 "HO" 1993
6 1994 0 27.975 0 0 0 "HO" 1994
6 1995 3.0125 28.2125 0 0 0 "HO" 1995
6 1996 1.2875 28.096875 0 0 0 "HO" 1996
6 1997 0.85 27.5857142857143 0 0 0 "HO" 1997
6 1998 3.86666666666667 28.05 0 0 0 "HO" 1998
6 1999 0.621052631578947 27.2763157894737 0 0 0 "HO" 1999
6 2001 9.43 26.735 0 0 0 "HO" 2001
6 2002 0.133333333333333 27.4583333333333 0 0 0 "HO" 2002
6 2003 5.89565217391304 27.895652173913 0 0 0 "HO" 2003
6 2004 1.55333333333333 27.1366666666667 0 0 0 "HO" 2004
6 2006 4.8 25.9 0 0 0 "HO" 2006
6 2007 0.825 27.40625 0 0 0 "HO" 2007
6 2008 1.18333333333333 26.9916666666667 0 0 0 "HO" 2008
6 2009 13.2789473684211 27.2657894736842 0 0 0 "HO" 2009
6 2010 2.41666666666667 27.7833333333333 0 0 0 "HO" 2010
6 2011 5.59444444444444 27.7611111111111 0 0 0 "HO" 2011
6 2012 1.245 27.5975 0 0 0 "HO" 2012
6 2013 7.964 26.972 0 0 0 "HO" 2013
6 2014 1.8625 27.35625 0 0 0 "HO" 2014
6 2015 4.53157894736842 27.0236842105263 0 0 0 "HO" 2015
6 2016 2.01333333333333 27.7033333333333 0 0 0 "HO" 2016
6 2017 2.46666666666667 28.2333333333333 0 0 0 "HO" 2017
6 2018 1.075 27.321875 0 0 0 "HO" 2018
7 1977 496.1 27 0 0 0 "HO" 1977
7 1979 490 28.5 0 0 0 "HO" 1979
7 1982 6.59166666666667 25.7833333333333 0 0 0 "HO" 1982
7 1983 9.89473684210526 26.6421052631579 0 0 0 "HO" 1983
7 1984 13.3916666666667 26.0625 0 0 0 "HO" 1984
7 1985 4.38571428571429 26.3095238095238 0 0 0 "HO" 1985
7 1987 5.16190476190476 26.9714285714286 0 0 0 "HO" 1987
7 1988 5.78421052631579 26.6763157894737 0 0 0 "HO" 1988
7 1989 4.97647058823529 26.6029411764706 0 0 0 "HO" 1989
7 1990 2.43571428571429 26.6035714285714 0 0 0 "HO" 1990
7 1991 1.85 26.5321428571429 0 0 0 "HO" 1991
7 1992 2.005 26.3175 0 0 0 "HO" 1992
7 1993 5.38571428571429 26.4964285714286 0 0 0 "HO" 1993
7 1995 4.76 26.8833333333333 0 0 0 "HO" 1995
7 1996 1.28333333333333 27.9111111111111 0 0 0 "HO" 1996
7 1997 13.2285714285714 27.1678571428571 0 0 0 "HO" 1997
7 1998 3.70625 27.503125 0 0 0 "HO" 1998
7 1999 10.675 26.8625 0 0 0 "HO" 1999
7 2001 1.7125 26.61875 0 0 0 "HO" 2001
7 2002 4.7 26.75625 0 0 0 "HO" 2002
7 2003 2.39411764705882 26.9588235294118 0 0 0 "HO" 2003
7 2004 4.825 26.578125 0 0 0 "HO" 2004
7 2006 4.21111111111111 27.2333333333333 0 0 0 "HO" 2006
7 2007 1.17391304347826 27.095652173913 0 0 0 "HO" 2007
7 2008 5.23636363636364 26.8454545454545 0 0 0 "HO" 2008
7 2009 5.04761904761905 27.552380952381 0 0 0 "HO" 2009
7 2010 3.215 27.555 0 0 0 "HO" 2010
7 2011 12.1416666666667 27.4208333333333 0 0 0 "HO" 2011
7 2012 6.74736842105263 26.9184210526316 0 0 0 "HO" 2012
7 2013 0.764285714285714 26.7107142857143 0 0 0 "HO" 2013
7 2014 0.138095238095238 27.2 0 0 0 "HO" 2014
7 2015 4.86 26.9625 0 0 0 "HO" 2015
7 2016 0.7125 27.421875 0 0 0 "HO" 2016
7 2017 3.90454545454545 27.1568181818182 0 0 0 "HO" 2017
7 2018 3.84210526315789 27.0815789473684 0 0 0 "HO" 2018
8 1978 84.3333333333333 26.6666666666667 0 0 0 "HO" 1978
8 1981 0 27 0 0 0 "HO" 1981
8 1982 3.84285714285714 25.8285714285714 0 0 0 "HO" 1982
8 1983 12.7823529411765 26.6558823529412 0 0 0 "HO" 1983
8 1984 9.21333333333333 25.68 0 0 0 "HO" 1984
8 1985 2.045 26.1925 0 0 0 "HO" 1985
8 1987 2.795 26.685 0 0 0 "HO" 1987
8 1988 7.00526315789474 26.6789473684211 0 0 0 "HO" 1988
8 1989 7.31176470588235 26.3911764705882 0 0 0 "HO" 1989
8 1990 5.90588235294118 26.6382352941176 0 0 0 "HO" 1990
8 1991 2.12857142857143 26.8357142857143 0 0 0 "HO" 1991
8 1992 3.39375 26.16875 0 0 0 "HO" 1992
8 1993 4.63846153846154 26.3230769230769 0 0 0 "HO" 1993
8 1994 0.975 27.2375 0 0 0 "HO" 1994
8 1995 4.15294117647059 27.6058823529412 0 0 0 "HO" 1995
8 1996 3.21 27.1875 0 0 0 "HO" 1996
8 1997 3.33 27.2 0 0 0 "HO" 1997
8 1998 2.29285714285714 27.525 0 0 0 "HO" 1998
8 1999 9.12352941176471 26.6764705882353 0 0 0 "HO" 1999
8 2001 11.88 26.55 0 0 0 "HO" 2001
8 2002 0 26.8833333333333 0 0 0 "HO" 2002
8 2003 4.52222222222222 26.8888888888889 0 0 0 "HO" 2003
8 2004 0.26 27.26 0 0 0 "HO" 2004
8 2006 3.01428571428571 27.0857142857143 0 0 0 "HO" 2006
8 2007 1.05 27.30625 0 0 0 "HO" 2007
8 2008 0.715 27.075 0 0 0 "HO" 2008
8 2009 5.87777777777778 27.1277777777778 0 0 0 "HO" 2009
8 2010 10.0117647058824 27.2764705882353 0 0 0 "HO" 2010
8 2011 2.90625 27.453125 0 0 0 "HO" 2011
8 2012 10.1842105263158 27.1 0 0 0 "HO" 2012
8 2013 6.14347826086957 26.8652173913043 0 0 0 "HO" 2013
8 2014 2.07222222222222 27.1388888888889 0 0 0 "HO" 2014
8 2015 1.38260869565217 27.1673913043478 0 0 0 "HO" 2015
8 2016 2.17 27.32 0 0 0 "HO" 2016
8 2017 2.57826086956522 27.4282608695652 0 0 0 "HO" 2017
8 2018 4.33684210526316 27.0157894736842 0 0 0 "HO" 2018
9 1978 203.95 26 0 0 0 "HO" 1978
9 1979 248.05 26.5 0 0 0 "HO" 1979
9 1981 95.5 25.5 0 0 0 "HO" 1981
9 1982 4.22 26.24 0 0 0 "HO" 1982
9 1983 6.48235294117647 26.7676470588235 0 0 0 "HO" 1983
9 1984 4.95 26.1071428571429 0 0 0 "HO" 1984
9 1985 2.31875 26.296875 0 0 0 "HO" 1985
9 1986 3.42222222222222 25.9555555555556 0 0 0 "HO" 1986
9 1987 2 27 0 0 0 "HO" 1987
9 1988 9.27647058823529 26.9941176470588 0 0 0 "HO" 1988
9 1989 5.34166666666667 26.6958333333333 0 0 0 "HO" 1989
9 1990 11.6375 26.196875 0 0 0 "HO" 1990
9 1991 12.4444444444444 26.3777777777778 0 0 0 "HO" 1991
9 1992 4.98260869565217 26.6 0 0 0 "HO" 1992
9 1993 4.42857142857143 26.402380952381 0 0 0 "HO" 1993
9 1994 3.3 25.8666666666667 0 0 0 "HO" 1994
9 1995 13.7941176470588 27.45 0 0 0 "HO" 1995
9 1996 3.94736842105263 27.5921052631579 0 0 0 "HO" 1996
9 1997 6.855 27.385 0 0 0 "HO" 1997
9 1998 4.325 28.390625 0 0 0 "HO" 1998
9 1999 9.03529411764706 26.9558823529412 0 0 0 "HO" 1999
9 2000 10.2166666666667 27.0416666666667 0 0 0 "HO" 2000
9 2001 0.5 26.95 0 0 0 "HO" 2001
9 2002 0.533333333333333 26.9222222222222 0 0 0 "HO" 2002
9 2003 1.3 27.25 0 0 0 "HO" 2003
9 2004 6.88571428571429 26.9571428571429 0 0 0 "HO" 2004
9 2006 9.48 27.29 0 0 0 "HO" 2006
9 2007 10.6470588235294 26.4088235294118 0 0 0 "HO" 2007
9 2008 9.88235294117647 27.3588235294118 0 0 0 "HO" 2008
9 2009 5.72727272727273 27.3727272727273 0 0 0 "HO" 2009
9 2010 8.94285714285714 27.8392857142857 0 0 0 "HO" 2010
9 2011 3.45238095238095 27.3904761904762 0 0 0 "HO" 2011
9 2012 2.89545454545455 26.9931818181818 0 0 0 "HO" 2012
9 2013 2.53888888888889 27.3666666666667 0 0 0 "HO" 2013
9 2014 2.82631578947368 27.0657894736842 0 0 0 "HO" 2014
9 2015 5.89333333333333 27.5333333333333 0 0 0 "HO" 2015
9 2016 2.84 27.5566666666667 0 0 0 "HO" 2016
9 2017 2.34 27.92 0 0 0 "HO" 2017
9 2018 2.17272727272727 27.1727272727273 0 0 0 "HO" 2018
10 1982 6.1 26.2333333333333 0 0 0 "HO" 1982
10 1983 41.35625 25.721875 0 0 0 "HO" 1983
10 1984 1.2952380952381 25.1238095238095 0 0 0 "HO" 1984
10 1985 2.365 25.5525 0 0 0 "HO" 1985
10 1986 8.325 25.6125 0 0 0 "HO" 1986
10 1987 25.9 24.31 0 0 0 "HO" 1987
10 1988 29.80625 25.35 0 0 0 "HO" 1988
10 1989 15.85 25.4464285714286 0 0 0 "HO" 1989
10 1990 3.22083333333333 25.6145833333333 0 0 0 "HO" 1990
10 1991 20.6 25.5272727272727 0 0 0 "HO" 1991
10 1992 5.56363636363636 25.5045454545455 0 0 0 "HO" 1992
10 1993 3.48260869565217 25.954347826087 0 0 0 "HO" 1993
10 1994 1.7 26.0666666666667 0 0 0 "HO" 1994
10 1995 8.96190476190476 26.6833333333333 0 0 0 "HO" 1995
10 1996 5.64 26.8575 0 0 0 "HO" 1996
10 1997 7.06153846153846 26.2923076923077 0 0 0 "HO" 1997
10 1998 2.98571428571429 26.8428571428571 0 0 0 "HO" 1998
10 1999 5.35 26.85 0 0 0 "HO" 1999
10 2000 6.71666666666667 25.3125 0 0 0 "HO" 2000
10 2001 10.6333333333333 26.1333333333333 0 0 0 "HO" 2001
10 2002 2.39230769230769 26.1615384615385 0 0 0 "HO" 2002
10 2003 8.18 26.53 0 0 0 "HO" 2003
10 2004 0 26.7 0 0 0 "HO" 2004
10 2006 3.48571428571429 26.7285714285714 0 0 0 "HO" 2006
10 2007 13.3157894736842 26.0184210526316 0 0 0 "HO" 2007
10 2008 16.05625 25.7 0 0 0 "HO" 2008
10 2009 0.390909090909091 26.8727272727273 0 0 0 "HO" 2009
10 2010 28.83 25.26 0 0 0 "HO" 2010
10 2011 15.3368421052632 25.9210526315789 0 0 0 "HO" 2011
10 2012 7.624 25.838 0 0 0 "HO" 2012
10 2013 2.26923076923077 26.3538461538462 0 0 0 "HO" 2013
10 2014 2.63529411764706 26.4941176470588 0 0 0 "HO" 2014
10 2015 5.81666666666667 26.8777777777778 0 0 0 "HO" 2015
10 2016 9.43636363636364 26.4386363636364 0 0 0 "HO" 2016
10 2017 6.725 26.659375 0 0 0 "HO" 2017
10 2018 9.03333333333333 26.4958333333333 0 0 0 "HO" 2018
11 1976 0 24.5 0 0 0 "HO" 1976
11 1979 128 22.75 0 0 0 "HO" 1979
11 1981 9.9 24 0 0 0 "HO" 1981
11 1982 0 24.4 0 0 0 "HO" 1982
11 1983 11.5466666666667 25.2366666666667 0 0 0 "HO" 1983
11 1984 1.43571428571429 23.6214285714286 0 0 0 "HO" 1984
11 1985 6.47142857142857 24.7285714285714 0 0 0 "HO" 1985
11 1986 4.05 25.15 0 0 0 "HO" 1986
11 1987 12.2461538461538 24.3538461538462 0 0 0 "HO" 1987
11 1988 3.54117647058824 25.2264705882353 0 0 0 "HO" 1988
11 1989 11.9 25.1214285714286 0 0 0 "HO" 1989
11 1990 8.32857142857143 24.6464285714286 0 0 0 "HO" 1990
11 1991 5.68 24.39 0 0 0 "HO" 1991
11 1992 1.56666666666667 25.5666666666667 0 0 0 "HO" 1992
11 1993 11.8263157894737 24.8947368421053 0 0 0 "HO" 1993
11 1994 6.26666666666667 26.4833333333333 0 0 0 "HO" 1994
11 1995 16.0411764705882 25.2970588235294 0 0 0 "HO" 1995
11 1996 42.6090909090909 24.0386363636364 0 0 0 "HO" 1996
11 1997 17.5833333333333 26.075 0 0 0 "HO" 1997
11 1998 5.46842105263158 25.4605263157895 0 0 0 "HO" 1998
11 1999 0 22.475 0 0 0 "HO" 1999
11 2000 8.26923076923077 24.5307692307692 0 0 0 "HO" 2000
11 2001 6.35 25.15 0 0 0 "HO" 2001
11 2002 12.34 23.86 0 0 0 "HO" 2002
11 2003 10.9 25.2388888888889 0 0 0 "HO" 2003
11 2006 11.9636363636364 23.5545454545455 0 0 0 "HO" 2006
11 2007 19.1380952380952 24.1261904761905 0 0 0 "HO" 2007
11 2008 12.8769230769231 22.8807692307692 0 0 0 "HO" 2008
11 2009 28.0285714285714 24.5928571428571 0 0 0 "HO" 2009
11 2010 3.62777777777778 24.0666666666667 0 0 0 "HO" 2010
11 2011 19.5666666666667 24.5761904761905 0 0 0 "HO" 2011
11 2012 8.40526315789474 23.6157894736842 0 0 0 "HO" 2012
11 2013 10.6869565217391 24.8086956521739 0 0 0 "HO" 2013
11 2014 12.5 23.8333333333333 0 0 0 "HO" 2014
11 2015 2.29333333333333 26.5533333333333 0 0 0 "HO" 2015
11 2016 9.94117647058824 24.4941176470588 0 0 0 "HO" 2016
11 2017 14.73 24.57 0 0 0 "HO" 2017
11 2018 1.875 25.4875 0 0 0 "HO" 2018
12 1977 0 24 0 0 0 "HO" 1977
12 1978 5.95 21.5 0 0 0 "HO" 1978
12 1981 17.55 23 0 0 0 "HO" 1981
12 1982 6.825 23.8208333333333 0 0 0 "HO" 1982
12 1983 2.66666666666667 24.6611111111111 0 0 0 "HO" 1983
12 1984 5.85333333333333 23.4 0 0 0 "HO" 1984
12 1985 3.41428571428571 23.625 0 0 0 "HO" 1985
12 1986 1.02 24.4 0 0 0 "HO" 1986
12 1987 3.77777777777778 24.1888888888889 0 0 0 "HO" 1987
12 1988 21.6333333333333 23.1 0 0 0 "HO" 1988
12 1989 0.13 22.895 0 0 0 "HO" 1989
12 1990 38.6647058823529 23.6235294117647 0 0 0 "HO" 1990
12 1991 6.07777777777778 23.7833333333333 0 0 0 "HO" 1991
12 1992 2.80476190476191 24.3142857142857 0 0 0 "HO" 1992
12 1993 15.3941176470588 23.1235294117647 0 0 0 "HO" 1993
12 1994 0.26 24.19 0 0 0 "HO" 1994
12 1995 1.96 24.815 0 0 0 "HO" 1995
12 1996 3.744 23.986 0 0 0 "HO" 1996
12 1997 7.06 24.7066666666667 0 0 0 "HO" 1997
12 1998 8.87916666666667 23.9104166666667 0 0 0 "HO" 1998
12 1999 12.76875 22.628125 0 0 0 "HO" 1999
12 2000 8.11333333333333 23.5466666666667 0 0 0 "HO" 2000
12 2001 3.95 23.55 0 0 0 "HO" 2001
12 2002 7.36 23.99 0 0 0 "HO" 2002
12 2003 24.5 22.5714285714286 0 0 0 "HO" 2003
12 2006 0.788888888888889 24.2444444444444 0 0 0 "HO" 2006
12 2007 20.0947368421053 23.1789473684211 0 0 0 "HO" 2007
12 2008 31.3071428571429 23.4 0 0 0 "HO" 2008
12 2009 7.3 24.909375 0 0 0 "HO" 2009
12 2010 11.3176470588235 22.3647058823529 0 0 0 "HO" 2010
12 2011 12.2111111111111 23.2444444444444 0 0 0 "HO" 2011
12 2012 1.2 23.4166666666667 0 0 0 "HO" 2012
12 2013 2.05263157894737 24.3605263157895 0 0 0 "HO" 2013
12 2014 3.01538461538462 23.5692307692308 0 0 0 "HO" 2014
12 2015 3.84117647058824 25.6441176470588 0 0 0 "HO" 2015
12 2016 14.27 24.905 0 0 0 "HO" 2016
12 2017 3.3 23.5363636363636 0 0 0 "HO" 2017
12 2018 15.7894736842105 23.7894736842105 0 0 0 "HO" 2018
1 1978 90.9 27 0 0 0 "HO" 1978
1 1980 17.9 25.6666666666667 0 0 0 "HO" 1980
1 1981 0 24.3333333333333 0 0 0 "HO" 1981
1 1982 0 26.8833333333333 0 0 0 "HO" 1982
1 1983 0.55 25.1416666666667 0 0 0 "HO" 1983
1 1984 0.157142857142857 26.3928571428571 0 0 0 "HO" 1984
1 1985 0 24.6545454545455 0 0 0 "HO" 1985
1 1986 1.55555555555556 24.2888888888889 0 0 0 "HO" 1986
1 1987 0.25 25 0 0 0 "HO" 1987
1 1988 1.1 26.375 0 0 0 "HO" 1988
1 1989 1.13529411764706 25.6588235294118 0 0 0 "HO" 1989
1 1990 2.66153846153846 27.2384615384615 0 0 0 "HO" 1990
1 1991 0.586666666666667 25.98 0 0 0 "HO" 1991
1 1992 1.13333333333333 24.8611111111111 0 0 0 "HO" 1992
1 1993 2.025 25.45 0 0 0 "HO" 1993
1 1994 1.61818181818182 24.6727272727273 0 0 0 "HO" 1994
1 1995 1.20666666666667 25.3833333333333 0 0 0 "HO" 1995
1 1996 3.62857142857143 25.1285714285714 0 0 0 "HO" 1996
1 1997 0.48695652173913 25.6934782608696 0 0 0 "HO" 1997
1 1998 1.54545454545455 26.5772727272727 0 0 0 "HO" 1998
1 1999 2.225 25.3 0 0 0 "HO" 1999
1 2000 1.46 23.8433333333333 0 0 0 "HO" 2000
1 2002 0.125 24.15 0 0 0 "HO" 2002
1 2003 0.95 23.4083333333333 0 0 0 "HO" 2003
1 2004 5.55 25.775 0 0 0 "HO" 2004
1 2007 0.366666666666667 25.85 0 0 0 "HO" 2007
1 2008 5.58 24.7425 0 0 0 "HO" 2008
1 2009 1.50714285714286 24.6607142857143 0 0 0 "HO" 2009
1 2010 2.4 23.6233333333333 0 0 0 "HO" 2010
1 2011 6.25 25.8375 0 0 0 "HO" 2011
1 2012 0 25.1333333333333 0 0 0 "HO" 2012
1 2013 1.53333333333333 25.8416666666667 0 0 0 "HO" 2013
1 2014 0.316666666666667 24.125 0 0 0 "HO" 2014
1 2015 0.957142857142857 24.3642857142857 0 0 0 "HO" 2015
1 2016 0.925 26.2375 0 0 0 "HO" 2016
1 2017 7.18571428571429 24.1285714285714 0 0 0 "HO" 2017
1 2018 6.52307692307692 23.1153846153846 0 0 0 "HO" 2018
1 2019 1.12727272727273 24.9681818181818 0 0 0 "HO" 2019
2 1977 161.3 24.8333333333333 0 0 0 "HO" 1977
2 1978 105 23 0 0 0 "HO" 1978
2 1980 6.5 24.75 0 0 0 "HO" 1980
2 1981 202.95 25.25 0 0 0 "HO" 1981
2 1982 0 24.9 0 0 0 "HO" 1982
2 1983 0 26.71 0 0 0 "HO" 1983
2 1984 0.325 24.1375 0 0 0 "HO" 1984
2 1985 0.191666666666667 25.725 0 0 0 "HO" 1985
2 1986 0 26.9846153846154 0 0 0 "HO" 1986
2 1987 0 24.4666666666667 0 0 0 "HO" 1987
2 1988 0.133333333333333 26.175 0 0 0 "HO" 1988
2 1989 4.28181818181818 25.3136363636364 0 0 0 "HO" 1989
2 1990 0.025 27.3083333333333 0 0 0 "HO" 1990
2 1991 0.330769230769231 25.5384615384615 0 0 0 "HO" 1991
2 1992 1.55 25.3625 0 0 0 "HO" 1992
2 1993 0 23.55 0 0 0 "HO" 1993
2 1994 0.13 25.895 0 0 0 "HO" 1994
2 1995 0.89 25.02 0 0 0 "HO" 1995
2 1996 0.283333333333333 25.5444444444444 0 0 0 "HO" 1996
2 1997 0.65 26.265625 0 0 0 "HO" 1997
2 1998 0 26.7166666666667 0 0 0 "HO" 1998
2 1999 5.26363636363636 25.4045454545455 0 0 0 "HO" 1999
2 2000 2.14285714285714 24.1142857142857 0 0 0 "HO" 2000
2 2001 0 26.05 0 0 0 "HO" 2001
2 2003 0.166666666666667 27.6833333333333 0 0 0 "HO" 2003
2 2004 0.0857142857142857 26.5571428571429 0 0 0 "HO" 2004
2 2007 0.911111111111111 25.8166666666667 0 0 0 "HO" 2007
2 2008 0.0214285714285714 27.1285714285714 0 0 0 "HO" 2008
2 2009 9.15 24.3642857142857 0 0 0 "HO" 2009
2 2010 0.125 27.0875 0 0 0 "HO" 2010
2 2011 0.81 26.075 0 0 0 "HO" 2011
2 2012 0.0833333333333333 25.9833333333333 0 0 0 "HO" 2012
2 2013 0.430769230769231 26.3807692307692 0 0 0 "HO" 2013
2 2014 2.72307692307692 26.3076923076923 0 0 0 "HO" 2014
2 2015 0.6 25.2 0 0 0 "HO" 2015
2 2016 4.7375 24.91875 0 0 0 "HO" 2016
2 2017 0.163636363636364 26.4954545454545 0 0 0 "HO" 2017
2 2018 0.6375 25.6625 0 0 0 "HO" 2018
3 1978 246.5 25 0 0 0 "HO" 1978
3 1980 0 27.5 0 0 0 "HO" 1980
3 1981 0 27.5 0 0 0 "HO" 1981
3 1982 6.35714285714286 27.7785714285714 0 0 0 "HO" 1982
3 1983 0 28.9833333333333 0 0 0 "HO" 1983
3 1984 0 28.91 0 0 0 "HO" 1984
3 1985 5.39333333333333 27.9266666666667 0 0 0 "HO" 1985
3 1986 0.209090909090909 26.6181818181818 0 0 0 "HO" 1986
3 1987 3.7 27.1125 0 0 0 "HO" 1987
3 1988 0.333333333333333 28.55 0 0 0 "HO" 1988
3 1989 0.176923076923077 28.05 0 0 0 "HO" 1989
3 1990 1.19230769230769 27.5076923076923 0 0 0 "HO" 1990
3 1991 4.01818181818182 27.7590909090909 0 0 0 "HO" 1991
3 1992 0 27.195 0 0 0 "HO" 1992
3 1994 0 27.8 0 0 0 "HO" 1994
3 1995 0 26.6928571428571 0 0 0 "HO" 1995
3 1996 0.92 26.2 0 0 0 "HO" 1996
3 1997 0 28.0541666666667 0 0 0 "HO" 1997
3 1998 0.25 27.5625 0 0 0 "HO" 1998
3 1999 0.292307692307692 26.3076923076923 0 0 0 "HO" 1999
3 2000 0 26.025 0 0 0 "HO" 2000
3 2002 0 27.4666666666667 0 0 0 "HO" 2002
3 2003 2.34 28.085 0 0 0 "HO" 2003
3 2004 0.92 26.38 0 0 0 "HO" 2004
3 2007 0.114285714285714 26.1928571428571 0 0 0 "HO" 2007
3 2008 1.78571428571429 26.35 0 0 0 "HO" 2008
3 2009 0.51 24.835 0 0 0 "HO" 2009
3 2010 1.04285714285714 27.2857142857143 0 0 0 "HO" 2010
3 2011 1.57272727272727 25.8409090909091 0 0 0 "HO" 2011
3 2012 0 26.83 0 0 0 "HO" 2012
3 2013 0.0333333333333333 27.1277777777778 0 0 0 "HO" 2013
3 2014 0.713333333333333 27.8766666666667 0 0 0 "HO" 2014
3 2015 0.0625 27.1 0 0 0 "HO" 2015
3 2016 0 28.7083333333333 0 0 0 "HO" 2016
3 2017 0.5375 26 0 0 0 "HO" 2017
3 2018 0.0833333333333333 27.1791666666667 0 0 0 "HO" 2018
4 1977 1 23.5 0 0 0 "HO" 1977
4 1979 0 29 0 0 0 "HO" 1979
4 1980 13.3 28.5 0 0 0 "HO" 1980
4 1982 12.0555555555556 28.9222222222222 0 0 0 "HO" 1982
4 1983 7.41666666666667 29.2 0 0 0 "HO" 1983
4 1984 0 32.2 0 0 0 "HO" 1984
4 1985 0 27.3833333333333 0 0 0 "HO" 1985
4 1986 0 26.8055555555556 0 0 0 "HO" 1986
4 1988 0 30.295 0 0 0 "HO" 1988
4 1989 0.425 29.421875 0 0 0 "HO" 1989
4 1990 0.657142857142857 29.9 0 0 0 "HO" 1990
4 1991 0 29.6642857142857 0 0 0 "HO" 1991
4 1992 0.0909090909090909 28.8681818181818 0 0 0 "HO" 1992
4 1993 0 28.68 0 0 0 "HO" 1993
4 1994 0 28.41 0 0 0 "HO" 1994
4 1995 0 30.3111111111111 0 0 0 "HO" 1995
4 1996 1.97 28.885 0 0 0 "HO" 1996
4 1997 0.614285714285714 30.3214285714286 0 0 0 "HO" 1997
4 1998 0.15 27.775 0 0 0 "HO" 1998
4 1999 1.23076923076923 28.6269230769231 0 0 0 "HO" 1999
4 2002 0 28.7166666666667 0 0 0 "HO" 2002
4 2003 1.82307692307692 27.1384615384615 0 0 0 "HO" 2003
4 2007 0.0714285714285714 28.925 0 0 0 "HO" 2007
4 2008 0.1 28.1384615384615 0 0 0 "HO" 2008
4 2009 0 29.4272727272727 0 0 0 "HO" 2009
4 2010 0.591666666666667 30.0708333333333 0 0 0 "HO" 2010
4 2011 0 28.8 0 0 0 "HO" 2011
4 2012 0.975 28.525 0 0 0 "HO" 2012
4 2013 0.111111111111111 29.2611111111111 0 0 0 "HO" 2013
4 2014 0.3 30.48 0 0 0 "HO" 2014
4 2015 1.275 29.675 0 0 0 "HO" 2015
4 2016 0 29.9722222222222 0 0 0 "HO" 2016
4 2017 0 28.8291666666667 0 0 0 "HO" 2017
4 2018 0 29.2 0 0 0 "HO" 2018
5 1975 0 30.5 0 0 0 "HO" 1975
5 1977 226.3 27 0 0 0 "HO" 1977
5 1979 0 30.5 0 0 0 "HO" 1979
5 1981 191 28.5 0 0 0 "HO" 1981
5 1982 0.466666666666667 28.8666666666667 0 0 0 "HO" 1982
5 1983 0 30 0 0 0 "HO" 1983
5 1984 2.7 30.7272727272727 0 0 0 "HO" 1984
5 1985 4.59090909090909 29.1909090909091 0 0 0 "HO" 1985
5 1986 0.275 29.2583333333333 0 0 0 "HO" 1986
5 1987 0 29.1 0 0 0 "HO" 1987
5 1988 0.14 29.8333333333333 0 0 0 "HO" 1988
5 1989 0.772222222222222 30.3833333333333 0 0 0 "HO" 1989
5 1990 0.235714285714286 31.0607142857143 0 0 0 "HO" 1990
5 1991 0.307142857142857 30.2178571428571 0 0 0 "HO" 1991
5 1992 0.536842105263158 27.4026315789474 0 0 0 "HO" 1992
5 1993 4.20625 29.034375 0 0 0 "HO" 1993
5 1994 0.342857142857143 29.1428571428571 0 0 0 "HO" 1994
5 1995 0.192307692307692 30.3461538461538 0 0 0 "HO" 1995
5 1996 1.84285714285714 29.1595238095238 0 0 0 "HO" 1996
5 1997 0.0769230769230769 30.0115384615385 0 0 0 "HO" 1997
5 1998 9.81818181818182 28.7363636363636 0 0 0 "HO" 1998
5 1999 0.01875 29.43125 0 0 0 "HO" 1999
5 2002 8.5 26.45 0 0 0 "HO" 2002
5 2003 0.3 30.3653846153846 0 0 0 "HO" 2003
5 2004 0.26 28.35 0 0 0 "HO" 2004
5 2007 0.186666666666667 29.2466666666667 0 0 0 "HO" 2007
5 2008 1.16 29.9366666666667 0 0 0 "HO" 2008
5 2009 0.0454545454545455 29.7045454545455 0 0 0 "HO" 2009
5 2010 3.6625 31.55625 0 0 0 "HO" 2010
5 2011 0 29.4266666666667 0 0 0 "HO" 2011
5 2012 1.3 29.145 0 0 0 "HO" 2012
5 2013 0.0333333333333333 29.1722222222222 0 0 0 "HO" 2013
5 2014 0 28.9041666666667 0 0 0 "HO" 2014
5 2015 0.0454545454545455 28.5227272727273 0 0 0 "HO" 2015
5 2016 0 30.9346153846154 0 0 0 "HO" 2016
5 2017 2.87142857142857 30.1928571428571 0 0 0 "HO" 2017
5 2018 0.181818181818182 29.5636363636364 0 0 0 "HO" 2018
6 1977 0 27.75 0 0 0 "HO" 1977
6 1979 0 27.5 0 0 0 "HO" 1979
6 1981 7.225 28.375 0 0 0 "HO" 1981
6 1982 0.46 28.85 0 0 0 "HO" 1982
6 1983 0.553846153846154 30.2961538461538 0 0 0 "HO" 1983
6 1984 16.0454545454545 28.5863636363636 0 0 0 "HO" 1984
6 1985 1.03636363636364 29.1863636363636 0 0 0 "HO" 1985
6 1986 1.78333333333333 29.875 0 0 0 "HO" 1986
6 1987 0 30.3 0 0 0 "HO" 1987
6 1988 11.16 30.3733333333333 0 0 0 "HO" 1988
6 1989 1.67647058823529 30.2588235294118 0 0 0 "HO" 1989
6 1990 2.00555555555556 30.0611111111111 0 0 0 "HO" 1990
6 1991 2.66315789473684 29.0315789473684 0 0 0 "HO" 1991
6 1992 4.29375 28.996875 0 0 0 "HO" 1992
6 1993 3.94 28.5766666666667 0 0 0 "HO" 1993
6 1994 0.809090909090909 29.0454545454545 0 0 0 "HO" 1994
6 1995 7.06666666666667 29.5233333333333 0 0 0 "HO" 1995
6 1996 0.8 29.7366666666667 0 0 0 "HO" 1996
6 1997 4.7 28.9071428571429 0 0 0 "HO" 1997
6 1998 5.4 30.1653846153846 0 0 0 "HO" 1998
6 1999 2.55714285714286 28.8178571428571 0 0 0 "HO" 1999
6 2001 0.266666666666667 28.65 0 0 0 "HO" 2001
6 2002 22.75 29.15 0 0 0 "HO" 2002
6 2003 4.7 29.7583333333333 0 0 0 "HO" 2003
6 2004 4.26666666666667 28.45 0 0 0 "HO" 2004
6 2006 30.5 26.9 0 0 0 "HO" 2006
6 2007 1.40666666666667 29.4433333333333 0 0 0 "HO" 2007
6 2008 3.37333333333333 28.4333333333333 0 0 0 "HO" 2008
6 2009 1.96363636363636 29.4954545454545 0 0 0 "HO" 2009
6 2010 0.927272727272727 29.5272727272727 0 0 0 "HO" 2010
6 2011 0.753846153846154 29.2461538461538 0 0 0 "HO" 2011
6 2012 5.59090909090909 28.7136363636364 0 0 0 "HO" 2012
6 2013 2.24 28.5 0 0 0 "HO" 2013
6 2014 1.09230769230769 28.8576923076923 0 0 0 "HO" 2014
6 2015 1.88 28.175 0 0 0 "HO" 2015
6 2016 6.8875 28.4625 0 0 0 "HO" 2016
6 2017 2.65 29.4416666666667 0 0 0 "HO" 2017
6 2018 2.60909090909091 28.5727272727273 0 0 0 "HO" 2018
7 1977 197.55 28.125 0 0 0 "HO" 1977
7 1978 395.5 27 0 0 0 "HO" 1978
7 1979 0 29.5 0 0 0 "HO" 1979
7 1980 130.633333333333 27.6666666666667 0 0 0 "HO" 1980
7 1981 3.96666666666667 27.6666666666667 0 0 0 "HO" 1981
7 1982 0.463636363636364 27.6727272727273 0 0 0 "HO" 1982
7 1983 14.2785714285714 28.0857142857143 0 0 0 "HO" 1983
7 1984 1.17857142857143 28.0535714285714 0 0 0 "HO" 1984
7 1985 1.4 28.425 0 0 0 "HO" 1985
7 1987 4.80909090909091 28.5863636363636 0 0 0 "HO" 1987
7 1988 5.66428571428571 28.9428571428571 0 0 0 "HO" 1988
7 1989 1.16111111111111 29.8388888888889 0 0 0 "HO" 1989
7 1990 1.28235294117647 29.9647058823529 0 0 0 "HO" 1990
7 1991 0.229411764705882 28.1529411764706 0 0 0 "HO" 1991
7 1992 2.725 27.405 0 0 0 "HO" 1992
7 1993 6.33333333333333 27.6222222222222 0 0 0 "HO" 1993
7 1994 0.373333333333333 28.4966666666667 0 0 0 "HO" 1994
7 1995 5.40625 28.346875 0 0 0 "HO" 1995
7 1996 1.23809523809524 29.2928571428571 0 0 0 "HO" 1996
7 1997 3.61428571428571 28.0107142857143 0 0 0 "HO" 1997
7 1998 5.97 28.39 0 0 0 "HO" 1998
7 1999 13.5714285714286 26.9785714285714 0 0 0 "HO" 1999
7 2001 18.9 28.5 0 0 0 "HO" 2001
7 2002 2.24285714285714 28.3285714285714 0 0 0 "HO" 2002
7 2003 3.52352941176471 28.3970588235294 0 0 0 "HO" 2003
7 2004 3.05 28.39375 0 0 0 "HO" 2004
7 2006 0.416666666666667 28.0833333333333 0 0 0 "HO" 2006
7 2007 1.44 28.7733333333333 0 0 0 "HO" 2007
7 2008 3.65384615384615 27.9576923076923 0 0 0 "HO" 2008
7 2009 3.825 28.984375 0 0 0 "HO" 2009
7 2010 5.60909090909091 28.9181818181818 0 0 0 "HO" 2010
7 2011 5.31818181818182 28.2318181818182 0 0 0 "HO" 2011
7 2012 1.675 27.6333333333333 0 0 0 "HO" 2012
7 2013 0.588888888888889 27.9333333333333 0 0 0 "HO" 2013
7 2014 0.136363636363636 28.4727272727273 0 0 0 "HO" 2014
7 2015 0 28.6833333333333 0 0 0 "HO" 2015
7 2016 1.87272727272727 28.5954545454545 0 0 0 "HO" 2016
7 2017 8.46 27.635 0 0 0 "HO" 2017
7 2018 0.0230769230769231 27.8923076923077 0 0 0 "HO" 2018
8 1974 2 27.5 0 0 0 "HO" 1974
8 1975 0 28.5 0 0 0 "HO" 1975
8 1977 147.45 27.75 0 0 0 "HO" 1977
8 1979 17.4333333333333 28.1666666666667 0 0 0 "HO" 1979
8 1980 14 27 0 0 0 "HO" 1980
8 1981 2.58333333333333 28.0833333333333 0 0 0 "HO" 1981
8 1982 2.18333333333333 27.6041666666667 0 0 0 "HO" 1982
8 1983 0.916666666666667 28.5208333333333 0 0 0 "HO" 1983
8 1984 5.37692307692308 27.9230769230769 0 0 0 "HO" 1984
8 1985 5.45333333333333 28.6533333333333 0 0 0 "HO" 1985
8 1987 6.9 28.3166666666667 0 0 0 "HO" 1987
8 1988 5.625 29.1083333333333 0 0 0 "HO" 1988
8 1989 8.22222222222222 29.8055555555556 0 0 0 "HO" 1989
8 1990 2.99545454545455 29.2613636363636 0 0 0 "HO" 1990
8 1991 0.233333333333333 28.95 0 0 0 "HO" 1991
8 1992 0.96 27.585 0 0 0 "HO" 1992
8 1993 1.73 27.69 0 0 0 "HO" 1993
8 1994 0.0333333333333333 28.8222222222222 0 0 0 "HO" 1994
8 1995 10.38 28.4433333333333 0 0 0 "HO" 1995
8 1996 3.58181818181818 28.3068181818182 0 0 0 "HO" 1996
8 1997 0.883333333333333 27.775 0 0 0 "HO" 1997
8 1998 0.7625 28.89375 0 0 0 "HO" 1998
8 1999 5.86153846153846 28.5846153846154 0 0 0 "HO" 1999
8 2000 0.15 28.625 0 0 0 "HO" 2000
8 2001 14.7 27.65 0 0 0 "HO" 2001
8 2002 1.22 28.1 0 0 0 "HO" 2002
8 2003 0.075 29.1 0 0 0 "HO" 2003
8 2004 0 29.6125 0 0 0 "HO" 2004
8 2006 22.2 28.85 0 0 0 "HO" 2006
8 2007 3.46666666666667 29.05 0 0 0 "HO" 2007
8 2008 3.75555555555556 28.7666666666667 0 0 0 "HO" 2008
8 2009 2.71818181818182 28.6772727272727 0 0 0 "HO" 2009
8 2010 3.79090909090909 29.0954545454545 0 0 0 "HO" 2010
8 2011 0.341666666666667 29.1625 0 0 0 "HO" 2011
8 2012 0.345454545454545 28.4136363636364 0 0 0 "HO" 2012
8 2013 0.26 27.675 0 0 0 "HO" 2013
8 2014 0.0857142857142857 29.0285714285714 0 0 0 "HO" 2014
8 2015 2.99166666666667 29.3916666666667 0 0 0 "HO" 2015
8 2016 0.871428571428571 27.95 0 0 0 "HO" 2016
8 2017 1.83846153846154 28.45 0 0 0 "HO" 2017
8 2018 0.358333333333333 28.1 0 0 0 "HO" 2018
9 1973 243.1 29 0 0 0 "HO" 1973
9 1975 11.9 28 0 0 0 "HO" 1975
9 1978 490 26.5 0 0 0 "HO" 1978
9 1979 201.175 28.375 0 0 0 "HO" 1979
9 1980 26 27 0 0 0 "HO" 1980
9 1981 59.6666666666667 28.3888888888889 0 0 0 "HO" 1981
9 1982 0.566666666666667 28.0833333333333 0 0 0 "HO" 1982
9 1983 1.21111111111111 28.7277777777778 0 0 0 "HO" 1983
9 1984 0.788888888888889 28.5055555555556 0 0 0 "HO" 1984
9 1985 2.39285714285714 28.2392857142857 0 0 0 "HO" 1985
9 1986 10.2375 27.99375 0 0 0 "HO" 1986
9 1987 0 29.3625 0 0 0 "HO" 1987
9 1988 3.70666666666667 29.0533333333333 0 0 0 "HO" 1988
9 1989 2.69166666666667 30.0791666666667 0 0 0 "HO" 1989
9 1990 4.1 28.79 0 0 0 "HO" 1990
9 1991 2.76190476190476 27.7428571428571 0 0 0 "HO" 1991
9 1992 1.65 28.21 0 0 0 "HO" 1992
9 1993 3.74285714285714 27.7107142857143 0 0 0 "HO" 1993
9 1994 4.19444444444444 27.6666666666667 0 0 0 "HO" 1994
9 1995 5.38666666666667 28.1833333333333 0 0 0 "HO" 1995
9 1996 0.0333333333333333 29.48 0 0 0 "HO" 1996
9 1997 2.00769230769231 28.6076923076923 0 0 0 "HO" 1997
9 1998 5.8 29.7428571428571 0 0 0 "HO" 1998
9 1999 3.97857142857143 28.8892857142857 0 0 0 "HO" 1999
9 2000 0.433333333333333 29.1 0 0 0 "HO" 2000
9 2001 0.5 28.4 0 0 0 "HO" 2001
9 2002 0.871428571428571 28.7428571428571 0 0 0 "HO" 2002
9 2003 1.65 29.8 0 0 0 "HO" 2003
9 2004 2.70714285714286 29.3642857142857 0 0 0 "HO" 2004
9 2006 1.27272727272727 28.5045454545455 0 0 0 "HO" 2006
9 2007 4.85882352941176 27.9323529411765 0 0 0 "HO" 2007
9 2008 1.57777777777778 29.5694444444444 0 0 0 "HO" 2008
9 2009 1.56 29.8766666666667 0 0 0 "HO" 2009
9 2010 4.65 29.0571428571429 0 0 0 "HO" 2010
9 2011 7.05833333333333 28.3583333333333 0 0 0 "HO" 2011
9 2012 0.578571428571429 28.425 0 0 0 "HO" 2012
9 2013 4.17857142857143 28.4142857142857 0 0 0 "HO" 2013
9 2014 2.24 28.75 0 0 0 "HO" 2014
9 2015 2.85384615384615 29.2384615384615 0 0 0 "HO" 2015
9 2016 4.73076923076923 28.5269230769231 0 0 0 "HO" 2016
9 2017 6.01538461538462 29.3192307692308 0 0 0 "HO" 2017
9 2018 1.72666666666667 28.7 0 0 0 "HO" 2018
10 1976 45 25 0 0 0 "HO" 1976
10 1979 0 26.5 0 0 0 "HO" 1979
10 1980 126.0125 27.125 0 0 0 "HO" 1980
10 1981 14.28 27.7 0 0 0 "HO" 1981
10 1982 27.7833333333333 26.3916666666667 0 0 0 "HO" 1982
10 1983 0.7 27.84375 0 0 0 "HO" 1983
10 1984 1.17142857142857 27.7857142857143 0 0 0 "HO" 1984
10 1985 2.73571428571429 27.9178571428571 0 0 0 "HO" 1985
10 1986 2.14285714285714 27.2285714285714 0 0 0 "HO" 1986
10 1987 2.45 26.65 0 0 0 "HO" 1987
10 1988 16.5538461538462 25.7846153846154 0 0 0 "HO" 1988
10 1989 7.21666666666667 28.6458333333333 0 0 0 "HO" 1989
10 1990 3.01764705882353 27.2088235294118 0 0 0 "HO" 1990
10 1991 1.91818181818182 26.9 0 0 0 "HO" 1991
10 1992 0.641176470588235 27.4264705882353 0 0 0 "HO" 1992
10 1993 1.64117647058824 27.7382352941176 0 0 0 "HO" 1993
10 1994 0.4875 28.025 0 0 0 "HO" 1994
10 1995 9.76666666666667 27.8880952380952 0 0 0 "HO" 1995
10 1996 3.74666666666667 27.7566666666667 0 0 0 "HO" 1996
10 1997 1.74 28.19 0 0 0 "HO" 1997
10 1998 4.375 27.7958333333333 0 0 0 "HO" 1998
10 1999 0.125 28.7125 0 0 0 "HO" 1999
10 2000 4.47 26.785 0 0 0 "HO" 2000
10 2001 16.4333333333333 26.1166666666667 0 0 0 "HO" 2001
10 2002 1.17142857142857 27.9857142857143 0 0 0 "HO" 2002
10 2003 0.1 29.1 0 0 0 "HO" 2003
10 2004 1.54 28.72 0 0 0 "HO" 2004
10 2006 2.925 29.1125 0 0 0 "HO" 2006
10 2007 1.62777777777778 27.2472222222222 0 0 0 "HO" 2007
10 2008 7.20909090909091 26.4136363636364 0 0 0 "HO" 2008
10 2009 3.79285714285714 28.5428571428571 0 0 0 "HO" 2009
10 2010 1.53 26.265 0 0 0 "HO" 2010
10 2011 7.50833333333333 25.725 0 0 0 "HO" 2011
10 2012 1.86153846153846 26.8538461538462 0 0 0 "HO" 2012
10 2013 2.79166666666667 28.4916666666667 0 0 0 "HO" 2013
10 2014 1.49 28 0 0 0 "HO" 2014
10 2015 0.2625 28.9625 0 0 0 "HO" 2015
10 2016 2.34705882352941 27.2029411764706 0 0 0 "HO" 2016
10 2017 10.6333333333333 27.5166666666667 0 0 0 "HO" 2017
10 2018 1.68 27.5766666666667 0 0 0 "HO" 2018
11 1975 182 24.5 0 0 0 "HO" 1975
11 1977 255 25 0 0 0 "HO" 1977
11 1979 37.6833333333333 26.75 0 0 0 "HO" 1979
11 1980 5.025 26.125 0 0 0 "HO" 1980
11 1981 0.833333333333333 25 0 0 0 "HO" 1981
11 1982 0.1 25.6833333333333 0 0 0 "HO" 1982
11 1983 0.285714285714286 27.2357142857143 0 0 0 "HO" 1983
11 1984 4.45454545454545 25.8409090909091 0 0 0 "HO" 1984
11 1985 0.726666666666667 27.0433333333333 0 0 0 "HO" 1985
11 1986 1.4 27.675 0 0 0 "HO" 1986
11 1987 1.3 27.3277777777778 0 0 0 "HO" 1987
11 1988 0.736363636363636 27.9818181818182 0 0 0 "HO" 1988
11 1989 0.438461538461538 28.4076923076923 0 0 0 "HO" 1989
11 1990 7.975 25 0 0 0 "HO" 1990
11 1991 3.80833333333333 25.0958333333333 0 0 0 "HO" 1991
11 1992 0 28.2083333333333 0 0 0 "HO" 1992
11 1993 8.33636363636364 26.0545454545455 0 0 0 "HO" 1993
11 1994 3.84615384615385 26.0769230769231 0 0 0 "HO" 1994
11 1995 3.3304347826087 26.6173913043478 0 0 0 "HO" 1995
11 1996 13.5045454545455 24.7545454545455 0 0 0 "HO" 1996
11 1997 2.43571428571429 27.9071428571429 0 0 0 "HO" 1997
11 1998 6.85 24.45 0 0 0 "HO" 1998
11 1999 11.2666666666667 23.0833333333333 0 0 0 "HO" 1999
11 2000 4.525 25.9125 0 0 0 "HO" 2000
11 2001 0 23.7 0 0 0 "HO" 2001
11 2002 6 27.9833333333333 0 0 0 "HO" 2002
11 2003 0.35 25.5333333333333 0 0 0 "HO" 2003
11 2006 0.471428571428571 23.6142857142857 0 0 0 "HO" 2006
11 2007 1.47857142857143 24.8857142857143 0 0 0 "HO" 2007
11 2008 3.92307692307692 23.8153846153846 0 0 0 "HO" 2008
11 2009 7.65714285714286 26.4571428571429 0 0 0 "HO" 2009
11 2010 3.15 25.12 0 0 0 "HO" 2010
11 2011 1.48181818181818 25.1681818181818 0 0 0 "HO" 2011
11 2012 2.79230769230769 24.3961538461538 0 0 0 "HO" 2012
11 2013 0.85 26.05625 0 0 0 "HO" 2013
11 2014 9.16666666666667 24.7666666666667 0 0 0 "HO" 2014
11 2015 1.47272727272727 27.6409090909091 0 0 0 "HO" 2015
11 2016 3.15 25.8791666666667 0 0 0 "HO" 2016
11 2017 1.39333333333333 25.1533333333333 0 0 0 "HO" 2017
11 2018 0.0555555555555556 27.2944444444444 0 0 0 "HO" 2018
12 1976 487.9 23.5 0 0 0 "HO" 1976
12 1979 10.975 24.25 0 0 0 "HO" 1979
12 1981 22.1 25.5 0 0 0 "HO" 1981
12 1982 0 25.7222222222222 0 0 0 "HO" 1982
12 1983 11.95 25.7875 0 0 0 "HO" 1983
12 1984 2.15833333333333 25.1541666666667 0 0 0 "HO" 1984
12 1985 9.32727272727273 25.2954545454545 0 0 0 "HO" 1985
12 1986 0.26 26.46 0 0 0 "HO" 1986
12 1987 10.7454545454545 26.3681818181818 0 0 0 "HO" 1987
12 1988 14.05 24.9166666666667 0 0 0 "HO" 1988
12 1989 6.98 26.205 0 0 0 "HO" 1989
12 1990 5.14 25.21 0 0 0 "HO" 1990
12 1991 1.23846153846154 24.7384615384615 0 0 0 "HO" 1991
12 1992 1.8625 25.93125 0 0 0 "HO" 1992
12 1993 1.4625 24.5875 0 0 0 "HO" 1993
12 1994 2.10769230769231 24.9038461538462 0 0 0 "HO" 1994
12 1995 2.76666666666667 25.6666666666667 0 0 0 "HO" 1995
12 1996 1.01666666666667 25.4770833333333 0 0 0 "HO" 1996
12 1997 0.621428571428571 26.1 0 0 0 "HO" 1997
12 1998 0.392307692307692 25.0346153846154 0 0 0 "HO" 1998
12 1999 1.37 24.39 0 0 0 "HO" 1999
12 2000 2.65714285714286 24.3857142857143 0 0 0 "HO" 2000
12 2001 3.3 25.275 0 0 0 "HO" 2001
12 2002 0.2 25.4375 0 0 0 "HO" 2002
12 2003 3.125 22.2125 0 0 0 "HO" 2003
12 2006 3.05 26.1625 0 0 0 "HO" 2006
12 2007 1.9 25.07 0 0 0 "HO" 2007
12 2008 1.8875 24.56875 0 0 0 "HO" 2008
12 2009 0 26.87 0 0 0 "HO" 2009
12 2010 2.24545454545455 23.1363636363636 0 0 0 "HO" 2010
12 2011 1.66666666666667 24.0166666666667 0 0 0 "HO" 2011
12 2012 0.618181818181818 25.2727272727273 0 0 0 "HO" 2012
12 2013 0.61 25.705 0 0 0 "HO" 2013
12 2014 1.01666666666667 24.5125 0 0 0 "HO" 2014
12 2015 7.35 26.725 0 0 0 "HO" 2015
12 2016 0.328571428571429 26.6 0 0 0 "HO" 2016
12 2017 1.01538461538462 24.1153846153846 0 0 0 "HO" 2017
12 2018 2.72857142857143 25.9571428571429 0 0 0 "HO" 2018
1 1970 4.46774193548387 25.2983870967742 0 0 0 "HO" 1970
2 1970 2.46071428571429 25.0892857142857 0 0 0 "HO" 1970
3 1970 1.02903225806452 26.5435483870968 0 0 0 "HO" 1970
4 1970 0.25 27.8833333333333 0 0 0 "HO" 1970
5 1970 5.77096774193548 27.45 0 0 0 "HO" 1970
6 1970 7.03333333333333 27.8733333333333 0 0 0 "HO" 1970
7 1970 11.2548387096774 27.341935483871 0 0 0 "HO" 1970
8 1970 6.82903225806452 27.6741935483871 0 0 0 "HO" 1970
9 1970 13.45 27.03 0 0 0 "HO" 1970
10 1970 3.34516129032258 27.5370967741936 0 0 0 "HO" 1970
11 1970 9.45666666666667 25.7616666666667 0 0 0 "HO" 1970
12 1970 0.661290322580645 26.4322580645161 0 0 0 "HO" 1970
