"MONTH" "YEAR" "ave_mo_t" "opium_t" "mj_t" "coca_t" "fips" "year"
1 1972 27.2129032258064 0 0 0 "IO" 1972
1 1973 27.6838709677419 0 0 0 "IO" 1973
1 1974 26.6193548387097 0 0 0 "IO" 1974
1 1975 26.9338709677419 0 0 0 "IO" 1975
1 1976 26.7209677419355 0 0 0 "IO" 1976
1 1977 26.9516129032258 0 0 0 "IO" 1977
1 1978 26.9258064516129 0 0 0 "IO" 1978
1 1979 26.9564516129032 0 0 0 "IO" 1979
1 1980 26.9354838709677 0 0 0 "IO" 1980
1 1981 27.4725806451613 0 0 0 "IO" 1981
1 1982 26.5661290322581 0 0 0 "IO" 1982
1 1983 28.4903225806452 0 0 0 "IO" 1983
1 1984 27.2935483870968 0 0 0 "IO" 1984
1 1985 27.6483870967742 0 0 0 "IO" 1985
1 1986 27.108064516129 0 0 0 "IO" 1986
1 1987 27.3629032258065 0 0 0 "IO" 1987
1 1988 27.6403225806452 0 0 0 "IO" 1988
1 1989 26.5645161290323 0 0 0 "IO" 1989
1 1990 27.3387096774194 0 0 0 "IO" 1990
1 1991 27.5709677419355 0 0 0 "IO" 1991
1 1992 28.05 0 0 0 "IO" 1992
1 1993 27.7016129032258 0 0 0 "IO" 1993
1 1994 27.4290322580645 0 0 0 "IO" 1994
1 1995 27.7403225806452 0 0 0 "IO" 1995
1 1996 27.8274193548387 0 0 0 "IO" 1996
1 1997 27.9274193548387 0 0 0 "IO" 1997
1 1998 29.2354838709677 0 0 0 "IO" 1998
1 2001 27.5451612903226 0 0 0 "IO" 2001
1 2003 27.6758064516129 0 0 0 "IO" 2003
1 2004 27.8451612903226 0 0 0 "IO" 2004
1 2005 27.3870967741935 0 0 0 "IO" 2005
2 1972 27.2258620689655 0 0 0 "IO" 1972
2 1973 28.2517857142857 0 0 0 "IO" 1973
2 1974 26.2017857142857 0 0 0 "IO" 1974
2 1975 27.1535714285714 0 0 0 "IO" 1975
2 1976 27.2568965517241 0 0 0 "IO" 1976
2 1977 27.5767857142857 0 0 0 "IO" 1977
2 1978 28.4 0 0 0 "IO" 1978
2 1979 27.594 0 0 0 "IO" 1979
2 1980 27.8396551724138 0 0 0 "IO" 1980
2 1981 27.3125 0 0 0 "IO" 1981
2 1982 27.45 0 0 0 "IO" 1982
2 1983 28.7428571428571 0 0 0 "IO" 1983
2 1984 27.451724137931 0 0 0 "IO" 1984
2 1985 27.1339285714286 0 0 0 "IO" 1985
2 1986 27.1964285714286 0 0 0 "IO" 1986
2 1987 27.7357142857143 0 0 0 "IO" 1987
2 1988 28.5586206896552 0 0 0 "IO" 1988
2 1989 26.6696428571429 0 0 0 "IO" 1989
2 1990 28.2196428571429 0 0 0 "IO" 1990
2 1991 28.2375 0 0 0 "IO" 1991
2 1992 27.601724137931 0 0 0 "IO" 1992
2 1993 28.1767857142857 0 0 0 "IO" 1993
2 1994 27.1732142857143 0 0 0 "IO" 1994
2 1995 27.8071428571429 0 0 0 "IO" 1995
2 1996 28.3741379310345 0 0 0 "IO" 1996
2 1997 27.5392857142857 0 0 0 "IO" 1997
2 1998 28.7607142857143 0 0 0 "IO" 1998
2 2001 27.6910714285714 0 0 0 "IO" 2001
2 2002 27.7428571428571 0 0 0 "IO" 2002
2 2003 28.4946428571429 0 0 0 "IO" 2003
2 2004 28.1137931034483 0 0 0 "IO" 2004
2 2005 27.5464285714286 0 0 0 "IO" 2005
3 1972 27.2 0 0 0 "IO" 1972
3 1973 27.7806451612903 0 0 0 "IO" 1973
3 1974 26.75 0 0 0 "IO" 1974
3 1975 27.3854838709677 0 0 0 "IO" 1975
3 1977 28.041935483871 0 0 0 "IO" 1977
3 1978 28.6225806451613 0 0 0 "IO" 1978
3 1979 27.0274193548387 0 0 0 "IO" 1979
3 1980 27.8790322580645 0 0 0 "IO" 1980
3 1981 28.5048387096774 0 0 0 "IO" 1981
3 1982 28.2548387096774 0 0 0 "IO" 1982
3 1983 29.7596774193548 0 0 0 "IO" 1983
3 1984 28.691935483871 0 0 0 "IO" 1984
3 1985 28.5129032258065 0 0 0 "IO" 1985
3 1986 27.4 0 0 0 "IO" 1986
3 1987 28.0048387096774 0 0 0 "IO" 1987
3 1988 28.5241935483871 0 0 0 "IO" 1988
3 1989 27.8887096774194 0 0 0 "IO" 1989
3 1990 28.6758064516129 0 0 0 "IO" 1990
3 1991 28.7112903225806 0 0 0 "IO" 1991
3 1992 28.7790322580645 0 0 0 "IO" 1992
3 1993 28.6951612903226 0 0 0 "IO" 1993
3 1994 27.4532258064516 0 0 0 "IO" 1994
3 1995 27.9241935483871 0 0 0 "IO" 1995
3 1996 28.4032258064516 0 0 0 "IO" 1996
3 1997 28.8112903225806 0 0 0 "IO" 1997
3 1998 29.5483870967742 0 0 0 "IO" 1998
3 2001 28.1741935483871 0 0 0 "IO" 2001
3 2002 28.1290322580645 0 0 0 "IO" 2002
3 2003 28.0483870967742 0 0 0 "IO" 2003
3 2004 28.0306451612903 0 0 0 "IO" 2004
3 2005 28.2387096774194 0 0 0 "IO" 2005
4 1972 27.8466666666667 0 0 0 "IO" 1972
4 1973 28.6266666666667 0 0 0 "IO" 1973
4 1974 26.6716666666667 0 0 0 "IO" 1974
4 1975 26.83 0 0 0 "IO" 1975
4 1976 27.685 0 0 0 "IO" 1976
4 1977 28.0983333333333 0 0 0 "IO" 1977
4 1978 28.0633333333333 0 0 0 "IO" 1978
4 1979 27.9833333333333 0 0 0 "IO" 1979
4 1980 28.325 0 0 0 "IO" 1980
4 1981 28.135 0 0 0 "IO" 1981
4 1982 28.5583333333333 0 0 0 "IO" 1982
4 1983 28.7616666666667 0 0 0 "IO" 1983
4 1984 27.8 0 0 0 "IO" 1984
4 1985 28.49 0 0 0 "IO" 1985
4 1986 28.225 0 0 0 "IO" 1986
4 1987 28.4716666666667 0 0 0 "IO" 1987
4 1988 29.3516666666667 0 0 0 "IO" 1988
4 1989 28.38 0 0 0 "IO" 1989
4 1990 28.605 0 0 0 "IO" 1990
4 1991 28.8516666666667 0 0 0 "IO" 1991
4 1992 28.8983333333333 0 0 0 "IO" 1992
4 1993 28.4933333333333 0 0 0 "IO" 1993
4 1994 28.0033333333333 0 0 0 "IO" 1994
4 1995 28.695 0 0 0 "IO" 1995
4 1996 28.8716666666667 0 0 0 "IO" 1996
4 1997 28.95 0 0 0 "IO" 1997
4 1998 29.6766666666667 0 0 0 "IO" 1998
4 2001 28.235 0 0 0 "IO" 2001
4 2003 28.17 0 0 0 "IO" 2003
4 2004 28.0516666666667 0 0 0 "IO" 2004
4 2005 28.8 0 0 0 "IO" 2005
5 1972 27.3387096774194 0 0 0 "IO" 1972
5 1973 27.7677419354839 0 0 0 "IO" 1973
5 1974 26.5241935483871 0 0 0 "IO" 1974
5 1975 26.4209677419355 0 0 0 "IO" 1975
5 1976 28.3083333333333 0 0 0 "IO" 1976
5 1977 28.0532258064516 0 0 0 "IO" 1977
5 1978 28.3064516129032 0 0 0 "IO" 1978
5 1979 28.0693548387097 0 0 0 "IO" 1979
5 1980 27.8822580645161 0 0 0 "IO" 1980
5 1981 28.2354838709677 0 0 0 "IO" 1981
5 1982 28.6467741935484 0 0 0 "IO" 1982
5 1983 27.65 0 0 0 "IO" 1983
5 1984 27.8016129032258 0 0 0 "IO" 1984
5 1985 27.3467741935484 0 0 0 "IO" 1985
5 1986 27.7838709677419 0 0 0 "IO" 1986
5 1987 28.4322580645161 0 0 0 "IO" 1987
5 1989 27.6048387096774 0 0 0 "IO" 1989
5 1990 28.0693548387097 0 0 0 "IO" 1990
5 1991 28.7258064516129 0 0 0 "IO" 1991
5 1992 27.9870967741935 0 0 0 "IO" 1992
5 1993 27.7467741935484 0 0 0 "IO" 1993
5 1994 28.0935483870968 0 0 0 "IO" 1994
5 1995 28.3258064516129 0 0 0 "IO" 1995
5 1996 28.2112903225806 0 0 0 "IO" 1996
5 1997 28.2661290322581 0 0 0 "IO" 1997
5 1998 28.5854838709677 0 0 0 "IO" 1998
5 2001 27.4225806451613 0 0 0 "IO" 2001
5 2002 28.2048387096774 0 0 0 "IO" 2002
5 2003 27.458064516129 0 0 0 "IO" 2003
5 2004 26.8774193548387 0 0 0 "IO" 2004
5 2005 28.2612903225806 0 0 0 "IO" 2005
6 1972 26.53 0 0 0 "IO" 1972
6 1973 26.7266666666667 0 0 0 "IO" 1973
6 1974 26.3566666666667 0 0 0 "IO" 1974
6 1975 25.9916666666667 0 0 0 "IO" 1975
6 1976 27.505 0 0 0 "IO" 1976
6 1977 27.4366666666667 0 0 0 "IO" 1977
6 1978 26.865 0 0 0 "IO" 1978
6 1979 27.4116666666667 0 0 0 "IO" 1979
6 1980 27.3716666666667 0 0 0 "IO" 1980
6 1981 28.3433333333333 0 0 0 "IO" 1981
6 1982 27.49 0 0 0 "IO" 1982
6 1983 27.415 0 0 0 "IO" 1983
6 1984 26.8583333333333 0 0 0 "IO" 1984
6 1985 26.5716666666667 0 0 0 "IO" 1985
6 1986 27.3166666666667 0 0 0 "IO" 1986
6 1988 26.9766666666667 0 0 0 "IO" 1988
6 1989 26.0266666666667 0 0 0 "IO" 1989
6 1990 27.04 0 0 0 "IO" 1990
6 1991 27.93 0 0 0 "IO" 1991
6 1992 27.1033333333333 0 0 0 "IO" 1992
6 1993 27.1233333333333 0 0 0 "IO" 1993
6 1994 27.2616666666667 0 0 0 "IO" 1994
6 1995 28.415 0 0 0 "IO" 1995
6 1996 27.4483333333333 0 0 0 "IO" 1996
6 1997 27.1966666666667 0 0 0 "IO" 1997
6 1998 27.4283333333333 0 0 0 "IO" 1998
6 2001 27.3566666666667 0 0 0 "IO" 2001
6 2002 27.0383333333333 0 0 0 "IO" 2002
6 2003 27.14 0 0 0 "IO" 2003
6 2004 26.6383333333333 0 0 0 "IO" 2004
6 2005 27.4383333333333 0 0 0 "IO" 2005
7 1972 26.058064516129 0 0 0 "IO" 1972
7 1973 25.8661290322581 0 0 0 "IO" 1973
7 1974 26.4145161290323 0 0 0 "IO" 1974
7 1975 25.3161290322581 0 0 0 "IO" 1975
7 1976 26.6806451612903 0 0 0 "IO" 1976
7 1977 26.1048387096774 0 0 0 "IO" 1977
7 1978 26.341935483871 0 0 0 "IO" 1978
7 1979 26.6693548387097 0 0 0 "IO" 1979
7 1980 26.1838709677419 0 0 0 "IO" 1980
7 1981 27.8112903225806 0 0 0 "IO" 1981
7 1982 26.7177419354839 0 0 0 "IO" 1982
7 1983 26.7096774193548 0 0 0 "IO" 1983
7 1984 25.9629032258065 0 0 0 "IO" 1984
7 1985 25.8693548387097 0 0 0 "IO" 1985
7 1986 26.1532258064516 0 0 0 "IO" 1986
7 1987 27.0370967741935 0 0 0 "IO" 1987
7 1988 26.5387096774194 0 0 0 "IO" 1988
7 1989 25.7306451612903 0 0 0 "IO" 1989
7 1990 27.0548387096774 0 0 0 "IO" 1990
7 1991 27.1887096774194 0 0 0 "IO" 1991
7 1992 26.9370967741935 0 0 0 "IO" 1992
7 1993 26.1709677419355 0 0 0 "IO" 1993
7 1994 25.9290322580645 0 0 0 "IO" 1994
7 1995 27.1435483870968 0 0 0 "IO" 1995
7 1996 26.7467741935484 0 0 0 "IO" 1996
7 1997 26.8629032258065 0 0 0 "IO" 1997
7 1998 26.7709677419355 0 0 0 "IO" 1998
7 2001 26.4806451612903 0 0 0 "IO" 2001
7 2002 26.4951612903226 0 0 0 "IO" 2002
7 2003 26.5451612903226 0 0 0 "IO" 2003
7 2004 26.1725806451613 0 0 0 "IO" 2004
7 2005 25.891935483871 0 0 0 "IO" 2005
8 1972 26.45 0 0 0 "IO" 1972
8 1973 26.3177419354839 0 0 0 "IO" 1973
8 1974 25.458064516129 0 0 0 "IO" 1974
8 1975 26.2306451612903 0 0 0 "IO" 1975
8 1976 26.2209677419355 0 0 0 "IO" 1976
8 1977 26.3225806451613 0 0 0 "IO" 1977
8 1978 26.1354838709677 0 0 0 "IO" 1978
8 1980 26.0661290322581 0 0 0 "IO" 1980
8 1981 26.5048387096774 0 0 0 "IO" 1981
8 1982 26.4951612903226 0 0 0 "IO" 1982
8 1983 26.8951612903226 0 0 0 "IO" 1983
8 1984 25.9693548387097 0 0 0 "IO" 1984
8 1985 25.9306451612903 0 0 0 "IO" 1985
8 1986 25.8951612903226 0 0 0 "IO" 1986
8 1987 27.0177419354839 0 0 0 "IO" 1987
8 1988 26.8161290322581 0 0 0 "IO" 1988
8 1989 26.2177419354839 0 0 0 "IO" 1989
8 1990 26.458064516129 0 0 0 "IO" 1990
8 1991 27.2241935483871 0 0 0 "IO" 1991
8 1992 26.4225806451613 0 0 0 "IO" 1992
8 1993 26.3193548387097 0 0 0 "IO" 1993
8 1994 25.8903225806452 0 0 0 "IO" 1994
8 1995 26.5548387096774 0 0 0 "IO" 1995
8 1996 26.258064516129 0 0 0 "IO" 1996
8 1997 26.8435483870968 0 0 0 "IO" 1997
8 1998 26.7596774193548 0 0 0 "IO" 1998
8 2001 26.6354838709677 0 0 0 "IO" 2001
8 2002 26.5258064516129 0 0 0 "IO" 2002
8 2003 31.97 0 0 0 "IO" 2003
8 2004 26.4096774193548 0 0 0 "IO" 2004
8 2005 26.3774193548387 0 0 0 "IO" 2005
9 1972 26.4233333333333 0 0 0 "IO" 1972
9 1973 26.325 0 0 0 "IO" 1973
9 1974 26.45 0 0 0 "IO" 1974
9 1975 27.01 0 0 0 "IO" 1975
9 1976 26.9633333333333 0 0 0 "IO" 1976
9 1978 26.21 0 0 0 "IO" 1978
9 1979 26.0483333333333 0 0 0 "IO" 1979
9 1980 26.7416666666667 0 0 0 "IO" 1980
9 1981 26.775 0 0 0 "IO" 1981
9 1982 26.425 0 0 0 "IO" 1982
9 1983 26.8266666666667 0 0 0 "IO" 1983
9 1984 26.6283333333333 0 0 0 "IO" 1984
9 1985 26.5983333333333 0 0 0 "IO" 1985
9 1986 26.37 0 0 0 "IO" 1986
9 1987 27.1416666666667 0 0 0 "IO" 1987
9 1988 26.5316666666667 0 0 0 "IO" 1988
9 1989 26.655 0 0 0 "IO" 1989
9 1990 26.1583333333333 0 0 0 "IO" 1990
9 1991 26.9816666666667 0 0 0 "IO" 1991
9 1992 26.69 0 0 0 "IO" 1992
9 1993 26.2783333333333 0 0 0 "IO" 1993
9 1994 27.3533333333333 0 0 0 "IO" 1994
9 1995 27.1783333333333 0 0 0 "IO" 1995
9 1996 26.9666666666667 0 0 0 "IO" 1996
9 1997 27.5733333333333 0 0 0 "IO" 1997
9 1998 27.3083333333333 0 0 0 "IO" 1998
9 2001 26.8166666666667 0 0 0 "IO" 2001
9 2002 26.8733333333333 0 0 0 "IO" 2002
9 2003 26.76 0 0 0 "IO" 2003
9 2004 26.35 0 0 0 "IO" 2004
9 2005 26.815 0 0 0 "IO" 2005
10 1972 27.1709677419355 0 0 0 "IO" 1972
10 1973 26.5661290322581 0 0 0 "IO" 1973
10 1974 28.0145161290323 0 0 0 "IO" 1974
10 1975 25.7854838709677 0 0 0 "IO" 1975
10 1976 26.8354838709677 0 0 0 "IO" 1976
10 1977 26.5774193548387 0 0 0 "IO" 1977
10 1978 26.6096774193548 0 0 0 "IO" 1978
10 1979 27.1564516129032 0 0 0 "IO" 1979
10 1980 26.7661290322581 0 0 0 "IO" 1980
10 1981 26.7096774193548 0 0 0 "IO" 1981
10 1982 26.8241935483871 0 0 0 "IO" 1982
10 1983 27.1887096774194 0 0 0 "IO" 1983
10 1984 26.8241935483871 0 0 0 "IO" 1984
10 1985 26.9935483870968 0 0 0 "IO" 1985
10 1986 26.2661290322581 0 0 0 "IO" 1986
10 1987 27.2951612903226 0 0 0 "IO" 1987
10 1988 26.6596774193548 0 0 0 "IO" 1988
10 1989 27.2145161290323 0 0 0 "IO" 1989
10 1990 26.7177419354839 0 0 0 "IO" 1990
10 1991 26.8096774193548 0 0 0 "IO" 1991
10 1992 26.8564516129032 0 0 0 "IO" 1992
10 1993 26.8290322580645 0 0 0 "IO" 1993
10 1994 28.1161290322581 0 0 0 "IO" 1994
10 1995 27.1564516129032 0 0 0 "IO" 1995
10 1996 26.7483870967742 0 0 0 "IO" 1996
10 1997 28.8435483870968 0 0 0 "IO" 1997
10 1998 27.5903225806452 0 0 0 "IO" 1998
10 2001 27.1338709677419 0 0 0 "IO" 2001
10 2002 27.9693548387097 0 0 0 "IO" 2002
10 2003 27.3161290322581 0 0 0 "IO" 2003
10 2004 26.5145161290323 0 0 0 "IO" 2004
10 2005 27.041935483871 0 0 0 "IO" 2005
11 1972 27.9383333333333 0 0 0 "IO" 1972
11 1973 26.6016666666667 0 0 0 "IO" 1973
11 1974 26.6683333333333 0 0 0 "IO" 1974
11 1975 26.6566666666667 0 0 0 "IO" 1975
11 1976 27.2983333333333 0 0 0 "IO" 1976
11 1977 27.0216666666667 0 0 0 "IO" 1977
11 1978 26.4983333333333 0 0 0 "IO" 1978
11 1979 26.9066666666667 0 0 0 "IO" 1979
11 1980 27.1866666666667 0 0 0 "IO" 1980
11 1981 27.2783333333333 0 0 0 "IO" 1981
11 1982 27.3533333333333 0 0 0 "IO" 1982
11 1983 27.2566666666667 0 0 0 "IO" 1983
11 1984 27.5083333333333 0 0 0 "IO" 1984
11 1985 27.0666666666667 0 0 0 "IO" 1985
11 1986 27.3333333333333 0 0 0 "IO" 1986
11 1987 27.8766666666667 0 0 0 "IO" 1987
11 1988 27.0483333333333 0 0 0 "IO" 1988
11 1989 27.565 0 0 0 "IO" 1989
11 1990 27.515 0 0 0 "IO" 1990
11 1991 27.2783333333333 0 0 0 "IO" 1991
11 1992 27.5083333333333 0 0 0 "IO" 1992
11 1993 27.5466666666667 0 0 0 "IO" 1993
11 1994 28.055 0 0 0 "IO" 1994
11 1995 27.5983333333333 0 0 0 "IO" 1995
11 1996 28.5916666666667 0 0 0 "IO" 1996
11 1997 29.8183333333333 0 0 0 "IO" 1997
11 1998 27.295 0 0 0 "IO" 1998
11 2001 27.825 0 0 0 "IO" 2001
11 2002 27.2816666666667 0 0 0 "IO" 2002
11 2003 27.795 0 0 0 "IO" 2003
11 2004 27.785 0 0 0 "IO" 2004
11 2005 27.93 0 0 0 "IO" 2005
12 1972 28 0 0 0 "IO" 1972
12 1973 26.5483870967742 0 0 0 "IO" 1973
12 1974 26.0306451612903 0 0 0 "IO" 1974
12 1975 26.7854838709677 0 0 0 "IO" 1975
12 1976 27.4903225806452 0 0 0 "IO" 1976
12 1977 27.5403225806452 0 0 0 "IO" 1977
12 1978 26.5016129032258 0 0 0 "IO" 1978
12 1979 26.8983870967742 0 0 0 "IO" 1979
12 1980 27.5854838709677 0 0 0 "IO" 1980
12 1981 26.8145161290323 0 0 0 "IO" 1981
12 1982 27.9 0 0 0 "IO" 1982
12 1983 28.1661290322581 0 0 0 "IO" 1983
12 1984 27.5516129032258 0 0 0 "IO" 1984
12 1985 27.791935483871 0 0 0 "IO" 1985
12 1986 27.9532258064516 0 0 0 "IO" 1986
12 1987 27.7387096774194 0 0 0 "IO" 1987
12 1988 28.2209677419355 0 0 0 "IO" 1988
12 1989 27.5790322580645 0 0 0 "IO" 1989
12 1990 27.8548387096774 0 0 0 "IO" 1990
12 1991 27.6306451612903 0 0 0 "IO" 1991
12 1992 27.7838709677419 0 0 0 "IO" 1992
12 1993 27.5451612903226 0 0 0 "IO" 1993
12 1994 28.1629032258065 0 0 0 "IO" 1994
12 1995 28.2483870967742 0 0 0 "IO" 1995
12 1996 28.7887096774194 0 0 0 "IO" 1996
12 1997 28.9709677419355 0 0 0 "IO" 1997
12 1998 28.058064516129 0 0 0 "IO" 1998
12 2001 29.0677419354839 0 0 0 "IO" 2001
12 2002 27.4790322580645 0 0 0 "IO" 2002
12 2003 27.9306451612903 0 0 0 "IO" 2003
12 2004 27.7435483870968 0 0 0 "IO" 2004
12 2005 28.0887096774194 0 0 0 "IO" 2005
