"MONTH" "YEAR" "ave_precip_mo" "ave_mo_t" "opium_t" "mj_t" "coca_t" "fips" "year"
1 1980 0.05 24.4166666666667 0 0 0 "JM" 1980
1 1981 0.8875 24 0 0 0 "JM" 1981
1 1982 1 24.6166666666667 0 0 0 "JM" 1982
1 1983 0 25.4875 0 0 0 "JM" 1983
1 1984 1.12 24.74 0 0 0 "JM" 1984
1 1985 0.166666666666667 24.2583333333333 0 0 0 "JM" 1985
1 1986 0.866666666666667 24.2875 0 0 0 "JM" 1986
1 1987 1.2 24.9727272727273 0 0 0 "JM" 1987
1 1988 0.783333333333333 25.2833333333333 0 0 0 "JM" 1988
1 1989 2.83636363636364 25.0818181818182 0 0 0 "JM" 1989
1 1990 0.806666666666667 25.46 0 0 0 "JM" 1990
1 1991 0.66 25.3066666666667 0 0 0 "JM" 1991
1 1992 0.822222222222222 25.1444444444444 0 0 0 "JM" 1992
1 1993 0.38 26.14 0 0 0 "JM" 1993
1 1994 12.9277777777778 25.7583333333333 0 0 0 "JM" 1994
1 1995 1.9 25.385 0 0 0 "JM" 1995
1 1996 0.416666666666667 26.225 0 0 0 "JM" 1996
1 1997 0.0857142857142857 25.2285714285714 0 0 0 "JM" 1997
1 1998 3.85 26.4416666666667 0 0 0 "JM" 1998
1 2000 0.766666666666667 25.6888888888889 0 0 0 "JM" 2000
1 2001 18.8 24.25 0 0 0 "JM" 2001
1 2002 36.35 25.6 0 0 0 "JM" 2002
1 2003 12.5416666666667 25.76875 0 0 0 "JM" 2003
1 2004 0.756521739130435 25.8782608695652 0 0 0 "JM" 2004
1 2005 2.38620689655172 25.2275862068966 0 0 0 "JM" 2005
1 2006 2.9875 25.8395833333333 0 0 0 "JM" 2006
1 2007 1.27692307692308 26.5384615384615 0 0 0 "JM" 2007
1 2008 1.624 25.858 0 0 0 "JM" 2008
1 2010 0 26.35 0 0 0 "JM" 2010
1 2011 0.463636363636364 26.05 0 0 0 "JM" 2011
1 2012 1.38 26.32 0 0 0 "JM" 2012
1 2013 1.00555555555556 26.6333333333333 0 0 0 "JM" 2013
1 2014 0.205882352941176 26.5647058823529 0 0 0 "JM" 2014
1 2015 0.208695652173913 26.6782608695652 0 0 0 "JM" 2015
1 2016 0.95 26.6442307692308 0 0 0 "JM" 2016
1 2017 0.752173913043478 26.0521739130435 0 0 0 "JM" 2017
1 2018 3.59285714285714 26.0392857142857 0 0 0 "JM" 2018
1 2019 0.144444444444444 26.7888888888889 0 0 0 "JM" 2019
2 1980 1.17272727272727 24.0909090909091 0 0 0 "JM" 1980
2 1981 1.9 23.9166666666667 0 0 0 "JM" 1981
2 1982 0 24.45 0 0 0 "JM" 1982
2 1983 1.75454545454545 25.1727272727273 0 0 0 "JM" 1983
2 1984 9.94285714285714 25.0642857142857 0 0 0 "JM" 1984
2 1985 1.34 24.16 0 0 0 "JM" 1985
2 1986 0.921428571428571 24.0928571428571 0 0 0 "JM" 1986
2 1987 1.83333333333333 24.1583333333333 0 0 0 "JM" 1987
2 1988 0.473333333333333 25.0566666666667 0 0 0 "JM" 1988
2 1989 1.96 24.5866666666667 0 0 0 "JM" 1989
2 1990 5.16 25.21 0 0 0 "JM" 1990
2 1991 0.272727272727273 25.3318181818182 0 0 0 "JM" 1991
2 1992 0.125 25.45 0 0 0 "JM" 1992
2 1993 1.79090909090909 25.5 0 0 0 "JM" 1993
2 1994 0.605 26.19 0 0 0 "JM" 1994
2 1995 0.294444444444444 25.65 0 0 0 "JM" 1995
2 1996 10.1 25.7625 0 0 0 "JM" 1996
2 1997 0 26.2925 0 0 0 "JM" 1997
2 1998 0 26.4571428571429 0 0 0 "JM" 1998
2 2002 16.3 26 0 0 0 "JM" 2002
2 2003 0.230434782608696 26.2630434782609 0 0 0 "JM" 2003
2 2004 0.373913043478261 25.95 0 0 0 "JM" 2004
2 2005 0.1375 24.65 0 0 0 "JM" 2005
2 2006 4.5 25.1481481481481 0 0 0 "JM" 2006
2 2007 3.26315789473684 25.9105263157895 0 0 0 "JM" 2007
2 2008 1.575 25.86 0 0 0 "JM" 2008
2 2010 0.8 26.85 0 0 0 "JM" 2010
2 2012 0.223529411764706 26.2911764705882 0 0 0 "JM" 2012
2 2013 1.25333333333333 26.2966666666667 0 0 0 "JM" 2013
2 2014 1.05789473684211 26.7078947368421 0 0 0 "JM" 2014
2 2015 2.80416666666667 25.9958333333333 0 0 0 "JM" 2015
2 2016 6.756 25.922 0 0 0 "JM" 2016
2 2017 1.5875 26.4041666666667 0 0 0 "JM" 2017
2 2018 1.19615384615385 26.5557692307692 0 0 0 "JM" 2018
3 1977 97.55 25.75 0 0 0 "JM" 1977
3 1979 49.4833333333333 24.5 0 0 0 "JM" 1979
3 1980 0 25.1666666666667 0 0 0 "JM" 1980
3 1981 0 25.375 0 0 0 "JM" 1981
3 1982 0.133333333333333 25.3083333333333 0 0 0 "JM" 1982
3 1983 2.9 25.34 0 0 0 "JM" 1983
3 1984 0.115384615384615 25.7115384615385 0 0 0 "JM" 1984
3 1985 0.71 24.725 0 0 0 "JM" 1985
3 1986 0.0714285714285714 25.0285714285714 0 0 0 "JM" 1986
3 1987 2.55714285714286 25.2107142857143 0 0 0 "JM" 1987
3 1988 2.37647058823529 25.6705882352941 0 0 0 "JM" 1988
3 1989 4.95714285714286 24.5964285714286 0 0 0 "JM" 1989
3 1990 0.466666666666667 25.3041666666667 0 0 0 "JM" 1990
3 1991 0.05 25.975 0 0 0 "JM" 1991
3 1992 0.763636363636364 26.2454545454545 0 0 0 "JM" 1992
3 1993 3.95454545454545 25.9272727272727 0 0 0 "JM" 1993
3 1994 3.52631578947368 26.5815789473684 0 0 0 "JM" 1994
3 1995 0.54 25.8966666666667 0 0 0 "JM" 1995
3 1996 3.08125 25.51875 0 0 0 "JM" 1996
3 1997 0.0833333333333333 26.4083333333333 0 0 0 "JM" 1997
3 1998 3.29047619047619 26.4047619047619 0 0 0 "JM" 1998
3 2003 2.02083333333333 26.8520833333333 0 0 0 "JM" 2003
3 2004 1.37777777777778 26.3425925925926 0 0 0 "JM" 2004
3 2005 0.8125 26.94375 0 0 0 "JM" 2005
3 2006 0 25.9916666666667 0 0 0 "JM" 2006
3 2007 1.764 26.338 0 0 0 "JM" 2007
3 2008 2.64 25.45 0 0 0 "JM" 2008
3 2009 0 26.2 0 0 0 "JM" 2009
3 2010 8.7 26.4 0 0 0 "JM" 2010
3 2012 0.784615384615385 26.5711538461538 0 0 0 "JM" 2012
3 2013 1.37307692307692 26.1115384615385 0 0 0 "JM" 2013
3 2014 3.6 27.1833333333333 0 0 0 "JM" 2014
3 2015 2.628 27.158 0 0 0 "JM" 2015
3 2016 0.247826086956522 27.304347826087 0 0 0 "JM" 2016
3 2017 2.672 26.21 0 0 0 "JM" 2017
3 2018 3.97 26.69 0 0 0 "JM" 2018
4 1977 256 26.5 0 0 0 "JM" 1977
4 1979 0 25.1666666666667 0 0 0 "JM" 1979
4 1980 0.0833333333333333 26.1666666666667 0 0 0 "JM" 1980
4 1981 0 26.0416666666667 0 0 0 "JM" 1981
4 1982 0 26.525 0 0 0 "JM" 1982
4 1983 5.02 25.72 0 0 0 "JM" 1983
4 1984 6.13 26.005 0 0 0 "JM" 1984
4 1985 2.76 25.3666666666667 0 0 0 "JM" 1985
4 1986 0.276923076923077 25.6730769230769 0 0 0 "JM" 1986
4 1987 6.81666666666667 25.825 0 0 0 "JM" 1987
4 1988 0 26.3136363636364 0 0 0 "JM" 1988
4 1989 0.263157894736842 26.0947368421053 0 0 0 "JM" 1989
4 1990 1.24 26.28 0 0 0 "JM" 1990
4 1991 0.4 27 0 0 0 "JM" 1991
4 1992 0.142857142857143 26.3642857142857 0 0 0 "JM" 1992
4 1993 2.65 27.0178571428571 0 0 0 "JM" 1993
4 1994 2.45555555555556 27.3361111111111 0 0 0 "JM" 1994
4 1995 1.31875 27.440625 0 0 0 "JM" 1995
4 1996 4.14285714285714 26.5785714285714 0 0 0 "JM" 1996
4 1997 0 28.3416666666667 0 0 0 "JM" 1997
4 1998 0.355 27.3175 0 0 0 "JM" 1998
4 2003 4.47916666666667 27.2229166666667 0 0 0 "JM" 2003
4 2004 6.688 26.682 0 0 0 "JM" 2004
4 2005 6.78461538461538 27.3942307692308 0 0 0 "JM" 2005
4 2006 0.15 27.1568181818182 0 0 0 "JM" 2006
4 2007 0.84 27.3375 0 0 0 "JM" 2007
4 2008 3.25 26.2 0 0 0 "JM" 2008
4 2009 5 26.8666666666667 0 0 0 "JM" 2009
4 2010 0 27.3 0 0 0 "JM" 2010
4 2011 0 28.35 0 0 0 "JM" 2011
4 2012 7.39583333333333 27.2875 0 0 0 "JM" 2012
4 2013 1.05238095238095 27.7357142857143 0 0 0 "JM" 2013
4 2014 3.63636363636364 27.8613636363636 0 0 0 "JM" 2014
4 2015 19.5 27.3875 0 0 0 "JM" 2015
4 2016 0.925 28.24 0 0 0 "JM" 2016
4 2017 5.00357142857143 27.6017857142857 0 0 0 "JM" 2017
4 2018 2.13571428571429 27.7517857142857 0 0 0 "JM" 2018
5 1976 0 27.5 0 0 0 "JM" 1976
5 1977 0 25.5 0 0 0 "JM" 1977
5 1979 0 26.75 0 0 0 "JM" 1979
5 1980 0 26.8333333333333 0 0 0 "JM" 1980
5 1981 5.90833333333333 27.1666666666667 0 0 0 "JM" 1981
5 1982 11.275 26.40625 0 0 0 "JM" 1982
5 1983 0.1 27.51 0 0 0 "JM" 1983
5 1984 0.5 26.76875 0 0 0 "JM" 1984
5 1985 0.533333333333333 26.4875 0 0 0 "JM" 1985
5 1986 0.285714285714286 26.3714285714286 0 0 0 "JM" 1986
5 1987 5.4625 26.91875 0 0 0 "JM" 1987
5 1988 3.32 26.9666666666667 0 0 0 "JM" 1988
5 1989 1.03529411764706 27.0794117647059 0 0 0 "JM" 1989
5 1990 1.60952380952381 27.1214285714286 0 0 0 "JM" 1990
5 1991 4.17272727272727 27.3136363636364 0 0 0 "JM" 1991
5 1992 0 26.0166666666667 0 0 0 "JM" 1992
5 1993 9.08235294117647 27.2411764705882 0 0 0 "JM" 1993
5 1994 7.62105263157895 27.7315789473684 0 0 0 "JM" 1994
5 1995 3.38461538461538 28.3538461538462 0 0 0 "JM" 1995
5 1996 5.61 27.27 0 0 0 "JM" 1996
5 1997 4.9 28.2882352941176 0 0 0 "JM" 1997
5 1998 1.53913043478261 28.1195652173913 0 0 0 "JM" 1998
5 2003 3.77307692307692 28.05 0 0 0 "JM" 2003
5 2004 1.68888888888889 27.7925925925926 0 0 0 "JM" 2004
5 2005 3.06538461538462 28.525 0 0 0 "JM" 2005
5 2006 1.43478260869565 28.1239130434783 0 0 0 "JM" 2006
5 2007 12.4153846153846 27.4192307692308 0 0 0 "JM" 2007
5 2008 1.96666666666667 27.6833333333333 0 0 0 "JM" 2008
5 2009 5.38 27.365 0 0 0 "JM" 2009
5 2010 9.32857142857143 28.7857142857143 0 0 0 "JM" 2010
5 2011 3.1 27.8 0 0 0 "JM" 2011
5 2012 2.04761904761905 28.1952380952381 0 0 0 "JM" 2012
5 2013 5.84545454545455 28.1340909090909 0 0 0 "JM" 2013
5 2014 10.064 27.724 0 0 0 "JM" 2014
5 2015 0.145454545454545 28.7727272727273 0 0 0 "JM" 2015
5 2016 3.58076923076923 28.7615384615385 0 0 0 "JM" 2016
5 2017 7.112 27.618 0 0 0 "JM" 2017
5 2018 3.775 28.0964285714286 0 0 0 "JM" 2018
6 1977 95.5 28.25 0 0 0 "JM" 1977
6 1979 3.1125 26.625 0 0 0 "JM" 1979
6 1980 1.7 27.2142857142857 0 0 0 "JM" 1980
6 1981 0.81 27.35 0 0 0 "JM" 1981
6 1982 0.133333333333333 28.125 0 0 0 "JM" 1982
6 1983 3.81428571428571 27.6714285714286 0 0 0 "JM" 1983
6 1984 0.125 27.25625 0 0 0 "JM" 1984
6 1985 1.59411764705882 27.2852941176471 0 0 0 "JM" 1985
6 1986 0.272727272727273 27.35 0 0 0 "JM" 1986
6 1987 3.46363636363636 27.8181818181818 0 0 0 "JM" 1987
6 1988 8.27857142857143 28.0321428571429 0 0 0 "JM" 1988
6 1989 4.90769230769231 27.7346153846154 0 0 0 "JM" 1989
6 1990 0.233333333333333 28.0541666666667 0 0 0 "JM" 1990
6 1991 0.61 28.07 0 0 0 "JM" 1991
6 1992 1.3 28.5857142857143 0 0 0 "JM" 1992
6 1993 2.89375 28.74375 0 0 0 "JM" 1993
6 1994 1.38888888888889 28.6166666666667 0 0 0 "JM" 1994
6 1995 1.4125 29.04375 0 0 0 "JM" 1995
6 1996 3.55 28.15 0 0 0 "JM" 1996
6 1997 0.88 28.7733333333333 0 0 0 "JM" 1997
6 1998 0.770588235294118 29.2617647058824 0 0 0 "JM" 1998
6 2003 4.23333333333333 28.2444444444444 0 0 0 "JM" 2003
6 2004 1.20384615384615 28.6230769230769 0 0 0 "JM" 2004
6 2005 2.65769230769231 29.0538461538462 0 0 0 "JM" 2005
6 2006 6.44090909090909 28.5295454545455 0 0 0 "JM" 2006
6 2007 6.27619047619048 28.3119047619048 0 0 0 "JM" 2007
6 2008 1.9 26.925 0 0 0 "JM" 2008
6 2009 6.81666666666667 28.0583333333333 0 0 0 "JM" 2009
6 2010 0.825 29.175 0 0 0 "JM" 2010
6 2011 21.3 27.775 0 0 0 "JM" 2011
6 2012 5.31666666666667 28.9944444444444 0 0 0 "JM" 2012
6 2013 0.125 29.4125 0 0 0 "JM" 2013
6 2014 0.395652173913043 28.9826086956522 0 0 0 "JM" 2014
6 2015 1.7695652173913 29.1978260869565 0 0 0 "JM" 2015
6 2016 1.87391304347826 29.0108695652174 0 0 0 "JM" 2016
6 2017 3.46923076923077 28.6884615384615 0 0 0 "JM" 2017
6 2018 0.196 29.176 0 0 0 "JM" 2018
7 1979 97.725 27.75 0 0 0 "JM" 1979
7 1980 1.15 27.625 0 0 0 "JM" 1980
7 1981 7.54285714285714 27.3571428571429 0 0 0 "JM" 1981
7 1982 0 27.5125 0 0 0 "JM" 1982
7 1983 0 28.44 0 0 0 "JM" 1983
7 1984 0.0909090909090909 27.5045454545455 0 0 0 "JM" 1984
7 1985 1.21111111111111 27.5333333333333 0 0 0 "JM" 1985
7 1986 0.173684210526316 27.7947368421053 0 0 0 "JM" 1986
7 1987 0.2 28.045 0 0 0 "JM" 1987
7 1988 4.3 27.7 0 0 0 "JM" 1988
7 1989 0.575 28.25625 0 0 0 "JM" 1989
7 1990 0.645454545454545 27.8727272727273 0 0 0 "JM" 1990
7 1991 3.15 28.325 0 0 0 "JM" 1991
7 1992 0.25 28.7375 0 0 0 "JM" 1992
7 1993 43.0666666666667 28.7083333333333 0 0 0 "JM" 1993
7 1994 0.181818181818182 29.075 0 0 0 "JM" 1994
7 1995 0.81 29.005 0 0 0 "JM" 1995
7 1996 0.375 27.31875 0 0 0 "JM" 1996
7 1997 0.153846153846154 28.7769230769231 0 0 0 "JM" 1997
7 1998 2.644 29.446 0 0 0 "JM" 1998
7 2003 1.424 28.506 0 0 0 "JM" 2003
7 2004 3.08260869565217 28.695652173913 0 0 0 "JM" 2004
7 2005 4.22916666666667 28.8208333333333 0 0 0 "JM" 2005
7 2006 3.14166666666667 28.9395833333333 0 0 0 "JM" 2006
7 2007 1.3 29.092 0 0 0 "JM" 2007
7 2009 0 29.0625 0 0 0 "JM" 2009
7 2010 2.28333333333333 28.9916666666667 0 0 0 "JM" 2010
7 2011 71.6 27.25 0 0 0 "JM" 2011
7 2012 1.36666666666667 29.0142857142857 0 0 0 "JM" 2012
7 2013 0.0555555555555556 29.2055555555556 0 0 0 "JM" 2013
7 2014 1.16923076923077 29.7153846153846 0 0 0 "JM" 2014
7 2015 0.99 29.625 0 0 0 "JM" 2015
7 2016 2.39583333333333 29.61875 0 0 0 "JM" 2016
7 2017 2.54814814814815 29.3962962962963 0 0 0 "JM" 2017
7 2018 0.359259259259259 29.9611111111111 0 0 0 "JM" 2018
8 1976 12.95 27.5 0 0 0 "JM" 1976
8 1979 1.21111111111111 27.2222222222222 0 0 0 "JM" 1979
8 1980 1.12222222222222 27.2777777777778 0 0 0 "JM" 1980
8 1981 9.96666666666667 27.5833333333333 0 0 0 "JM" 1981
8 1982 2.05 28.8 0 0 0 "JM" 1982
8 1983 1.79333333333333 27.8433333333333 0 0 0 "JM" 1983
8 1984 3.6125 27.36875 0 0 0 "JM" 1984
8 1985 2.80769230769231 27.5230769230769 0 0 0 "JM" 1985
8 1986 1 28.0184210526316 0 0 0 "JM" 1986
8 1987 0.333333333333333 28.575 0 0 0 "JM" 1987
8 1988 2.8875 27.6 0 0 0 "JM" 1988
8 1990 2.18571428571429 27.8607142857143 0 0 0 "JM" 1990
8 1991 1.77692307692308 28.6923076923077 0 0 0 "JM" 1991
8 1992 1.3 28.3928571428571 0 0 0 "JM" 1992
8 1993 1.2625 29.175 0 0 0 "JM" 1993
8 1994 1.21176470588235 28.4294117647059 0 0 0 "JM" 1994
8 1995 3.84615384615385 29.1807692307692 0 0 0 "JM" 1995
8 1996 4.11 27.895 0 0 0 "JM" 1996
8 1997 0.606666666666667 29.4066666666667 0 0 0 "JM" 1997
8 1998 2.31818181818182 29.2727272727273 0 0 0 "JM" 1998
8 2002 31 28.2 0 0 0 "JM" 2002
8 2003 12.0769230769231 28.6173076923077 0 0 0 "JM" 2003
8 2004 1.65416666666667 28.7645833333333 0 0 0 "JM" 2004
8 2005 2.41034482758621 29.1396551724138 0 0 0 "JM" 2005
8 2006 8.35769230769231 28.5634615384615 0 0 0 "JM" 2006
8 2007 1.076 29.064 0 0 0 "JM" 2007
8 2008 10.7 27.65 0 0 0 "JM" 2008
8 2009 0 29.05 0 0 0 "JM" 2009
8 2010 7.25555555555556 29 0 0 0 "JM" 2010
8 2012 2.64285714285714 28.8535714285714 0 0 0 "JM" 2012
8 2013 3.17368421052632 29.2894736842105 0 0 0 "JM" 2013
8 2014 5.30833333333333 29.5604166666667 0 0 0 "JM" 2014
8 2015 0.19 29.79 0 0 0 "JM" 2015
8 2016 7.05238095238095 29.2690476190476 0 0 0 "JM" 2016
8 2017 1.95714285714286 29.5767857142857 0 0 0 "JM" 2017
8 2018 0.159259259259259 29.9722222222222 0 0 0 "JM" 2018
9 1973 1 27.5 0 0 0 "JM" 1973
9 1979 7.89 26.5 0 0 0 "JM" 1979
9 1980 0.25 26.875 0 0 0 "JM" 1980
9 1981 0.277777777777778 28.0555555555556 0 0 0 "JM" 1981
9 1982 39 27.5857142857143 0 0 0 "JM" 1982
9 1983 24.9 27.4714285714286 0 0 0 "JM" 1983
9 1984 17.22 26.9 0 0 0 "JM" 1984
9 1985 5.87333333333333 27.2533333333333 0 0 0 "JM" 1985
9 1986 5.01428571428571 27.3178571428571 0 0 0 "JM" 1986
9 1987 7.83846153846154 28.05 0 0 0 "JM" 1987
9 1988 4.06 27.48 0 0 0 "JM" 1988
9 1989 12.6 27.55625 0 0 0 "JM" 1989
9 1990 4.12222222222222 27.9305555555556 0 0 0 "JM" 1990
9 1991 4.48333333333333 28.15 0 0 0 "JM" 1991
9 1992 1.32222222222222 28.1166666666667 0 0 0 "JM" 1992
9 1993 1.08181818181818 28.3045454545455 0 0 0 "JM" 1993
9 1994 1.64 28.2833333333333 0 0 0 "JM" 1994
9 1995 3.55384615384615 29.3269230769231 0 0 0 "JM" 1995
9 1996 0.685714285714286 28.8785714285714 0 0 0 "JM" 1996
9 1997 3.74666666666667 29.0766666666667 0 0 0 "JM" 1997
9 1998 2.9 28.8642857142857 0 0 0 "JM" 1998
9 1999 1.43333333333333 28.3166666666667 0 0 0 "JM" 1999
9 2002 3.04615384615385 28.6076923076923 0 0 0 "JM" 2002
9 2003 6.17727272727273 28.4090909090909 0 0 0 "JM" 2003
9 2004 4.03809523809524 28.4285714285714 0 0 0 "JM" 2004
9 2005 1.6 29.3 0 0 0 "JM" 2005
9 2006 3.0625 28.8375 0 0 0 "JM" 2006
9 2007 8.65909090909091 28.4659090909091 0 0 0 "JM" 2007
9 2008 1.5 28.6166666666667 0 0 0 "JM" 2008
9 2010 19.4625 28.83125 0 0 0 "JM" 2010
9 2012 2.28888888888889 29.0611111111111 0 0 0 "JM" 2012
9 2013 4.804 28.782 0 0 0 "JM" 2013
9 2014 2.1047619047619 29.0214285714286 0 0 0 "JM" 2014
9 2015 3.17916666666667 29.25 0 0 0 "JM" 2015
9 2016 2.53478260869565 29.1347826086957 0 0 0 "JM" 2016
9 2017 6.42 29.362 0 0 0 "JM" 2017
9 2018 1.35 29.325 0 0 0 "JM" 2018
10 1976 2.55 27.5 0 0 0 "JM" 1976
10 1979 41.7285714285714 26.8571428571429 0 0 0 "JM" 1979
10 1980 58.1222222222222 27.2777777777778 0 0 0 "JM" 1980
10 1981 0 26.8 0 0 0 "JM" 1981
10 1982 2.71428571428571 26.8785714285714 0 0 0 "JM" 1982
10 1983 3.63333333333333 27 0 0 0 "JM" 1983
10 1984 8.9 26.0666666666667 0 0 0 "JM" 1984
10 1985 0.7 26.4538461538462 0 0 0 "JM" 1985
10 1986 1.49375 27.040625 0 0 0 "JM" 1986
10 1987 11.21 27.55 0 0 0 "JM" 1987
10 1988 1.1 27.375 0 0 0 "JM" 1988
10 1989 5.14615384615385 27.2923076923077 0 0 0 "JM" 1989
10 1990 1.94615384615385 27.7346153846154 0 0 0 "JM" 1990
10 1991 8.90909090909091 27.6318181818182 0 0 0 "JM" 1991
10 1992 2.4125 28.13125 0 0 0 "JM" 1992
10 1993 1.925 28.1416666666667 0 0 0 "JM" 1993
10 1994 5.7047619047619 27.5857142857143 0 0 0 "JM" 1994
10 1995 5.27777777777778 28.2555555555556 0 0 0 "JM" 1995
10 1996 4.63333333333333 28.0708333333333 0 0 0 "JM" 1996
10 1997 5.62777777777778 28.275 0 0 0 "JM" 1997
10 1998 2.59090909090909 28.3931818181818 0 0 0 "JM" 1998
10 1999 6.6 28.125 0 0 0 "JM" 1999
10 2001 12.5333333333333 27.1333333333333 0 0 0 "JM" 2001
10 2002 3.2 27.91 0 0 0 "JM" 2002
10 2003 2.66896551724138 28.2379310344828 0 0 0 "JM" 2003
10 2004 2.1 28.3568965517241 0 0 0 "JM" 2004
10 2005 16.048275862069 27.7758620689655 0 0 0 "JM" 2005
10 2006 4.34285714285714 28.6339285714286 0 0 0 "JM" 2006
10 2007 6.09285714285714 28.0857142857143 0 0 0 "JM" 2007
10 2009 4.575 29.1 0 0 0 "JM" 2009
10 2010 4.08181818181818 28.4272727272727 0 0 0 "JM" 2010
10 2012 5.76315789473684 28.0447368421053 0 0 0 "JM" 2012
10 2013 1.072 29.06 0 0 0 "JM" 2013
10 2014 5.82142857142857 28.5571428571429 0 0 0 "JM" 2014
10 2015 5.62380952380952 28.7166666666667 0 0 0 "JM" 2015
10 2016 4.872 28.578 0 0 0 "JM" 2016
10 2017 3.95 28.7316666666667 0 0 0 "JM" 2017
10 2018 2.3304347826087 28.8434782608696 0 0 0 "JM" 2018
11 1979 1.62 26.1 0 0 0 "JM" 1979
11 1980 484.1 25.5 0 0 0 "JM" 1980
11 1981 4.22222222222222 26.1111111111111 0 0 0 "JM" 1981
11 1982 1.85714285714286 26.0214285714286 0 0 0 "JM" 1982
11 1983 1.64 26.5 0 0 0 "JM" 1983
11 1984 0 25.2 0 0 0 "JM" 1984
11 1985 3.50909090909091 26.3045454545455 0 0 0 "JM" 1985
11 1986 4.59166666666667 26.8375 0 0 0 "JM" 1986
11 1987 3.51666666666667 26.425 0 0 0 "JM" 1987
11 1988 0.166666666666667 26.7166666666667 0 0 0 "JM" 1988
11 1989 1.62 26.955 0 0 0 "JM" 1989
11 1990 6.64666666666667 26.7733333333333 0 0 0 "JM" 1990
11 1991 19.6538461538462 26.8423076923077 0 0 0 "JM" 1991
11 1992 0.209090909090909 27.2863636363636 0 0 0 "JM" 1992
11 1993 0.222222222222222 27.5055555555556 0 0 0 "JM" 1993
11 1994 2.85 26.9694444444444 0 0 0 "JM" 1994
11 1995 2.24615384615385 27.8884615384615 0 0 0 "JM" 1995
11 1996 3.34705882352941 27.0794117647059 0 0 0 "JM" 1996
11 1997 1.29411764705882 28.2647058823529 0 0 0 "JM" 1997
11 1998 4.30434782608696 27.4521739130435 0 0 0 "JM" 1998
11 1999 2.58 26.7866666666667 0 0 0 "JM" 1999
11 2002 3.26666666666667 27.8240740740741 0 0 0 "JM" 2002
11 2003 2.38148148148148 27.812962962963 0 0 0 "JM" 2003
11 2004 0.652 27.436 0 0 0 "JM" 2004
11 2005 8.05 27.4125 0 0 0 "JM" 2005
11 2006 9 27.1684210526316 0 0 0 "JM" 2006
11 2007 9.0875 27.13125 0 0 0 "JM" 2007
11 2008 1.3 27.55 0 0 0 "JM" 2008
11 2010 0.31 27.105 0 0 0 "JM" 2010
11 2011 0.15 26.85 0 0 0 "JM" 2011
11 2012 4.81764705882353 27.0705882352941 0 0 0 "JM" 2012
11 2013 3.875 28.5645833333333 0 0 0 "JM" 2013
11 2014 2.01363636363636 27.9272727272727 0 0 0 "JM" 2014
11 2015 0.79375 28.515625 0 0 0 "JM" 2015
11 2016 1.185 27.77 0 0 0 "JM" 2016
11 2017 10.7535714285714 27.4 0 0 0 "JM" 2017
11 2018 1.32380952380952 28.2904761904762 0 0 0 "JM" 2018
12 1976 2.8 25.5 0 0 0 "JM" 1976
12 1978 0 25.5 0 0 0 "JM" 1978
12 1979 1.51666666666667 25.5 0 0 0 "JM" 1979
12 1980 63.375 24.375 0 0 0 "JM" 1980
12 1981 2.51 24.95 0 0 0 "JM" 1981
12 1982 0.16 25.06 0 0 0 "JM" 1982
12 1983 0 25.8833333333333 0 0 0 "JM" 1983
12 1984 0.625 24.6875 0 0 0 "JM" 1984
12 1985 0.526666666666667 25.1866666666667 0 0 0 "JM" 1985
12 1986 1.26818181818182 25.5681818181818 0 0 0 "JM" 1986
12 1987 4.32 26.33 0 0 0 "JM" 1987
12 1988 0.591666666666667 25.6708333333333 0 0 0 "JM" 1988
12 1989 0.9 25.4166666666667 0 0 0 "JM" 1989
12 1990 5.625 25.525 0 0 0 "JM" 1990
12 1991 1.84285714285714 26.0357142857143 0 0 0 "JM" 1991
12 1992 0.675 26.4416666666667 0 0 0 "JM" 1992
12 1993 20.8466666666667 26.64 0 0 0 "JM" 1993
12 1994 0.295833333333333 25.9229166666667 0 0 0 "JM" 1994
12 1995 2.43333333333333 26.9222222222222 0 0 0 "JM" 1995
12 1996 1.64117647058824 25.4588235294118 0 0 0 "JM" 1996
12 1997 0 27.1166666666667 0 0 0 "JM" 1997
12 1998 3.98571428571429 26.6119047619048 0 0 0 "JM" 1998
12 1999 2.52857142857143 25.8428571428571 0 0 0 "JM" 1999
12 2000 229.1 25.7 0 0 0 "JM" 2000
12 2001 78.7 26 0 0 0 "JM" 2001
12 2002 2.54090909090909 26.6840909090909 0 0 0 "JM" 2002
12 2003 1.03448275862069 26.4758620689655 0 0 0 "JM" 2003
12 2004 4.42142857142857 26.3553571428571 0 0 0 "JM" 2004
12 2005 7.70416666666667 26.4020833333333 0 0 0 "JM" 2005
12 2006 0.954166666666667 27.3291666666667 0 0 0 "JM" 2006
12 2007 0.926086956521739 26.3717391304348 0 0 0 "JM" 2007
12 2008 0 26.8 0 0 0 "JM" 2008
12 2009 0.266666666666667 26.5333333333333 0 0 0 "JM" 2009
12 2010 0.05 24.48 0 0 0 "JM" 2010
12 2012 0.361904761904762 26.7690476190476 0 0 0 "JM" 2012
12 2013 3.2 27.264 0 0 0 "JM" 2013
12 2014 8.172 26.578 0 0 0 "JM" 2014
12 2015 2.50454545454545 27.3613636363636 0 0 0 "JM" 2015
12 2016 0.8 27.2018518518519 0 0 0 "JM" 2016
12 2017 3.89 26.8333333333333 0 0 0 "JM" 2017
12 2018 1.84137931034483 27.2034482758621 0 0 0 "JM" 2018
1 1978 129.966666666667 26.1666666666667 0 0 0 "JM" 1978
1 1979 9.4 26 0 0 0 "JM" 1979
1 1980 0 25.9090909090909 0 0 0 "JM" 1980
1 1981 15.7315789473684 25.7368421052632 0 0 0 "JM" 1981
1 1983 0.068421052631579 26.7210526315789 0 0 0 "JM" 1983
1 1984 0.0294117647058824 26.3411764705882 0 0 0 "JM" 1984
1 1985 0.15 25.2225 0 0 0 "JM" 1985
1 1986 1.47777777777778 25.6277777777778 0 0 0 "JM" 1986
1 1987 0.947368421052632 26.0131578947368 0 0 0 "JM" 1987
1 1988 0.173913043478261 27.3826086956522 0 0 0 "JM" 1988
1 1989 0.04 26.4166666666667 0 0 0 "JM" 1989
1 1990 0 26.8611111111111 0 0 0 "JM" 1990
1 1991 0.466666666666667 26.6472222222222 0 0 0 "JM" 1991
1 1992 0.0384615384615385 26.6826923076923 0 0 0 "JM" 1992
1 1993 0.505555555555556 27.1361111111111 0 0 0 "JM" 1993
1 1994 1.73333333333333 26.3083333333333 0 0 0 "JM" 1994
1 1995 0.111111111111111 26.6138888888889 0 0 0 "JM" 1995
1 1997 1.21428571428571 26.3571428571429 0 0 0 "JM" 1997
1 1998 1.50714285714286 27.4428571428571 0 0 0 "JM" 1998
1 2000 0 26.54 0 0 0 "JM" 2000
1 2003 1.3 27.1025 0 0 0 "JM" 2003
1 2004 0 26.55 0 0 0 "JM" 2004
1 2005 1.10434782608696 26.5065217391304 0 0 0 "JM" 2005
1 2006 0.507692307692308 27.0538461538462 0 0 0 "JM" 2006
1 2007 0.0428571428571429 28.0214285714286 0 0 0 "JM" 2007
1 2008 0.4625 26.509375 0 0 0 "JM" 2008
1 2009 0 26.85 0 0 0 "JM" 2009
1 2010 0.144444444444444 27.2833333333333 0 0 0 "JM" 2010
1 2011 1.05555555555556 26.3694444444444 0 0 0 "JM" 2011
1 2012 0 26.2125 0 0 0 "JM" 2012
1 2013 0.0476190476190476 27.25 0 0 0 "JM" 2013
1 2014 0.233333333333333 27.1452380952381 0 0 0 "JM" 2014
1 2015 0.0111111111111111 27.2 0 0 0 "JM" 2015
1 2016 0.257692307692308 26.9557692307692 0 0 0 "JM" 2016
1 2017 0 26.6909090909091 0 0 0 "JM" 2017
1 2018 1.424 26.63 0 0 0 "JM" 2018
1 2019 0.246153846153846 26.4615384615385 0 0 0 "JM" 2019
2 1979 95.5 26.25 0 0 0 "JM" 1979
2 1980 0 26.35 0 0 0 "JM" 1980
2 1981 4.7 26.84375 0 0 0 "JM" 1981
2 1982 0 25.7454545454545 0 0 0 "JM" 1982
2 1983 3.67333333333333 26.4366666666667 0 0 0 "JM" 1983
2 1984 0.573333333333333 26.5366666666667 0 0 0 "JM" 1984
2 1985 0.1 25.9033333333333 0 0 0 "JM" 1985
2 1986 0.277777777777778 25.4333333333333 0 0 0 "JM" 1986
2 1987 0.0818181818181818 26.4954545454545 0 0 0 "JM" 1987
2 1988 0.0238095238095238 27.1595238095238 0 0 0 "JM" 1988
2 1989 0.65 26.2166666666667 0 0 0 "JM" 1989
2 1990 0.671428571428571 26.2642857142857 0 0 0 "JM" 1990
2 1991 0.0833333333333333 26.6708333333333 0 0 0 "JM" 1991
2 1992 0.178571428571429 26.6178571428571 0 0 0 "JM" 1992
2 1993 0.153846153846154 26.0115384615385 0 0 0 "JM" 1993
2 1994 8.03076923076923 26.7230769230769 0 0 0 "JM" 1994
2 1995 0.690909090909091 26.9363636363636 0 0 0 "JM" 1995
2 1997 0.546153846153846 27.0884615384615 0 0 0 "JM" 1997
2 1998 1.015 26.465 0 0 0 "JM" 1998
2 2003 0.0666666666666667 27.4466666666667 0 0 0 "JM" 2003
2 2004 0.118181818181818 27.2681818181818 0 0 0 "JM" 2004
2 2005 0 25.8266666666667 0 0 0 "JM" 2005
2 2006 1 26.5470588235294 0 0 0 "JM" 2006
2 2007 0 27.5038461538462 0 0 0 "JM" 2007
2 2008 0.176923076923077 26.7423076923077 0 0 0 "JM" 2008
2 2009 0.142857142857143 26.6428571428571 0 0 0 "JM" 2009
2 2010 0.254545454545455 26.9272727272727 0 0 0 "JM" 2010
2 2011 0.622222222222222 26.7777777777778 0 0 0 "JM" 2011
2 2012 0 27.025 0 0 0 "JM" 2012
2 2013 0.134782608695652 27.1760869565217 0 0 0 "JM" 2013
2 2014 0.156521739130435 26.9826086956522 0 0 0 "JM" 2014
2 2015 0.326086956521739 27.1239130434783 0 0 0 "JM" 2015
2 2016 0.31875 26.934375 0 0 0 "JM" 2016
2 2017 0.176923076923077 26.6153846153846 0 0 0 "JM" 2017
2 2018 0.3 26.4865384615385 0 0 0 "JM" 2018
3 1975 90.05 25.5 0 0 0 "JM" 1975
3 1977 45.525 26.5 0 0 0 "JM" 1977
3 1979 0.333333333333333 26.5833333333333 0 0 0 "JM" 1979
3 1980 0 26.7333333333333 0 0 0 "JM" 1980
3 1981 0.417647058823529 27.5588235294118 0 0 0 "JM" 1981
3 1982 0.471428571428571 26.3785714285714 0 0 0 "JM" 1982
3 1983 0.953333333333333 27.12 0 0 0 "JM" 1983
3 1984 4.775 26.415625 0 0 0 "JM" 1984
3 1985 0.05 26.3625 0 0 0 "JM" 1985
3 1986 0.826086956521739 26.4695652173913 0 0 0 "JM" 1986
3 1987 0.242857142857143 26.6619047619048 0 0 0 "JM" 1987
3 1988 0.3375 26.9729166666667 0 0 0 "JM" 1988
3 1989 0.275 26.090625 0 0 0 "JM" 1989
3 1990 2.51 26.575 0 0 0 "JM" 1990
3 1991 0.153333333333333 26.8066666666667 0 0 0 "JM" 1991
3 1992 0.18 27.185 0 0 0 "JM" 1992
3 1993 1.18333333333333 26.8166666666667 0 0 0 "JM" 1993
3 1994 3.28666666666667 27.1666666666667 0 0 0 "JM" 1994
3 1995 0.142857142857143 26.8714285714286 0 0 0 "JM" 1995
3 1997 1.05789473684211 26.8263157894737 0 0 0 "JM" 1997
3 1998 3.19285714285714 27.1910714285714 0 0 0 "JM" 1998
3 2003 0.153333333333333 27.7833333333333 0 0 0 "JM" 2003
3 2004 0.805555555555555 27.0972222222222 0 0 0 "JM" 2004
3 2005 0.0884615384615385 27.9153846153846 0 0 0 "JM" 2005
3 2006 0.0625 26.871875 0 0 0 "JM" 2006
3 2007 0.181818181818182 27.5318181818182 0 0 0 "JM" 2007
3 2008 0.125 26.525 0 0 0 "JM" 2008
3 2009 0 26.55 0 0 0 "JM" 2009
3 2010 0 27.3888888888889 0 0 0 "JM" 2010
3 2011 0 25.85 0 0 0 "JM" 2011
3 2012 0.0833333333333333 27.2 0 0 0 "JM" 2012
3 2013 0.885185185185185 26.9666666666667 0 0 0 "JM" 2013
3 2014 0.268421052631579 27.1552631578947 0 0 0 "JM" 2014
3 2015 2.66521739130435 27.1673913043478 0 0 0 "JM" 2015
3 2016 0.965 27.4225 0 0 0 "JM" 2016
3 2017 0.933333333333333 26.912962962963 0 0 0 "JM" 2017
3 2018 0.203225806451613 26.9983870967742 0 0 0 "JM" 2018
4 1973 0 25 0 0 0 "JM" 1973
4 1979 0.214285714285714 27.9285714285714 0 0 0 "JM" 1979
4 1980 1.88 27.2666666666667 0 0 0 "JM" 1980
4 1981 0.0357142857142857 27.8214285714286 0 0 0 "JM" 1981
4 1982 24.2928571428571 27.0928571428571 0 0 0 "JM" 1982
4 1983 1.45333333333333 27.25 0 0 0 "JM" 1983
4 1984 0.513333333333333 27.42 0 0 0 "JM" 1984
4 1985 0.130434782608696 26.8173913043478 0 0 0 "JM" 1985
4 1986 1.17083333333333 27.1416666666667 0 0 0 "JM" 1986
4 1987 7.19333333333333 27.9066666666667 0 0 0 "JM" 1987
4 1988 1.05 27.6090909090909 0 0 0 "JM" 1988
4 1989 0.3125 27.584375 0 0 0 "JM" 1989
4 1990 0.111111111111111 27.3444444444444 0 0 0 "JM" 1990
4 1991 0.0769230769230769 27.4730769230769 0 0 0 "JM" 1991
4 1992 0.178571428571429 28.275 0 0 0 "JM" 1992
4 1993 1.03571428571429 27.5035714285714 0 0 0 "JM" 1993
4 1994 0.192307692307692 27.5153846153846 0 0 0 "JM" 1994
4 1995 0.372727272727273 27.8181818181818 0 0 0 "JM" 1995
4 1997 1.0625 27.4208333333333 0 0 0 "JM" 1997
4 1998 0.804347826086957 27.6260869565217 0 0 0 "JM" 1998
4 2003 3.68823529411765 28.1176470588235 0 0 0 "JM" 2003
4 2004 0.117647058823529 27.7911764705882 0 0 0 "JM" 2004
4 2005 0.166666666666667 28.7222222222222 0 0 0 "JM" 2005
4 2006 0.961538461538461 27.6653846153846 0 0 0 "JM" 2006
4 2007 1.9 28.2923076923077 0 0 0 "JM" 2007
4 2008 0.216666666666667 26.9416666666667 0 0 0 "JM" 2008
4 2009 0 27.77 0 0 0 "JM" 2009
4 2010 9.0125 27.525 0 0 0 "JM" 2010
4 2011 0 27.1666666666667 0 0 0 "JM" 2011
4 2012 0 27.125 0 0 0 "JM" 2012
4 2013 0.479166666666667 27.85625 0 0 0 "JM" 2013
4 2014 1.29545454545455 27.85 0 0 0 "JM" 2014
4 2015 0.142857142857143 27.4642857142857 0 0 0 "JM" 2015
4 2016 0.244 28.044 0 0 0 "JM" 2016
4 2017 4.28 27.7 0 0 0 "JM" 2017
4 2018 0.0892857142857143 27.8875 0 0 0 "JM" 2018
5 1974 22.1 27 0 0 0 "JM" 1974
5 1979 14.525 27.875 0 0 0 "JM" 1979
5 1980 11.1 28.7 0 0 0 "JM" 1980
5 1981 13.2066666666667 28.6666666666667 0 0 0 "JM" 1981
5 1982 10.7090909090909 27.4454545454545 0 0 0 "JM" 1982
5 1983 10.1166666666667 28.9027777777778 0 0 0 "JM" 1983
5 1984 1.01666666666667 27.6722222222222 0 0 0 "JM" 1984
5 1985 2.03684210526316 27.8184210526316 0 0 0 "JM" 1985
5 1986 7.43333333333333 27.77 0 0 0 "JM" 1986
5 1987 0 28.7944444444444 0 0 0 "JM" 1987
5 1988 0.08 28.84 0 0 0 "JM" 1988
5 1989 4.09333333333333 27.76 0 0 0 "JM" 1989
5 1990 0.51 28.79 0 0 0 "JM" 1990
5 1991 7.875 28.2458333333333 0 0 0 "JM" 1991
5 1992 2.66153846153846 28.3461538461538 0 0 0 "JM" 1992
5 1993 1.52222222222222 28.0333333333333 0 0 0 "JM" 1993
5 1994 5.13333333333333 28.2111111111111 0 0 0 "JM" 1994
5 1995 2.75882352941176 28.8058823529412 0 0 0 "JM" 1995
5 1997 0 28.2125 0 0 0 "JM" 1997
5 1998 0.265217391304348 28.7608695652174 0 0 0 "JM" 1998
5 2003 12.7 28.7710526315789 0 0 0 "JM" 2003
5 2004 0.382608695652174 28.6608695652174 0 0 0 "JM" 2004
5 2005 6.57083333333333 28.6333333333333 0 0 0 "JM" 2005
5 2006 0 28.4111111111111 0 0 0 "JM" 2006
5 2007 2.10909090909091 28.6954545454545 0 0 0 "JM" 2007
5 2008 1.3 27.75 0 0 0 "JM" 2008
5 2009 0.5 27.375 0 0 0 "JM" 2009
5 2010 6.67272727272727 28.4045454545455 0 0 0 "JM" 2010
5 2011 0 28.35 0 0 0 "JM" 2011
5 2012 0 29.1 0 0 0 "JM" 2012
5 2013 4.14545454545455 28.3613636363636 0 0 0 "JM" 2013
5 2014 1.03333333333333 28.265 0 0 0 "JM" 2014
5 2015 0.281481481481481 28.4092592592593 0 0 0 "JM" 2015
5 2016 3.1037037037037 28.6203703703704 0 0 0 "JM" 2016
5 2017 1.284 28.248 0 0 0 "JM" 2017
5 2018 10.5692307692308 27.9211538461538 0 0 0 "JM" 2018
6 1977 45.45 28.75 0 0 0 "JM" 1977
6 1979 56.9 27.5 0 0 0 "JM" 1979
6 1980 0.65 28.9285714285714 0 0 0 "JM" 1980
6 1981 1.91 28.75 0 0 0 "JM" 1981
6 1982 1.08571428571429 28.8142857142857 0 0 0 "JM" 1982
6 1983 2.77 28.45 0 0 0 "JM" 1983
6 1984 0.56875 28.875 0 0 0 "JM" 1984
6 1985 19.7307692307692 28.7153846153846 0 0 0 "JM" 1985
6 1986 2.58666666666667 28.34 0 0 0 "JM" 1986
6 1987 0.830434782608696 30.0869565217391 0 0 0 "JM" 1987
6 1988 0.329411764705882 29.7029411764706 0 0 0 "JM" 1988
6 1989 0.466666666666667 28.83 0 0 0 "JM" 1989
6 1990 0.0625 29.678125 0 0 0 "JM" 1990
6 1991 0.0416666666666667 29.2458333333333 0 0 0 "JM" 1991
6 1992 1.54615384615385 29.5961538461538 0 0 0 "JM" 1992
6 1993 2.47333333333333 29.6766666666667 0 0 0 "JM" 1993
6 1994 0.392307692307692 29.4884615384615 0 0 0 "JM" 1994
6 1995 0.311764705882353 29.8705882352941 0 0 0 "JM" 1995
6 1997 0.355 29.265 0 0 0 "JM" 1997
6 1998 0.2125 30.0770833333333 0 0 0 "JM" 1998
6 2000 36.6 27.95 0 0 0 "JM" 2000
6 2003 5.04166666666667 28.9833333333333 0 0 0 "JM" 2003
6 2004 0 30.06 0 0 0 "JM" 2004
6 2005 14.4368421052632 28.5052631578947 0 0 0 "JM" 2005
6 2006 0.8 29.4785714285714 0 0 0 "JM" 2006
6 2007 1.95 29.555 0 0 0 "JM" 2007
6 2009 0 28.825 0 0 0 "JM" 2009
6 2010 1.95555555555556 29.2888888888889 0 0 0 "JM" 2010
6 2012 0 29.3333333333333 0 0 0 "JM" 2012
6 2013 0.7 28.85 0 0 0 "JM" 2013
6 2014 0 29.5826086956522 0 0 0 "JM" 2014
6 2015 0 29.912 0 0 0 "JM" 2015
6 2016 0.822222222222222 29.1592592592593 0 0 0 "JM" 2016
6 2017 4.01071428571429 28.7625 0 0 0 "JM" 2017
6 2018 0.0769230769230769 29.1173076923077 0 0 0 "JM" 2018
7 1975 1 28.25 0 0 0 "JM" 1975
7 1977 345.9 29 0 0 0 "JM" 1977
7 1979 2.45555555555556 29.3333333333333 0 0 0 "JM" 1979
7 1980 4.3 29.40625 0 0 0 "JM" 1980
7 1981 0.375 29.5 0 0 0 "JM" 1981
7 1982 0 28.80625 0 0 0 "JM" 1982
7 1983 0.355555555555556 30.0138888888889 0 0 0 "JM" 1983
7 1984 2.1 28.7277777777778 0 0 0 "JM" 1984
7 1985 0.570588235294118 28.9794117647059 0 0 0 "JM" 1985
7 1986 0 29.3416666666667 0 0 0 "JM" 1986
7 1987 0 30.2 0 0 0 "JM" 1987
7 1988 1.64285714285714 29.6738095238095 0 0 0 "JM" 1988
7 1989 0.166666666666667 29.2194444444444 0 0 0 "JM" 1989
7 1990 0.0909090909090909 29.2681818181818 0 0 0 "JM" 1990
7 1991 0 29.8 0 0 0 "JM" 1991
7 1992 0.315384615384615 29.7576923076923 0 0 0 "JM" 1992
7 1993 4.76470588235294 29.2852941176471 0 0 0 "JM" 1993
7 1994 2.19090909090909 29.5863636363636 0 0 0 "JM" 1994
7 1995 1.6875 29.54375 0 0 0 "JM" 1995
7 1996 0.75 28.2875 0 0 0 "JM" 1996
7 1997 0.157894736842105 29.4447368421053 0 0 0 "JM" 1997
7 1998 2.34615384615385 29.6269230769231 0 0 0 "JM" 1998
7 2003 1.4125 29.578125 0 0 0 "JM" 2003
7 2004 1.17 29.1925 0 0 0 "JM" 2004
7 2005 9.07142857142857 29.1952380952381 0 0 0 "JM" 2005
7 2006 0.277777777777778 29.6555555555556 0 0 0 "JM" 2006
7 2007 7.21875 29.79375 0 0 0 "JM" 2007
7 2009 0.1 29.6 0 0 0 "JM" 2009
7 2010 1.71875 28.896875 0 0 0 "JM" 2010
7 2012 0.125 29.4375 0 0 0 "JM" 2012
7 2013 2.0304347826087 28.8804347826087 0 0 0 "JM" 2013
7 2014 0 29.7555555555556 0 0 0 "JM" 2014
7 2015 0.848148148148148 29.2907407407407 0 0 0 "JM" 2015
7 2016 0.776 29.858 0 0 0 "JM" 2016
7 2017 0.0769230769230769 29.4692307692308 0 0 0 "JM" 2017
7 2018 0.0740740740740741 29.6962962962963 0 0 0 "JM" 2018
8 1979 1.24615384615385 28.7307692307692 0 0 0 "JM" 1979
8 1980 39.0266666666667 28.7333333333333 0 0 0 "JM" 1980
8 1981 1.8 28.65 0 0 0 "JM" 1981
8 1982 1.65 28.665 0 0 0 "JM" 1982
8 1983 1.79333333333333 29 0 0 0 "JM" 1983
8 1984 1.03125 28.65625 0 0 0 "JM" 1984
8 1985 2.7 28.455 0 0 0 "JM" 1985
8 1986 2.50714285714286 29.2892857142857 0 0 0 "JM" 1986
8 1987 1.78947368421053 29.8552631578947 0 0 0 "JM" 1987
8 1988 11.5888888888889 28.9138888888889 0 0 0 "JM" 1988
8 1989 7.10833333333333 29.4833333333333 0 0 0 "JM" 1989
8 1990 0.0333333333333333 29.36 0 0 0 "JM" 1990
8 1991 0.285714285714286 29.5428571428571 0 0 0 "JM" 1991
8 1992 2.58947368421053 29.2552631578947 0 0 0 "JM" 1992
8 1993 1.94705882352941 29.7411764705882 0 0 0 "JM" 1993
8 1994 2.17857142857143 29.275 0 0 0 "JM" 1994
8 1995 6.64615384615385 28.75 0 0 0 "JM" 1995
8 1996 1.1 28.7388888888889 0 0 0 "JM" 1996
8 1997 0.0476190476190476 29.9119047619048 0 0 0 "JM" 1997
8 1998 4.26 29.8975 0 0 0 "JM" 1998
8 2002 0 29.175 0 0 0 "JM" 2002
8 2003 1.525 29.45625 0 0 0 "JM" 2003
8 2004 3.3 29.9131578947368 0 0 0 "JM" 2004
8 2005 2.32941176470588 29.3852941176471 0 0 0 "JM" 2005
8 2006 0.2 29.85 0 0 0 "JM" 2006
8 2007 7.26470588235294 28.6676470588235 0 0 0 "JM" 2007
8 2009 0.6 29.6111111111111 0 0 0 "JM" 2009
8 2010 0.0571428571428571 29.9142857142857 0 0 0 "JM" 2010
8 2012 1.15 29.375 0 0 0 "JM" 2012
8 2013 6.5875 29.2333333333333 0 0 0 "JM" 2013
8 2014 4.5448275862069 29.6586206896552 0 0 0 "JM" 2014
8 2015 0 29.802380952381 0 0 0 "JM" 2015
8 2016 1.04285714285714 29.9785714285714 0 0 0 "JM" 2016
8 2017 3.01363636363636 29.6477272727273 0 0 0 "JM" 2017
8 2018 0 29.6090909090909 0 0 0 "JM" 2018
9 1977 172.95 29 0 0 0 "JM" 1977
9 1979 17.3909090909091 27.5454545454545 0 0 0 "JM" 1979
9 1980 21.00625 29.34375 0 0 0 "JM" 1980
9 1981 2.44285714285714 27.8928571428571 0 0 0 "JM" 1981
9 1982 0 28.85 0 0 0 "JM" 1982
9 1983 1.5 28.6638888888889 0 0 0 "JM" 1983
9 1984 3.28333333333333 28.3 0 0 0 "JM" 1984
9 1985 0.730434782608696 28.2913043478261 0 0 0 "JM" 1985
9 1986 0.0263157894736842 28.9184210526316 0 0 0 "JM" 1986
9 1987 0.355555555555556 30.1194444444444 0 0 0 "JM" 1987
9 1988 2.71428571428571 27.9142857142857 0 0 0 "JM" 1988
9 1989 2.1 29.215625 0 0 0 "JM" 1989
9 1990 1.61875 29.396875 0 0 0 "JM" 1990
9 1991 1.12 29.3233333333333 0 0 0 "JM" 1991
9 1992 0.776470588235294 28.8823529411765 0 0 0 "JM" 1992
9 1993 3.36153846153846 28.4153846153846 0 0 0 "JM" 1993
9 1994 0.523529411764706 29.5852941176471 0 0 0 "JM" 1994
9 1995 6.42 28.765 0 0 0 "JM" 1995
9 1996 0.776923076923077 29.5038461538462 0 0 0 "JM" 1996
9 1997 2.62222222222222 29.6972222222222 0 0 0 "JM" 1997
9 1998 4.89230769230769 29.175 0 0 0 "JM" 1998
9 1999 3 28.45 0 0 0 "JM" 1999
9 2000 14.7 27.15 0 0 0 "JM" 2000
9 2002 29.045 28.2075 0 0 0 "JM" 2002
9 2003 1.08888888888889 29.4416666666667 0 0 0 "JM" 2003
9 2004 25.7666666666667 28.9857142857143 0 0 0 "JM" 2004
9 2005 3.16666666666667 29.98 0 0 0 "JM" 2005
9 2006 3.84285714285714 29.5214285714286 0 0 0 "JM" 2006
9 2007 0.26 29.3133333333333 0 0 0 "JM" 2007
9 2008 0 28.6 0 0 0 "JM" 2008
9 2009 2.30714285714286 29.5678571428571 0 0 0 "JM" 2009
9 2010 5.34285714285714 28.9285714285714 0 0 0 "JM" 2010
9 2012 7.58333333333333 28.275 0 0 0 "JM" 2012
9 2013 1.24166666666667 29.5 0 0 0 "JM" 2013
9 2014 0.104 29.502 0 0 0 "JM" 2014
9 2015 0.138461538461538 29.4923076923077 0 0 0 "JM" 2015
9 2016 1.36086956521739 29.8434782608696 0 0 0 "JM" 2016
9 2017 3.93448275862069 29.1724137931034 0 0 0 "JM" 2017
9 2018 0.44 29.47 0 0 0 "JM" 2018
10 1976 170.333333333333 28.8333333333333 0 0 0 "JM" 1976
10 1979 1.44615384615385 28.4230769230769 0 0 0 "JM" 1979
10 1980 7.3 28.3846153846154 0 0 0 "JM" 1980
10 1981 9.71818181818182 27.5 0 0 0 "JM" 1981
10 1982 7.35 27.8541666666667 0 0 0 "JM" 1982
10 1983 3.3625 28.053125 0 0 0 "JM" 1983
10 1984 1.20952380952381 27.9833333333333 0 0 0 "JM" 1984
10 1985 2.3 28.35 0 0 0 "JM" 1985
10 1986 0.27 28.6225 0 0 0 "JM" 1986
10 1987 8.8 28.848 0 0 0 "JM" 1987
10 1988 0.230769230769231 29.4269230769231 0 0 0 "JM" 1988
10 1989 0.914285714285714 28.9607142857143 0 0 0 "JM" 1989
10 1990 4.06666666666667 28.9333333333333 0 0 0 "JM" 1990
10 1991 0.0333333333333333 28.7033333333333 0 0 0 "JM" 1991
10 1992 2.37777777777778 28.7888888888889 0 0 0 "JM" 1992
10 1993 40.0222222222222 28.8722222222222 0 0 0 "JM" 1993
10 1994 2.475 28.8375 0 0 0 "JM" 1994
10 1995 11.9444444444444 27.7277777777778 0 0 0 "JM" 1995
10 1996 6.38461538461538 28.75 0 0 0 "JM" 1996
10 1997 1.72727272727273 28.9863636363636 0 0 0 "JM" 1997
10 1998 4.00769230769231 28.9461538461538 0 0 0 "JM" 1998
10 1999 4.52105263157895 28.2263157894737 0 0 0 "JM" 1999
10 2001 11 27.4166666666667 0 0 0 "JM" 2001
10 2002 5.63333333333333 28.5916666666667 0 0 0 "JM" 2002
10 2003 6.22727272727273 28.9954545454545 0 0 0 "JM" 2003
10 2004 2 28.9875 0 0 0 "JM" 2004
10 2005 18.2611111111111 28.0722222222222 0 0 0 "JM" 2005
10 2006 0.133333333333333 29.7375 0 0 0 "JM" 2006
10 2007 15.0352941176471 27.7529411764706 0 0 0 "JM" 2007
10 2008 3.88 28.37 0 0 0 "JM" 2008
10 2009 3.3375 28.915625 0 0 0 "JM" 2009
10 2010 0.08125 28.19375 0 0 0 "JM" 2010
10 2012 0.5 28.4 0 0 0 "JM" 2012
10 2013 0.257142857142857 29.2119047619048 0 0 0 "JM" 2013
10 2014 0.404166666666667 29.3 0 0 0 "JM" 2014
10 2015 5.18214285714286 29.3053571428571 0 0 0 "JM" 2015
10 2016 2.39130434782609 29.0782608695652 0 0 0 "JM" 2016
10 2017 7.172 28.426 0 0 0 "JM" 2017
10 2018 2.11785714285714 28.1321428571429 0 0 0 "JM" 2018
11 1976 0 27.5 0 0 0 "JM" 1976
11 1977 195.95 27 0 0 0 "JM" 1977
11 1978 0 26.5 0 0 0 "JM" 1978
11 1979 1.42857142857143 27.3928571428571 0 0 0 "JM" 1979
11 1980 2.0375 27.59375 0 0 0 "JM" 1980
11 1981 11.3 27.5 0 0 0 "JM" 1981
11 1982 0.294117647058824 27.2588235294118 0 0 0 "JM" 1982
11 1983 0.0909090909090909 27.7886363636364 0 0 0 "JM" 1983
11 1984 0.266666666666667 26.8238095238095 0 0 0 "JM" 1984
11 1985 3.99047619047619 27.2238095238095 0 0 0 "JM" 1985
11 1986 3.33333333333333 27.5571428571429 0 0 0 "JM" 1986
11 1987 11.14 28.27 0 0 0 "JM" 1987
11 1988 0.78 28.3566666666667 0 0 0 "JM" 1988
11 1989 2.41 28.465 0 0 0 "JM" 1989
11 1990 3.65 27.81875 0 0 0 "JM" 1990
11 1991 2.84166666666667 27.8 0 0 0 "JM" 1991
11 1992 0.25625 28.478125 0 0 0 "JM" 1992
11 1993 20.5117647058824 28.1764705882353 0 0 0 "JM" 1993
11 1994 1.40526315789474 28.3815789473684 0 0 0 "JM" 1994
11 1995 0 28.705 0 0 0 "JM" 1995
11 1996 17.42 27.71 0 0 0 "JM" 1996
11 1997 1.82352941176471 28.9647058823529 0 0 0 "JM" 1997
11 1998 0.595 28.4525 0 0 0 "JM" 1998
11 1999 4.43157894736842 26.9052631578947 0 0 0 "JM" 1999
11 2001 72 27.825 0 0 0 "JM" 2001
11 2002 0.1 28.8916666666667 0 0 0 "JM" 2002
11 2003 2.57272727272727 28.4931818181818 0 0 0 "JM" 2003
11 2004 0.0526315789473684 28.5815789473684 0 0 0 "JM" 2004
11 2005 1.72631578947368 28.2342105263158 0 0 0 "JM" 2005
11 2006 1.47692307692308 28.9307692307692 0 0 0 "JM" 2006
11 2007 6.35714285714286 27.4642857142857 0 0 0 "JM" 2007
11 2008 0.1 27.58 0 0 0 "JM" 2008
11 2009 0 28.38 0 0 0 "JM" 2009
11 2010 2.12142857142857 26.9 0 0 0 "JM" 2010
11 2011 8.4 27.95 0 0 0 "JM" 2011
11 2012 6.01666666666667 27.9 0 0 0 "JM" 2012
11 2013 0.372727272727273 28.4363636363636 0 0 0 "JM" 2013
11 2014 0.809090909090909 28.5363636363636 0 0 0 "JM" 2014
11 2015 0.33448275862069 28.4672413793103 0 0 0 "JM" 2015
11 2016 2.044 27.974 0 0 0 "JM" 2016
11 2017 6.57916666666667 27.5854166666667 0 0 0 "JM" 2017
11 2018 0.982608695652174 28.2652173913043 0 0 0 "JM" 2018
12 1976 6.1 28.5 0 0 0 "JM" 1976
12 1979 0.0769230769230769 26.5384615384615 0 0 0 "JM" 1979
12 1980 27.89 26.75 0 0 0 "JM" 1980
12 1981 0 26.7 0 0 0 "JM" 1981
12 1982 0 26.4733333333333 0 0 0 "JM" 1982
12 1983 1.475 27.371875 0 0 0 "JM" 1983
12 1984 1.395 26.51 0 0 0 "JM" 1984
12 1985 0.945833333333333 26.5583333333333 0 0 0 "JM" 1985
12 1986 0.47 26.735 0 0 0 "JM" 1986
12 1987 0.21875 27.91875 0 0 0 "JM" 1987
12 1988 0.404761904761905 26.797619047619 0 0 0 "JM" 1988
12 1989 0 27.5272727272727 0 0 0 "JM" 1989
12 1990 19.1444444444444 27.1 0 0 0 "JM" 1990
12 1991 0.761904761904762 26.9214285714286 0 0 0 "JM" 1991
12 1992 0.0571428571428571 27.8321428571429 0 0 0 "JM" 1992
12 1993 5.62 26.8466666666667 0 0 0 "JM" 1993
12 1994 0.068421052631579 27.1947368421053 0 0 0 "JM" 1994
12 1996 0 26.3925 0 0 0 "JM" 1996
12 1997 0 28.4416666666667 0 0 0 "JM" 1997
12 1998 6.61428571428571 27.5595238095238 0 0 0 "JM" 1998
12 1999 0.277777777777778 26.4694444444444 0 0 0 "JM" 1999
12 2000 13.35 26.1 0 0 0 "JM" 2000
12 2002 0.938888888888889 27.9416666666667 0 0 0 "JM" 2002
12 2003 3.37272727272727 27.4590909090909 0 0 0 "JM" 2003
12 2004 0.436363636363636 27.5136363636364 0 0 0 "JM" 2004
12 2005 0.90952380952381 27.2904761904762 0 0 0 "JM" 2005
12 2006 0 28.8153846153846 0 0 0 "JM" 2006
12 2007 0.0619047619047619 26.8380952380952 0 0 0 "JM" 2007
12 2008 0 27.45 0 0 0 "JM" 2008
12 2009 0 27.55 0 0 0 "JM" 2009
12 2010 0.833333333333333 25.2533333333333 0 0 0 "JM" 2010
12 2012 0.215 27.955 0 0 0 "JM" 2012
12 2013 1.42857142857143 27.6380952380952 0 0 0 "JM" 2013
12 2014 0.511538461538461 27.6057692307692 0 0 0 "JM" 2014
12 2015 1.45 28.1 0 0 0 "JM" 2015
12 2016 0.115384615384615 28.0384615384615 0 0 0 "JM" 2016
12 2017 2.54 27.038 0 0 0 "JM" 2017
12 2018 1.05714285714286 27.2910714285714 0 0 0 "JM" 2018
