"MONTH" "YEAR" "ave_precip_mo" "ave_mo_t" "opium_t" "mj_t" "coca_t" "fips" "year"
1 1970 0.648387096774194 -3.50161290322581 0 0 0 "JN" 1970
1 1971 1.64516129032258 -9.79516129032258 0 0 0 "JN" 1971
1 1972 1.59354838709677 -0.759677419354839 0 0 0 "JN" 1972
1 1973 3.01935483870968 -1.8241935483871 0 0 0 "JN" 1973
1 1974 2.70322580645161 -1.36451612903226 0 0 0 "JN" 1974
1 1975 1.53548387096774 -6.95806451612903 0 0 0 "JN" 1975
1 1976 2.20322580645161 -6.55322580645161 0 0 0 "JN" 1976
1 1977 2.12258064516129 -6.03387096774194 0 0 0 "JN" 1977
1 1978 1.8741935483871 -6.9741935483871 0 0 0 "JN" 1978
1 1979 1.97096774193548 -9.52096774193548 0 0 0 "JN" 1979
1 1980 1.85483870967742 -3.23709677419355 0 0 0 "JN" 1980
1 1981 2.46451612903226 -7.61774193548387 0 0 0 "JN" 1981
1 1982 1.92258064516129 -8.93548387096774 0 0 0 "JN" 1982
1 1983 1.86774193548387 -3.85161290322581 0 0 0 "JN" 1983
1 1984 1.38709677419355 -3.34677419354839 0 0 0 "JN" 1984
1 1985 0.851612903225807 -3.50967741935484 0 0 0 "JN" 1985
1 1986 1.36774193548387 -5.93225806451613 0 0 0 "JN" 1986
1 1987 2.19032258064516 -2.59677419354839 0 0 0 "JN" 1987
1 1988 1.18709677419355 -10.8951612903226 0 0 0 "JN" 1988
1 1989 3.87741935483871 -6.60645161290323 0 0 0 "JN" 1989
1 1990 2.00967741935484 -1.33870967741935 0 0 0 "JN" 1990
1 1991 3.08064516129032 -1.27741935483871 0 0 0 "JN" 1991
1 1992 3.81290322580645 -4.23709677419355 0 0 0 "JN" 1992
1 1993 4.32903225806452 -5.21935483870968 0 0 0 "JN" 1993
1 1994 1.1741935483871 -5.37258064516129 0 0 0 "JN" 1994
1 1995 2.34838709677419 -3.38709677419355 0 0 0 "JN" 1995
1 1996 2.48064516129032 -1.30967741935484 0 0 0 "JN" 1996
1 1997 1.3 -8.65967741935484 0 0 0 "JN" 1997
1 1998 1.22258064516129 -6.28709677419355 0 0 0 "JN" 1998
1 1999 0.796774193548387 -3.04838709677419 0 0 0 "JN" 1999
1 2000 1.44193548387097 -4.31129032258065 0 0 0 "JN" 2000
1 2001 1.3741935483871 -2.41129032258065 0 0 0 "JN" 2001
1 2002 1.95483870967742 -3.64354838709677 0 0 0 "JN" 2002
1 2003 0.867741935483871 -6.98709677419355 0 0 0 "JN" 2003
1 2004 2.11612903225806 -3.22903225806452 0 0 0 "JN" 2004
1 2005 2.74516129032258 -1.85967741935484 0 0 0 "JN" 2005
1 2006 2.06451612903226 -0.0467741935483871 0 0 0 "JN" 2006
1 2007 2.32903225806452 -5.01935483870968 0 0 0 "JN" 2007
1 2008 1.54193548387097 -2.79354838709677 0 0 0 "JN" 2008
1 2009 2.0741935483871 -2.33064516129032 0 0 0 "JN" 2009
1 2010 1.38709677419355 -1.49193548387097 0 0 0 "JN" 2010
1 2011 3.61612903225806 -3.18870967741936 0 0 0 "JN" 2011
1 2012 2.0741935483871 0.441935483870968 0 0 0 "JN" 2012
1 2013 0.703225806451613 -1.68387096774194 0 0 0 "JN" 2013
1 2014 1.17741935483871 1.45483870967742 0 0 0 "JN" 2014
1 2015 1.76451612903226 -1.29838709677419 0 0 0 "JN" 2015
1 2016 2.0962962962963 -1.09444444444444 0 0 0 "JN" 2016
1 2017 2.17096774193548 -3.0741935483871 0 0 0 "JN" 2017
1 2018 1.5258064516129 -1.96935483870968 0 0 0 "JN" 2018
1 2019 1.2 -1.56071428571429 0 0 0 "JN" 2019
2 1970 0.932142857142857 -9.18214285714286 0 0 0 "JN" 1970
2 1971 2.91071428571429 -4.65535714285714 0 0 0 "JN" 1971
2 1972 2.86896551724138 -6.02068965517241 0 0 0 "JN" 1972
2 1973 3.58928571428571 -12.6125 0 0 0 "JN" 1973
2 1974 3.02857142857143 -3.9125 0 0 0 "JN" 1974
2 1975 1.54285714285714 -3.61607142857143 0 0 0 "JN" 1975
2 1976 1.97586206896552 -2.7948275862069 0 0 0 "JN" 1976
2 1977 1.32857142857143 -5.13214285714286 0 0 0 "JN" 1977
2 1978 0.960714285714286 -9.79285714285714 0 0 0 "JN" 1978
2 1979 2.31785714285714 -7.03214285714286 0 0 0 "JN" 1979
2 1980 1.17586206896552 -4.84827586206897 0 0 0 "JN" 1980
2 1981 3.82142857142857 -5.31785714285714 0 0 0 "JN" 1981
2 1982 1.29285714285714 -3.28214285714286 0 0 0 "JN" 1982
2 1983 2.12142857142857 -4.91607142857143 0 0 0 "JN" 1983
2 1984 3.04137931034483 -1.13448275862069 0 0 0 "JN" 1984
2 1985 3.72142857142857 -5.3625 0 0 0 "JN" 1985
2 1986 0.514285714285714 -5.95178571428571 0 0 0 "JN" 1986
2 1987 1.52142857142857 -9.3625 0 0 0 "JN" 1987
2 1988 3.41379310344828 -3.27931034482759 0 0 0 "JN" 1988
2 1989 1.77142857142857 -5.90357142857143 0 0 0 "JN" 1989
2 1990 1.82142857142857 -2.85714285714286 0 0 0 "JN" 1990
2 1991 0.796428571428571 -2.37857142857143 0 0 0 "JN" 1991
2 1992 3.37931034482759 -4.9051724137931 0 0 0 "JN" 1992
2 1993 1.925 -5.775 0 0 0 "JN" 1993
2 1994 1.43214285714286 -2.30892857142857 0 0 0 "JN" 1994
2 1995 0.914285714285714 -4.29107142857143 0 0 0 "JN" 1995
2 1996 1.50689655172414 -5.39827586206897 0 0 0 "JN" 1996
2 1997 2.08571428571429 -3.00535714285714 0 0 0 "JN" 1997
2 1998 2.74642857142857 -6.10714285714286 0 0 0 "JN" 1998
2 1999 2.81428571428571 -3.76785714285714 0 0 0 "JN" 1999
2 2000 1.82413793103448 -3.82586206896552 0 0 0 "JN" 2000
2 2001 1.80357142857143 -5.76428571428571 0 0 0 "JN" 2001
2 2002 0.903571428571429 -5.63928571428571 0 0 0 "JN" 2002
2 2003 3.72857142857143 -0.908928571428571 0 0 0 "JN" 2003
2 2004 0.720689655172414 -4.96034482758621 0 0 0 "JN" 2004
2 2005 2.325 -3.11785714285714 0 0 0 "JN" 2005
2 2006 1.73214285714286 -2.12321428571429 0 0 0 "JN" 2006
2 2007 1.52142857142857 -2.73571428571429 0 0 0 "JN" 2007
2 2008 1.83448275862069 -2.88448275862069 0 0 0 "JN" 2008
2 2009 1.10714285714286 -5.15357142857143 0 0 0 "JN" 2009
2 2010 0.428571428571429 -3.45357142857143 0 0 0 "JN" 2010
2 2011 3.58928571428571 -0.682142857142857 0 0 0 "JN" 2011
2 2012 2.49655172413793 -3.76551724137931 0 0 0 "JN" 2012
2 2013 1.65714285714286 -2.08392857142857 0 0 0 "JN" 2013
2 2014 0.482142857142857 -1.03214285714286 0 0 0 "JN" 2014
2 2015 1.92142857142857 -4.96785714285714 0 0 0 "JN" 2015
2 2016 0.979310344827586 -2.84655172413793 0 0 0 "JN" 2016
2 2017 1.15357142857143 -1.16785714285714 0 0 0 "JN" 2017
2 2018 2.23928571428571 1.07857142857143 0 0 0 "JN" 2018
3 1970 1.06774193548387 -8.14193548387097 0 0 0 "JN" 1970
3 1971 1.42258064516129 -7.43064516129032 0 0 0 "JN" 1971
3 1972 2.86451612903226 -4.88064516129032 0 0 0 "JN" 1972
3 1973 2.09032258064516 -6.14838709677419 0 0 0 "JN" 1973
3 1974 1.83548387096774 -1.36612903225806 0 0 0 "JN" 1974
3 1975 1.99032258064516 -5.75483870967742 0 0 0 "JN" 1975
3 1976 1.61935483870968 -1.83709677419355 0 0 0 "JN" 1976
3 1977 1.42258064516129 -8.09838709677419 0 0 0 "JN" 1977
3 1978 1.4 -5.27258064516129 0 0 0 "JN" 1978
3 1979 2.89032258064516 -5.11774193548387 0 0 0 "JN" 1979
3 1980 1.10645161290323 -2.82096774193548 0 0 0 "JN" 1980
3 1981 1.05161290322581 -6.68387096774194 0 0 0 "JN" 1981
3 1982 2.40322580645161 -4.4741935483871 0 0 0 "JN" 1982
3 1983 3.47096774193548 -5.35483870967742 0 0 0 "JN" 1983
3 1984 1.98387096774194 -3.41290322580645 0 0 0 "JN" 1984
3 1985 4.01612903225806 -4.72096774193548 0 0 0 "JN" 1985
3 1986 1.46451612903226 -4.58709677419355 0 0 0 "JN" 1986
3 1987 2.50967741935484 -3.95161290322581 0 0 0 "JN" 1987
3 1988 2.00645161290323 -7.5758064516129 0 0 0 "JN" 1988
3 1989 1.02903225806452 -6.88870967741935 0 0 0 "JN" 1989
3 1990 3.10967741935484 -6.07258064516129 0 0 0 "JN" 1990
3 1991 1.06774193548387 -2.26935483870968 0 0 0 "JN" 1991
3 1992 1.66129032258065 -5.58387096774194 0 0 0 "JN" 1992
3 1993 2.6258064516129 -3.36612903225806 0 0 0 "JN" 1993
3 1994 4.23548387096774 -2.79677419354839 0 0 0 "JN" 1994
3 1995 2.60967741935484 -3.61451612903226 0 0 0 "JN" 1995
3 1996 1.28064516129032 -2.61774193548387 0 0 0 "JN" 1996
3 1997 3.32903225806452 -4.96451612903226 0 0 0 "JN" 1997
3 1998 2.04193548387097 -5.55322580645161 0 0 0 "JN" 1998
3 1999 2.04193548387097 -1.72258064516129 0 0 0 "JN" 1999
3 2000 2.84516129032258 -6.21290322580645 0 0 0 "JN" 2000
3 2001 1.00645161290323 -7.35806451612903 0 0 0 "JN" 2001
3 2002 1.08387096774194 -4.53064516129032 0 0 0 "JN" 2002
3 2003 2.37741935483871 -2.53709677419355 0 0 0 "JN" 2003
3 2004 1.48709677419355 -0.638709677419355 0 0 0 "JN" 2004
3 2005 1.37096774193548 -2.30806451612903 0 0 0 "JN" 2005
3 2006 1.49032258064516 -3.53225806451613 0 0 0 "JN" 2006
3 2007 2.25483870967742 -1.50806451612903 0 0 0 "JN" 2007
3 2008 0.316129032258065 -4.58548387096774 0 0 0 "JN" 2008
3 2009 1.71935483870968 -3.1258064516129 0 0 0 "JN" 2009
3 2010 1.16129032258065 -5.18064516129032 0 0 0 "JN" 2010
3 2011 2.25161290322581 -5.88387096774194 0 0 0 "JN" 2011
3 2012 1.8741935483871 -2.13064516129032 0 0 0 "JN" 2012
3 2013 1.04516129032258 -5.90483870967742 0 0 0 "JN" 2013
3 2014 1.47741935483871 -1.7758064516129 0 0 0 "JN" 2014
3 2015 2.54193548387097 -1.89193548387097 0 0 0 "JN" 2015
3 2016 1.1741935483871 -2.09516129032258 0 0 0 "JN" 2016
3 2017 0.864516129032258 -4.25 0 0 0 "JN" 2017
3 2018 0.503225806451613 -2.1241935483871 0 0 0 "JN" 2018
4 1970 0.896666666666667 -4.75166666666667 0 0 0 "JN" 1970
4 1971 1.76333333333333 -4.54666666666667 0 0 0 "JN" 1971
4 1972 2.32 -3.315 0 0 0 "JN" 1972
4 1973 1.49666666666667 -7.07833333333333 0 0 0 "JN" 1973
4 1974 1.32333333333333 -0.998333333333333 0 0 0 "JN" 1974
4 1975 1.13 -4.975 0 0 0 "JN" 1975
4 1976 1.08333333333333 -3.975 0 0 0 "JN" 1976
4 1977 1.56333333333333 -5.46166666666667 0 0 0 "JN" 1977
4 1978 1.10333333333333 -2.61333333333333 0 0 0 "JN" 1978
4 1979 0.723333333333333 -3.33666666666667 0 0 0 "JN" 1979
4 1980 1.93333333333333 -2.51333333333333 0 0 0 "JN" 1980
4 1981 0.98 -3.745 0 0 0 "JN" 1981
4 1982 2.04666666666667 -5.225 0 0 0 "JN" 1982
4 1983 0.63 -3.19666666666667 0 0 0 "JN" 1983
4 1984 1.95 -0.381666666666667 0 0 0 "JN" 1984
4 1985 1.10333333333333 -5.70166666666667 0 0 0 "JN" 1985
4 1986 1.60333333333333 -3.48833333333333 0 0 0 "JN" 1986
4 1987 2.89 -1.35166666666667 0 0 0 "JN" 1987
4 1988 1.10666666666667 -6.75833333333333 0 0 0 "JN" 1988
4 1989 2.29 -1.655 0 0 0 "JN" 1989
4 1990 1.68333333333333 -3.49833333333333 0 0 0 "JN" 1990
4 1991 1.67333333333333 -3.36333333333333 0 0 0 "JN" 1991
4 1992 1.44 -3.95833333333333 0 0 0 "JN" 1992
4 1993 1.3 -1.58833333333333 0 0 0 "JN" 1993
4 1994 1.33 -1.29833333333333 0 0 0 "JN" 1994
4 1995 0.93 -3.115 0 0 0 "JN" 1995
4 1996 1.01333333333333 -2.94833333333333 0 0 0 "JN" 1996
4 1997 1.24333333333333 -4.48833333333333 0 0 0 "JN" 1997
4 1998 0.386666666666667 -1.88333333333333 0 0 0 "JN" 1998
4 1999 0.76 -2.23 0 0 0 "JN" 1999
4 2000 0.77 -4.16166666666667 0 0 0 "JN" 2000
4 2001 1.37 -4.14166666666667 0 0 0 "JN" 2001
4 2002 2.7 -0.935 0 0 0 "JN" 2002
4 2003 0.793333333333333 -1.68333333333333 0 0 0 "JN" 2003
4 2004 2.66333333333333 -0.198333333333333 0 0 0 "JN" 2004
4 2005 2.10333333333333 -0.306666666666667 0 0 0 "JN" 2005
4 2006 2.43 -0.381666666666667 0 0 0 "JN" 2006
4 2007 1.17 -1.67833333333333 0 0 0 "JN" 2007
4 2008 1.03 -1.77166666666667 0 0 0 "JN" 2008
4 2009 0.963333333333333 -1.57333333333333 0 0 0 "JN" 2009
4 2010 1.12 -2.235 0 0 0 "JN" 2010
4 2011 2.67333333333333 -0.513333333333333 0 0 0 "JN" 2011
4 2012 0.54 -4.46166666666667 0 0 0 "JN" 2012
4 2013 0.856666666666667 -4.19166666666667 0 0 0 "JN" 2013
4 2014 1.71 -1.90833333333333 0 0 0 "JN" 2014
4 2015 1.68 -1.70666666666667 0 0 0 "JN" 2015
4 2016 0.548275862068966 -1.4448275862069 0 0 0 "JN" 2016
4 2017 0.982758620689655 -2.23448275862069 0 0 0 "JN" 2017
4 2018 1.3 -0.0783333333333333 0 0 0 "JN" 2018
5 1970 1.46774193548387 -0.00483870967741934 0 0 0 "JN" 1970
5 1971 3.21612903225806 0.146774193548387 0 0 0 "JN" 1971
5 1972 0.22258064516129 0.112903225806452 0 0 0 "JN" 1972
5 1973 3.3258064516129 -0.745161290322581 0 0 0 "JN" 1973
5 1974 2.75483870967742 0.948387096774194 0 0 0 "JN" 1974
5 1975 0.535483870967742 -1.41935483870968 0 0 0 "JN" 1975
5 1976 2.20322580645161 0.608064516129032 0 0 0 "JN" 1976
5 1977 0.445161290322581 -1.39838709677419 0 0 0 "JN" 1977
5 1978 2.46129032258065 -0.419354838709677 0 0 0 "JN" 1978
5 1979 1.19354838709677 -2.75645161290323 0 0 0 "JN" 1979
5 1980 2.51935483870968 1.17096774193548 0 0 0 "JN" 1980
5 1981 0.774193548387097 -0.646774193548387 0 0 0 "JN" 1981
5 1982 0.548387096774194 -1.82741935483871 0 0 0 "JN" 1982
5 1983 0.561290322580645 -0.0129032258064516 0 0 0 "JN" 1983
5 1984 1.90322580645161 -0.524193548387097 0 0 0 "JN" 1984
5 1985 0.774193548387097 0.325806451612903 0 0 0 "JN" 1985
5 1986 0.52258064516129 -0.370967741935484 0 0 0 "JN" 1986
5 1987 1.33225806451613 0.469354838709677 0 0 0 "JN" 1987
5 1988 0.819354838709677 -0.740322580645161 0 0 0 "JN" 1988
5 1989 1.58387096774194 -0.97258064516129 0 0 0 "JN" 1989
5 1990 0.512903225806452 -0.0951612903225806 0 0 0 "JN" 1990
5 1991 1.24838709677419 -0.154838709677419 0 0 0 "JN" 1991
5 1992 1.35483870967742 -0.498387096774194 0 0 0 "JN" 1992
5 1993 1.15806451612903 -0.490322580645161 0 0 0 "JN" 1993
5 1994 1.00967741935484 0.725806451612903 0 0 0 "JN" 1994
5 1995 1.05161290322581 -0.111290322580645 0 0 0 "JN" 1995
5 1996 0.261290322580645 -1.6741935483871 0 0 0 "JN" 1996
5 1997 1.81290322580645 -0.993548387096774 0 0 0 "JN" 1997
5 1998 0.82258064516129 -0.37741935483871 0 0 0 "JN" 1998
5 1999 1.67096774193548 1.75 0 0 0 "JN" 1999
5 2000 2.21290322580645 0.633870967741936 0 0 0 "JN" 2000
5 2001 1.15161290322581 0.298387096774194 0 0 0 "JN" 2001
5 2002 1.6741935483871 1.66774193548387 0 0 0 "JN" 2002
5 2003 0.493548387096774 -0.475806451612903 0 0 0 "JN" 2003
5 2004 0.664516129032258 1.22741935483871 0 0 0 "JN" 2004
5 2005 1.50967741935484 -0.295161290322581 0 0 0 "JN" 2005
5 2006 1.29032258064516 0.970967741935484 0 0 0 "JN" 2006
5 2007 0.909677419354839 1.31129032258065 0 0 0 "JN" 2007
5 2008 0.806451612903226 1.38064516129032 0 0 0 "JN" 2008
5 2009 1.14516129032258 2.16129032258065 0 0 0 "JN" 2009
5 2010 0.654838709677419 0.219354838709677 0 0 0 "JN" 2010
5 2011 0.912903225806452 1.15806451612903 0 0 0 "JN" 2011
5 2012 0.638709677419355 -0.370967741935484 0 0 0 "JN" 2012
5 2013 1.96774193548387 0.806451612903226 0 0 0 "JN" 2013
5 2014 0.180645161290323 0.411290322580645 0 0 0 "JN" 2014
5 2015 0.461290322580645 0.256451612903226 0 0 0 "JN" 2015
5 2016 1.28387096774194 2.08870967741935 0 0 0 "JN" 2016
5 2017 0.287096774193548 2.1258064516129 0 0 0 "JN" 2017
5 2018 2.28387096774194 2.93870967741935 0 0 0 "JN" 2018
6 1970 1.22333333333333 2.90666666666667 0 0 0 "JN" 1970
6 1971 0.366666666666667 2.93666666666667 0 0 0 "JN" 1971
6 1972 2.00666666666667 3.09833333333333 0 0 0 "JN" 1972
6 1973 1.85 2.04333333333333 0 0 0 "JN" 1973
6 1974 2.7 3.33 0 0 0 "JN" 1974
6 1975 1.08 0.898333333333333 0 0 0 "JN" 1975
6 1976 1.34333333333333 2.97666666666667 0 0 0 "JN" 1976
6 1977 1.18 1.66666666666667 0 0 0 "JN" 1977
6 1978 2.27333333333333 2.425 0 0 0 "JN" 1978
6 1979 1.38666666666667 1.90666666666667 0 0 0 "JN" 1979
6 1980 0.506666666666667 2.80333333333333 0 0 0 "JN" 1980
6 1981 0.196666666666667 0.78 0 0 0 "JN" 1981
6 1982 0.33 0.791666666666667 0 0 0 "JN" 1982
6 1983 1.63333333333333 1.7 0 0 0 "JN" 1983
6 1984 1.1 2.92666666666667 0 0 0 "JN" 1984
6 1985 0.57 2.22 0 0 0 "JN" 1985
6 1986 1.79333333333333 3.06333333333333 0 0 0 "JN" 1986
6 1987 0.156666666666667 2.605 0 0 0 "JN" 1987
6 1988 3.49 1.90833333333333 0 0 0 "JN" 1988
6 1989 1.62333333333333 1.785 0 0 0 "JN" 1989
6 1990 0.513333333333333 3.44 0 0 0 "JN" 1990
6 1991 0.183333333333333 2.28 0 0 0 "JN" 1991
6 1992 1.41666666666667 3.03833333333333 0 0 0 "JN" 1992
6 1993 0.996666666666667 1.945 0 0 0 "JN" 1993
6 1994 1.05333333333333 2.78666666666667 0 0 0 "JN" 1994
6 1995 0.87 3.195 0 0 0 "JN" 1995
6 1996 1.03 2.11166666666667 0 0 0 "JN" 1996
6 1997 1.19666666666667 2.14833333333333 0 0 0 "JN" 1997
6 1998 0.2 2.645 0 0 0 "JN" 1998
6 1999 1.44333333333333 4.14166666666667 0 0 0 "JN" 1999
6 2000 0.19 1.835 0 0 0 "JN" 2000
6 2001 0.823333333333333 2.44166666666667 0 0 0 "JN" 2001
6 2002 0.323333333333333 4.90166666666667 0 0 0 "JN" 2002
6 2003 1.6 3.72833333333333 0 0 0 "JN" 2003
6 2004 0.23 3.44 0 0 0 "JN" 2004
6 2005 1.3 3.55833333333333 0 0 0 "JN" 2005
6 2006 1.15333333333333 3.29166666666667 0 0 0 "JN" 2006
6 2007 0.216666666666667 3.985 0 0 0 "JN" 2007
6 2008 0.666666666666667 3.65 0 0 0 "JN" 2008
6 2009 1.23333333333333 3.14666666666667 0 0 0 "JN" 2009
6 2010 0.276666666666667 2.8 0 0 0 "JN" 2010
6 2011 0.93 3.74333333333333 0 0 0 "JN" 2011
6 2012 0.243333333333333 2.75833333333333 0 0 0 "JN" 2012
6 2013 1.41666666666667 4.63166666666667 0 0 0 "JN" 2013
6 2014 0.256666666666667 4.90333333333333 0 0 0 "JN" 2014
6 2015 0.616666666666667 2.99166666666667 0 0 0 "JN" 2015
6 2016 0.676666666666667 4.55833333333333 0 0 0 "JN" 2016
6 2017 0.45 4.985 0 0 0 "JN" 2017
6 2018 1.17333333333333 3.79666666666667 0 0 0 "JN" 2018
7 1970 1.46451612903226 4.10645161290323 0 0 0 "JN" 1970
7 1971 3.16774193548387 4.08548387096774 0 0 0 "JN" 1971
7 1972 1.74516129032258 5.53225806451613 0 0 0 "JN" 1972
7 1973 1.68064516129032 4.42096774193548 0 0 0 "JN" 1973
7 1974 1.82903225806452 4.07258064516129 0 0 0 "JN" 1974
7 1975 0.464516129032258 4.27096774193548 0 0 0 "JN" 1975
7 1976 1.40967741935484 5.45 0 0 0 "JN" 1976
7 1977 1.3258064516129 4.1741935483871 0 0 0 "JN" 1977
7 1978 1.25483870967742 4.73548387096774 0 0 0 "JN" 1978
7 1979 2.61935483870968 4.02258064516129 0 0 0 "JN" 1979
7 1980 1.43225806451613 5.27741935483871 0 0 0 "JN" 1980
7 1981 1.39032258064516 3.97258064516129 0 0 0 "JN" 1981
7 1982 1.42258064516129 3.96451612903226 0 0 0 "JN" 1982
7 1983 1.7258064516129 4.66129032258065 0 0 0 "JN" 1983
7 1984 0.97741935483871 4.84677419354839 0 0 0 "JN" 1984
7 1985 3.21612903225806 5.30967741935484 0 0 0 "JN" 1985
7 1986 1.84838709677419 3.77903225806452 0 0 0 "JN" 1986
7 1987 1.11612903225806 5.57741935483871 0 0 0 "JN" 1987
7 1988 1.6258064516129 4.68064516129032 0 0 0 "JN" 1988
7 1989 1.38064516129032 5.19354838709677 0 0 0 "JN" 1989
7 1990 1.70967741935484 6.01612903225806 0 0 0 "JN" 1990
7 1991 0.980645161290323 5.89032258064516 0 0 0 "JN" 1991
7 1992 0.829032258064516 4.67741935483871 0 0 0 "JN" 1992
7 1993 0.729032258064516 5.75483870967742 0 0 0 "JN" 1993
7 1994 3.64838709677419 5.46129032258064 0 0 0 "JN" 1994
7 1995 0.751612903225806 3.9 0 0 0 "JN" 1995
7 1996 1.51935483870968 5.01129032258065 0 0 0 "JN" 1996
7 1997 1.6 4.43387096774194 0 0 0 "JN" 1997
7 1998 0.470967741935484 5.5 0 0 0 "JN" 1998
7 1999 1.73870967741935 5.77741935483871 0 0 0 "JN" 1999
7 2000 0.509677419354839 5.62258064516129 0 0 0 "JN" 2000
7 2001 0.754838709677419 5.17741935483871 0 0 0 "JN" 2001
7 2002 0.380645161290323 7.21774193548387 0 0 0 "JN" 2002
7 2003 0.996774193548387 6.06774193548387 0 0 0 "JN" 2003
7 2004 1.41935483870968 6.65645161290323 0 0 0 "JN" 2004
7 2005 0.935483870967742 6.60645161290323 0 0 0 "JN" 2005
7 2006 2.2741935483871 5.71129032258064 0 0 0 "JN" 2006
7 2007 0.141935483870968 5.8741935483871 0 0 0 "JN" 2007
7 2008 0.912903225806452 6.36451612903226 0 0 0 "JN" 2008
7 2009 1.10322580645161 6.93548387096774 0 0 0 "JN" 2009
7 2010 0.396774193548387 6.39838709677419 0 0 0 "JN" 2010
7 2011 0.393548387096774 5.56129032258065 0 0 0 "JN" 2011
7 2012 0.624137931034483 4.99655172413793 0 0 0 "JN" 2012
7 2013 1.73870967741935 5.71935483870968 0 0 0 "JN" 2013
7 2014 2.40645161290323 7.58870967741935 0 0 0 "JN" 2014
7 2015 0.890322580645161 5.9741935483871 0 0 0 "JN" 2015
7 2016 0.703333333333333 6.99833333333333 0 0 0 "JN" 2016
7 2017 0.816129032258065 7.17096774193548 0 0 0 "JN" 2017
7 2018 2.51612903225806 6.96612903225806 0 0 0 "JN" 2018
8 1970 1.54516129032258 4.81774193548387 0 0 0 "JN" 1970
8 1971 2.41935483870968 4.82096774193548 0 0 0 "JN" 1971
8 1972 2.86774193548387 4.61290322580645 0 0 0 "JN" 1972
8 1973 2.07741935483871 5.29838709677419 0 0 0 "JN" 1973
8 1974 3.69032258064516 4.63387096774194 0 0 0 "JN" 1974
8 1975 1.2 5.45967741935484 0 0 0 "JN" 1975
8 1976 4.40645161290323 5.46612903225806 0 0 0 "JN" 1976
8 1977 2.82258064516129 4.36290322580645 0 0 0 "JN" 1977
8 1978 0.77741935483871 5.80645161290323 0 0 0 "JN" 1978
8 1979 1.69032258064516 5.62903225806452 0 0 0 "JN" 1979
8 1980 2.70322580645161 5.35967741935484 0 0 0 "JN" 1980
8 1981 1.6 4.75161290322581 0 0 0 "JN" 1981
8 1982 1.58709677419355 4.96774193548387 0 0 0 "JN" 1982
8 1983 1.80322580645161 4.45806451612903 0 0 0 "JN" 1983
8 1984 1.73548387096774 5.19838709677419 0 0 0 "JN" 1984
8 1985 1.22258064516129 4.88870967741935 0 0 0 "JN" 1985
8 1986 0.729032258064516 5.29032258064516 0 0 0 "JN" 1986
8 1987 0.961290322580645 4.82903225806452 0 0 0 "JN" 1987
8 1988 1.52258064516129 5.96129032258064 0 0 0 "JN" 1988
8 1989 1.32258064516129 5.93387096774194 0 0 0 "JN" 1989
8 1990 2.6741935483871 7.24193548387097 0 0 0 "JN" 1990
8 1991 3.11612903225806 6.51451612903226 0 0 0 "JN" 1991
8 1992 1.51612903225806 4.96612903225806 0 0 0 "JN" 1992
8 1993 2.34516129032258 5.5 0 0 0 "JN" 1993
8 1994 0.974193548387097 5.25967741935484 0 0 0 "JN" 1994
8 1995 1.76774193548387 4.8241935483871 0 0 0 "JN" 1995
8 1996 1.60967741935484 5.74838709677419 0 0 0 "JN" 1996
8 1997 2.07096774193548 6.08387096774194 0 0 0 "JN" 1997
8 1998 2.9741935483871 6.66129032258065 0 0 0 "JN" 1998
8 1999 2.18709677419355 5.54516129032258 0 0 0 "JN" 1999
8 2000 2.43225806451613 6.49516129032258 0 0 0 "JN" 2000
8 2001 1.78064516129032 6.64354838709677 0 0 0 "JN" 2001
8 2002 1.9258064516129 7.35483870967742 0 0 0 "JN" 2002
8 2003 1.55161290322581 7.1758064516129 0 0 0 "JN" 2003
8 2004 0.564516129032258 7.40806451612903 0 0 0 "JN" 2004
8 2005 2.31612903225806 6.98064516129032 0 0 0 "JN" 2005
8 2006 1.54516129032258 6.89032258064516 0 0 0 "JN" 2006
8 2007 1.85806451612903 6.31612903225806 0 0 0 "JN" 2007
8 2008 1.36451612903226 6.96612903225806 0 0 0 "JN" 2008
8 2009 3.13548387096774 7.37903225806452 0 0 0 "JN" 2009
8 2010 1.40645161290323 6.51612903225806 0 0 0 "JN" 2010
8 2011 1.18064516129032 6.20645161290323 0 0 0 "JN" 2011
8 2012 1.04193548387097 6.11612903225806 0 0 0 "JN" 2012
8 2013 2.38064516129032 5.9758064516129 0 0 0 "JN" 2013
8 2014 1.15161290322581 7.06612903225806 0 0 0 "JN" 2014
8 2015 2.7258064516129 7.22741935483871 0 0 0 "JN" 2015
8 2016 1.88 6.90333333333333 0 0 0 "JN" 2016
8 2017 1.81612903225806 7.11774193548387 0 0 0 "JN" 2017
8 2018 1.89354838709677 7.45 0 0 0 "JN" 2018
9 1970 2.61333333333333 2.86333333333333 0 0 0 "JN" 1970
9 1971 3 2.785 0 0 0 "JN" 1971
9 1972 3.19666666666667 3.135 0 0 0 "JN" 1972
9 1973 2.02666666666667 4.09666666666667 0 0 0 "JN" 1973
9 1974 2.12333333333333 3.06166666666667 0 0 0 "JN" 1974
9 1975 3.47666666666667 1.60333333333333 0 0 0 "JN" 1975
9 1976 0.993333333333333 2.89166666666667 0 0 0 "JN" 1976
9 1977 3.60666666666667 2.97833333333333 0 0 0 "JN" 1977
9 1978 0.833333333333333 3.14333333333333 0 0 0 "JN" 1978
9 1979 6.66666666666667 2.34333333333333 0 0 0 "JN" 1979
9 1980 2.63666666666667 3.365 0 0 0 "JN" 1980
9 1981 1.44 2.37833333333333 0 0 0 "JN" 1981
9 1982 2.97666666666667 1.43666666666667 0 0 0 "JN" 1982
9 1983 1.86666666666667 2.09333333333333 0 0 0 "JN" 1983
9 1984 1.74 3.43333333333333 0 0 0 "JN" 1984
9 1985 1.66333333333333 1.97166666666667 0 0 0 "JN" 1985
9 1986 2.71666666666667 2.76 0 0 0 "JN" 1986
9 1987 1.92333333333333 3.67833333333333 0 0 0 "JN" 1987
9 1988 1.48666666666667 3.32 0 0 0 "JN" 1988
9 1989 5.88333333333333 2.71166666666667 0 0 0 "JN" 1989
9 1990 2.89 4.88666666666667 0 0 0 "JN" 1990
9 1991 2.49 3.42166666666667 0 0 0 "JN" 1991
9 1992 1.88666666666667 4.91 0 0 0 "JN" 1992
9 1993 0.85 3.24666666666667 0 0 0 "JN" 1993
9 1994 1.86666666666667 3.235 0 0 0 "JN" 1994
9 1995 0.836666666666667 2.60833333333333 0 0 0 "JN" 1995
9 1996 2.4 3.91833333333333 0 0 0 "JN" 1996
9 1997 3.56333333333333 2.71666666666667 0 0 0 "JN" 1997
9 1998 1.47666666666667 4.09666666666667 0 0 0 "JN" 1998
9 1999 2.46 4.76833333333333 0 0 0 "JN" 1999
9 2000 3.51333333333333 4.85666666666667 0 0 0 "JN" 2000
9 2001 3.27 4.55833333333333 0 0 0 "JN" 2001
9 2002 1.50333333333333 4.43333333333333 0 0 0 "JN" 2002
9 2003 2.13 4.94666666666667 0 0 0 "JN" 2003
9 2004 2.88666666666667 5.85333333333333 0 0 0 "JN" 2004
9 2005 3.26666666666667 2.785 0 0 0 "JN" 2005
9 2006 1.37666666666667 4.805 0 0 0 "JN" 2006
9 2007 1.57 3.41166666666667 0 0 0 "JN" 2007
9 2008 2.51666666666667 5.90833333333333 0 0 0 "JN" 2008
9 2009 1.29666666666667 3.91333333333333 0 0 0 "JN" 2009
9 2010 2.79666666666667 5.645 0 0 0 "JN" 2010
9 2011 4.07 6.13833333333333 0 0 0 "JN" 2011
9 2012 2.57333333333333 3.48 0 0 0 "JN" 2012
9 2013 2.7 5.42833333333333 0 0 0 "JN" 2013
9 2014 2.2 5.71 0 0 0 "JN" 2014
9 2015 3.61333333333333 5.92833333333333 0 0 0 "JN" 2015
9 2016 4.1 6.73166666666667 0 0 0 "JN" 2016
9 2017 2.47 7.67666666666667 0 0 0 "JN" 2017
9 2018 1.68333333333333 5.00666666666667 0 0 0 "JN" 2018
10 1970 3.84193548387097 0.0693548387096774 0 0 0 "JN" 1970
10 1971 1.1 -1.20645161290323 0 0 0 "JN" 1971
10 1972 4.48387096774194 -0.208064516129032 0 0 0 "JN" 1972
10 1973 2.21290322580645 -0.945161290322581 0 0 0 "JN" 1973
10 1974 2.43225806451613 1.23870967741935 0 0 0 "JN" 1974
10 1975 2.33870967741935 0.908064516129032 0 0 0 "JN" 1975
10 1976 2.79677419354839 3.11612903225806 0 0 0 "JN" 1976
10 1977 2.74838709677419 1.04354838709677 0 0 0 "JN" 1977
10 1978 1.70645161290323 0.1 0 0 0 "JN" 1978
10 1979 1.33548387096774 1.31935483870968 0 0 0 "JN" 1979
10 1980 3.83548387096774 -2.08870967741935 0 0 0 "JN" 1980
10 1981 1.83225806451613 -0.840322580645161 0 0 0 "JN" 1981
10 1982 1.77741935483871 0.911290322580645 0 0 0 "JN" 1982
10 1983 1.3741935483871 -1.35645161290323 0 0 0 "JN" 1983
10 1984 1.08387096774194 0.904838709677419 0 0 0 "JN" 1984
10 1985 4.19677419354839 -0.017741935483871 0 0 0 "JN" 1985
10 1986 4.1258064516129 1.29354838709677 0 0 0 "JN" 1986
10 1987 4.77741935483871 0.717741935483871 0 0 0 "JN" 1987
10 1988 1.47096774193548 -0.558064516129032 0 0 0 "JN" 1988
10 1989 1.80322580645161 0.267741935483871 0 0 0 "JN" 1989
10 1990 2.86451612903226 0.446774193548387 0 0 0 "JN" 1990
10 1991 2.91935483870968 0.988709677419355 0 0 0 "JN" 1991
10 1992 2.5741935483871 0.693548387096774 0 0 0 "JN" 1992
10 1993 1.70322580645161 -0.404838709677419 0 0 0 "JN" 1993
10 1994 2.58064516129032 -2.38548387096774 0 0 0 "JN" 1994
10 1995 1.09032258064516 0.567741935483871 0 0 0 "JN" 1995
10 1996 2.21612903225806 0.0532258064516129 0 0 0 "JN" 1996
10 1997 1.37741935483871 -1.00322580645161 0 0 0 "JN" 1997
10 1998 3.33548387096774 1.66935483870968 0 0 0 "JN" 1998
10 1999 1.39354838709677 2.2241935483871 0 0 0 "JN" 1999
10 2000 3.59354838709677 2.57258064516129 0 0 0 "JN" 2000
10 2001 1.01612903225806 1.99354838709677 0 0 0 "JN" 2001
10 2002 1.31935483870968 2.62096774193548 0 0 0 "JN" 2002
10 2003 3.55806451612903 -0.406451612903226 0 0 0 "JN" 2003
10 2004 2.57096774193548 1.84677419354839 0 0 0 "JN" 2004
10 2005 3.07096774193548 0.143548387096774 0 0 0 "JN" 2005
10 2006 2.08709677419355 0.395161290322581 0 0 0 "JN" 2006
10 2007 3.46451612903226 0.716129032258064 0 0 0 "JN" 2007
10 2008 4.16451612903226 1.08548387096774 0 0 0 "JN" 2008
10 2009 4.0258064516129 0.640322580645161 0 0 0 "JN" 2009
10 2010 2.26774193548387 1.88548387096774 0 0 0 "JN" 2010
10 2011 2.06129032258064 2.15 0 0 0 "JN" 2011
10 2012 1.08666666666667 1.185 0 0 0 "JN" 2012
10 2013 1.04193548387097 0.632258064516129 0 0 0 "JN" 2013
10 2014 2.63225806451613 3.07741935483871 0 0 0 "JN" 2014
10 2015 2.26333333333333 2.38666666666667 0 0 0 "JN" 2015
10 2016 2.4258064516129 5.90322580645161 0 0 0 "JN" 2016
10 2017 3.45806451612903 4.65161290322581 0 0 0 "JN" 2017
10 2018 3.0258064516129 2.38225806451613 0 0 0 "JN" 2018
11 1970 0.97 -1.70666666666667 0 0 0 "JN" 1970
11 1971 1.99333333333333 -8.325 0 0 0 "JN" 1971
11 1972 2.24333333333333 -1.81166666666667 0 0 0 "JN" 1972
11 1973 1.22 -7.385 0 0 0 "JN" 1973
11 1974 1.12666666666667 0.761666666666667 0 0 0 "JN" 1974
11 1975 3.36333333333333 -1.56333333333333 0 0 0 "JN" 1975
11 1976 2.69333333333333 -2.745 0 0 0 "JN" 1976
11 1977 2.91 -3.06666666666667 0 0 0 "JN" 1977
11 1978 2.96 -5.83166666666667 0 0 0 "JN" 1978
11 1979 2.54 -2.48333333333333 0 0 0 "JN" 1979
11 1980 2.45666666666667 -4.15166666666667 0 0 0 "JN" 1980
11 1981 3.24 -2.78166666666667 0 0 0 "JN" 1981
11 1982 3.18333333333333 -3.165 0 0 0 "JN" 1982
11 1983 1.13 -4.975 0 0 0 "JN" 1983
11 1984 2.25 -0.326666666666667 0 0 0 "JN" 1984
11 1985 1.78666666666667 -3.46333333333333 0 0 0 "JN" 1985
11 1986 2.91333333333333 -1.82333333333333 0 0 0 "JN" 1986
11 1987 2.20666666666667 -1.87333333333333 0 0 0 "JN" 1987
11 1988 1.27666666666667 -4.70833333333333 0 0 0 "JN" 1988
11 1989 1.28666666666667 -0.888333333333333 0 0 0 "JN" 1989
11 1990 1.36333333333333 -1.79833333333333 0 0 0 "JN" 1990
11 1991 2.15 -1.93 0 0 0 "JN" 1991
11 1992 2.17 0.69 0 0 0 "JN" 1992
11 1993 2.85333333333333 1.385 0 0 0 "JN" 1993
11 1994 1.7 -1.22166666666667 0 0 0 "JN" 1994
11 1995 1.15666666666667 -1.82 0 0 0 "JN" 1995
11 1996 1.97 -3.97833333333333 0 0 0 "JN" 1996
11 1997 1.38333333333333 -1.47333333333333 0 0 0 "JN" 1997
11 1998 2.22333333333333 -0.803333333333333 0 0 0 "JN" 1998
11 1999 3.37666666666667 -0.488333333333333 0 0 0 "JN" 1999
11 2000 0.783333333333333 0.538333333333333 0 0 0 "JN" 2000
11 2001 3.98 -3.39833333333333 0 0 0 "JN" 2001
11 2002 0.873333333333333 1.90333333333333 0 0 0 "JN" 2002
11 2003 2.92 1.25833333333333 0 0 0 "JN" 2003
11 2004 3.09 -2.105 0 0 0 "JN" 2004
11 2005 2.01333333333333 -1.95333333333333 0 0 0 "JN" 2005
11 2006 3.91333333333333 -2.52333333333333 0 0 0 "JN" 2006
11 2007 2.18333333333333 -3.415 0 0 0 "JN" 2007
11 2008 2.33333333333333 -3.33 0 0 0 "JN" 2008
11 2009 1.70666666666667 -0.33 0 0 0 "JN" 2009
11 2010 1.94666666666667 -1.97166666666667 0 0 0 "JN" 2010
11 2011 5.23666666666667 1.48333333333333 0 0 0 "JN" 2011
11 2012 3.08666666666667 -1.07833333333333 0 0 0 "JN" 2012
11 2013 1.99 -4.92333333333333 0 0 0 "JN" 2013
11 2014 1.52 1.20666666666667 0 0 0 "JN" 2014
11 2015 2.28965517241379 -0.596551724137931 0 0 0 "JN" 2015
11 2016 3.43666666666667 2.06 0 0 0 "JN" 2016
11 2017 2.24 -0.735 0 0 0 "JN" 2017
11 2018 0.95 1.40166666666667 0 0 0 "JN" 2018
12 1970 2.90322580645161 -5.26290322580645 0 0 0 "JN" 1970
12 1971 2.04516129032258 -5.86290322580645 0 0 0 "JN" 1971
12 1972 3.27741935483871 -1.82258064516129 0 0 0 "JN" 1972
12 1973 3.17741935483871 -6.77096774193548 0 0 0 "JN" 1973
12 1974 4.13870967741935 -5.40161290322581 0 0 0 "JN" 1974
12 1975 2.21290322580645 -8.05322580645161 0 0 0 "JN" 1975
12 1976 2.13870967741935 -2.74032258064516 0 0 0 "JN" 1976
12 1977 3.12258064516129 -2.31290322580645 0 0 0 "JN" 1977
12 1978 0.461290322580645 -4.51774193548387 0 0 0 "JN" 1978
12 1979 1.2741935483871 -1.18387096774194 0 0 0 "JN" 1979
12 1980 3.08387096774194 -6.7 0 0 0 "JN" 1980
12 1981 1.63870967741935 -6.13064516129032 0 0 0 "JN" 1981
12 1982 1.80645161290323 -4.25967741935484 0 0 0 "JN" 1982
12 1983 2.36451612903226 -4.66774193548387 0 0 0 "JN" 1983
12 1984 2.5258064516129 0.169354838709677 0 0 0 "JN" 1984
12 1985 0.861290322580645 -7.24516129032258 0 0 0 "JN" 1985
12 1986 2.03225806451613 -2.23709677419355 0 0 0 "JN" 1986
12 1987 2.29032258064516 -10.8209677419355 0 0 0 "JN" 1987
12 1988 2.80322580645161 -8.53225806451613 0 0 0 "JN" 1988
12 1989 2.81290322580645 -6.75322580645161 0 0 0 "JN" 1989
12 1990 3.49032258064516 -3.22096774193548 0 0 0 "JN" 1990
12 1991 2.9258064516129 -3.54677419354839 0 0 0 "JN" 1991
12 1992 2.8258064516129 -2.56451612903226 0 0 0 "JN" 1992
12 1993 1.92903225806452 -3.21290322580645 0 0 0 "JN" 1993
12 1994 3.74516129032258 -2.79032258064516 0 0 0 "JN" 1994
12 1995 2.23548387096774 -4.15 0 0 0 "JN" 1995
12 1996 1 -5.92903225806452 0 0 0 "JN" 1996
12 1997 1.92903225806452 -1.86774193548387 0 0 0 "JN" 1997
12 1998 2.15806451612903 -2.59193548387097 0 0 0 "JN" 1998
12 1999 1.44838709677419 -4.39838709677419 0 0 0 "JN" 1999
12 2000 1.1741935483871 -4.09193548387097 0 0 0 "JN" 2000
12 2001 1.81612903225806 -1.42903225806452 0 0 0 "JN" 2001
12 2002 2.31935483870968 0.409677419354839 0 0 0 "JN" 2002
12 2003 1.05161290322581 -5.04838709677419 0 0 0 "JN" 2003
12 2004 3.22258064516129 -3.67096774193548 0 0 0 "JN" 2004
12 2005 1.65161290322581 -1.11451612903226 0 0 0 "JN" 2005
12 2006 3.11290322580645 -0.762903225806452 0 0 0 "JN" 2006
12 2007 2.59032258064516 -1.4 0 0 0 "JN" 2007
12 2008 2.43870967741935 -0.998387096774194 0 0 0 "JN" 2008
12 2009 1.39677419354839 -1.30161290322581 0 0 0 "JN" 2009
12 2010 2.26774193548387 -3.16935483870968 0 0 0 "JN" 2010
12 2011 1.86451612903226 -3.38548387096774 0 0 0 "JN" 2011
12 2012 1.36774193548387 -2.21612903225806 0 0 0 "JN" 2012
12 2013 1.64838709677419 -2.04193548387097 0 0 0 "JN" 2013
12 2014 2.25161290322581 -3.55161290322581 0 0 0 "JN" 2014
12 2015 1.30322580645161 -2.75967741935484 0 0 0 "JN" 2015
12 2016 2.02258064516129 -0.551612903225806 0 0 0 "JN" 2016
12 2017 1.09677419354839 -2.36774193548387 0 0 0 "JN" 2017
12 2018 3.35 -1.56166666666667 0 0 0 "JN" 2018
