"MONTH" "YEAR" "ave_precip_mo" "ave_mo_t" "opium_t" "mj_t" "coca_t" "fips" "year"
1 1979 1.41666666666667 28.125 0 0 0 "JU" 1979
1 1980 0.82 29 0 0 0 "JU" 1980
1 1981 0.5 29.3333333333333 0 0 0 "JU" 1981
1 1983 38.95 25.75 0 0 0 "JU" 1983
1 1984 26.36875 27.39375 0 0 0 "JU" 1984
1 1985 5.21333333333333 28.5566666666667 0 0 0 "JU" 1985
1 1986 9.26363636363636 27.7772727272727 0 0 0 "JU" 1986
1 1987 0.666666666666667 28.6333333333333 0 0 0 "JU" 1987
1 1988 2.2 28.7083333333333 0 0 0 "JU" 1988
1 1989 15.3769230769231 27.3307692307692 0 0 0 "JU" 1989
1 1990 0.125 28.94375 0 0 0 "JU" 1990
1 1991 0.95 29.15 0 0 0 "JU" 1991
1 1992 14.4333333333333 28.4333333333333 0 0 0 "JU" 1992
1 1993 14.3333333333333 28.2388888888889 0 0 0 "JU" 1993
1 1994 3.35 28.4333333333333 0 0 0 "JU" 1994
1 1995 18.8272727272727 27.9022727272727 0 0 0 "JU" 1995
1 1996 7.46470588235294 28.2735294117647 0 0 0 "JU" 1996
1 1997 16.9923076923077 28.5884615384615 0 0 0 "JU" 1997
1 1998 5.95 29.53125 0 0 0 "JU" 1998
1 2000 3.04444444444444 28.3722222222222 0 0 0 "JU" 2000
1 2001 21.4466666666667 28.17 0 0 0 "JU" 2001
1 2002 2.83333333333333 28.4 0 0 0 "JU" 2002
1 2004 11.4947368421053 29.1473684210526 0 0 0 "JU" 2004
1 2006 10.7 28.59375 0 0 0 "JU" 2006
1 2007 3.16363636363636 28.4136363636364 0 0 0 "JU" 2007
1 2008 5.95384615384615 28.5769230769231 0 0 0 "JU" 2008
1 2009 14.3 28.75 0 0 0 "JU" 2009
1 2010 9.6125 28.75625 0 0 0 "JU" 2010
1 2011 13.2 28.01 0 0 0 "JU" 2011
1 2012 33.3 27.8583333333333 0 0 0 "JU" 2012
1 2013 5.62105263157895 28.9842105263158 0 0 0 "JU" 2013
1 2015 14.7947368421053 28.4368421052632 0 0 0 "JU" 2015
1 2017 8.64285714285714 28.4214285714286 0 0 0 "JU" 2017
1 2018 4.96428571428571 28.1428571428571 0 0 0 "JU" 2018
1 2019 11.6615384615385 28.7961538461538 0 0 0 "JU" 2019
2 1979 7.68636363636364 27.9318181818182 0 0 0 "JU" 1979
2 1980 2.6 29.2 0 0 0 "JU" 1980
2 1981 2.5 28.5833333333333 0 0 0 "JU" 1981
2 1982 3.13333333333333 28.5166666666667 0 0 0 "JU" 1982
2 1983 15.5 27.75 0 0 0 "JU" 1983
2 1984 7.71818181818182 27.4681818181818 0 0 0 "JU" 1984
2 1985 10.25 28.05 0 0 0 "JU" 1985
2 1986 9.225 27.20625 0 0 0 "JU" 1986
2 1987 3.3 28.5642857142857 0 0 0 "JU" 1987
2 1988 13.3833333333333 27.4583333333333 0 0 0 "JU" 1988
2 1989 8.55833333333333 27.65 0 0 0 "JU" 1989
2 1990 11.8777777777778 28.5444444444444 0 0 0 "JU" 1990
2 1991 111.5 27.3857142857143 0 0 0 "JU" 1991
2 1992 13.6 27.625 0 0 0 "JU" 1992
2 1993 6.5 28.0625 0 0 0 "JU" 1993
2 1994 8.96666666666667 27.4833333333333 0 0 0 "JU" 1994
2 1995 8.29166666666667 28.6375 0 0 0 "JU" 1995
2 1996 3 28.2638888888889 0 0 0 "JU" 1996
2 1997 24.1692307692308 27.4230769230769 0 0 0 "JU" 1997
2 1998 13.3357142857143 28.8642857142857 0 0 0 "JU" 1998
2 2000 7.53333333333333 27.05 0 0 0 "JU" 2000
2 2001 8.11 28.395 0 0 0 "JU" 2001
2 2002 3.83333333333333 28.9222222222222 0 0 0 "JU" 2002
2 2003 0 29.95 0 0 0 "JU" 2003
2 2004 59.38 26.91 0 0 0 "JU" 2004
2 2006 14.3 28.2833333333333 0 0 0 "JU" 2006
2 2007 2.18 29.14 0 0 0 "JU" 2007
2 2008 5.33333333333333 28.6416666666667 0 0 0 "JU" 2008
2 2009 9.225 28.7125 0 0 0 "JU" 2009
2 2010 0 29.225 0 0 0 "JU" 2010
2 2011 3.66666666666667 28.7333333333333 0 0 0 "JU" 2011
2 2012 2.77333333333333 28.7933333333333 0 0 0 "JU" 2012
2 2013 19.7923076923077 28.2076923076923 0 0 0 "JU" 2013
2 2015 12.0333333333333 28.0083333333333 0 0 0 "JU" 2015
2 2017 2.78125 29.05 0 0 0 "JU" 2017
2 2018 14.7333333333333 28.1833333333333 0 0 0 "JU" 2018
3 1979 0.285714285714286 29.1428571428571 0 0 0 "JU" 1979
3 1980 14.6333333333333 27.8333333333333 0 0 0 "JU" 1980
3 1981 2.48333333333333 29 0 0 0 "JU" 1981
3 1982 15.35 27.4625 0 0 0 "JU" 1982
3 1983 8.58 28.83 0 0 0 "JU" 1983
3 1984 3.25 28.475 0 0 0 "JU" 1984
3 1985 14.6909090909091 27.8318181818182 0 0 0 "JU" 1985
3 1986 3.44444444444444 28.3222222222222 0 0 0 "JU" 1986
3 1987 0.455555555555555 29.3 0 0 0 "JU" 1987
3 1988 6.28888888888889 28.4944444444444 0 0 0 "JU" 1988
3 1989 14.175 27.4875 0 0 0 "JU" 1989
3 1990 0 29.1 0 0 0 "JU" 1990
3 1991 1.51666666666667 28.3833333333333 0 0 0 "JU" 1991
3 1992 11.65 27.8833333333333 0 0 0 "JU" 1992
3 1993 25.82 27.03 0 0 0 "JU" 1993
3 1994 5.525 28.4875 0 0 0 "JU" 1994
3 1995 1.81666666666667 28.775 0 0 0 "JU" 1995
3 1996 5.84117647058823 28.7441176470588 0 0 0 "JU" 1996
3 1997 0.44 28.89 0 0 0 "JU" 1997
3 1998 5.76470588235294 29.6411764705882 0 0 0 "JU" 1998
3 2000 13.775 28.5625 0 0 0 "JU" 2000
3 2001 10.8166666666667 28.3875 0 0 0 "JU" 2001
3 2002 1.02 29.5 0 0 0 "JU" 2002
3 2003 0.307692307692308 29.2884615384615 0 0 0 "JU" 2003
3 2004 1.78 29.57 0 0 0 "JU" 2004
3 2005 1.16470588235294 29.4911764705882 0 0 0 "JU" 2005
3 2006 4.72 28.78 0 0 0 "JU" 2006
3 2007 0 29.675 0 0 0 "JU" 2007
3 2008 1.05882352941176 28.6323529411765 0 0 0 "JU" 2008
3 2009 4.45 29.625 0 0 0 "JU" 2009
3 2010 0.2 29.3375 0 0 0 "JU" 2010
3 2011 15.2888888888889 28.3027777777778 0 0 0 "JU" 2011
3 2012 3.18095238095238 28.55 0 0 0 "JU" 2012
3 2013 9.26666666666667 28.2833333333333 0 0 0 "JU" 2013
3 2014 12.5363636363636 28.2545454545455 0 0 0 "JU" 2014
3 2015 3.58125 27.95625 0 0 0 "JU" 2015
3 2017 9.26 29.03 0 0 0 "JU" 2017
3 2018 3.24444444444444 29.4333333333333 0 0 0 "JU" 2018
4 1979 0 28 0 0 0 "JU" 1979
4 1980 1.02 28.6 0 0 0 "JU" 1980
4 1981 0 28.1 0 0 0 "JU" 1981
4 1982 11.55 27.85 0 0 0 "JU" 1982
4 1983 0.26 28.88 0 0 0 "JU" 1983
4 1984 7.7 28.3 0 0 0 "JU" 1984
4 1985 0 27.9666666666667 0 0 0 "JU" 1985
4 1986 2.125 28.5875 0 0 0 "JU" 1986
4 1987 0 28.7807692307692 0 0 0 "JU" 1987
4 1988 0.333333333333333 28.6555555555556 0 0 0 "JU" 1988
4 1989 0.99 28.205 0 0 0 "JU" 1989
4 1990 1.98 28.99 0 0 0 "JU" 1990
4 1991 2.6375 28.40625 0 0 0 "JU" 1991
4 1992 0.428571428571429 28.3142857142857 0 0 0 "JU" 1992
4 1993 1.7 28.775 0 0 0 "JU" 1993
4 1994 0.88 27.82 0 0 0 "JU" 1994
4 1995 0 29.4888888888889 0 0 0 "JU" 1995
4 1996 1.11052631578947 28.3368421052632 0 0 0 "JU" 1996
4 1997 1.205 28.58 0 0 0 "JU" 1997
4 1998 2.22777777777778 29.4 0 0 0 "JU" 1998
4 2000 83.1 26.5 0 0 0 "JU" 2000
4 2001 3.55 28.3 0 0 0 "JU" 2001
4 2002 1 28.05 0 0 0 "JU" 2002
4 2003 0.0833333333333333 28.8916666666667 0 0 0 "JU" 2003
4 2004 5.1 27.9 0 0 0 "JU" 2004
4 2005 0 29.175 0 0 0 "JU" 2005
4 2007 1.55714285714286 29.2714285714286 0 0 0 "JU" 2007
4 2008 0 28.265 0 0 0 "JU" 2008
4 2009 0.142857142857143 28.4214285714286 0 0 0 "JU" 2009
4 2010 0 29.8666666666667 0 0 0 "JU" 2010
4 2011 2.35882352941176 28.8 0 0 0 "JU" 2011
4 2012 1.57 28.2325 0 0 0 "JU" 2012
4 2013 0.383333333333333 28.575 0 0 0 "JU" 2013
4 2014 5.89166666666667 27.4375 0 0 0 "JU" 2014
4 2017 5.65 28.285 0 0 0 "JU" 2017
4 2018 15.3428571428571 28.1071428571429 0 0 0 "JU" 2018
5 1979 1.7 27 0 0 0 "JU" 1979
5 1980 0 28 0 0 0 "JU" 1980
5 1981 0 28.5 0 0 0 "JU" 1981
5 1983 5.38 27.6 0 0 0 "JU" 1983
5 1984 1.88888888888889 26.4277777777778 0 0 0 "JU" 1984
5 1985 0.2 26.505 0 0 0 "JU" 1985
5 1986 0 27.28 0 0 0 "JU" 1986
5 1987 0 28.05 0 0 0 "JU" 1987
5 1988 0 27.2666666666667 0 0 0 "JU" 1988
5 1989 3.41428571428571 27.2357142857143 0 0 0 "JU" 1989
5 1990 0 27.95 0 0 0 "JU" 1990
5 1991 0 27.3214285714286 0 0 0 "JU" 1991
5 1992 0.454545454545455 27.5909090909091 0 0 0 "JU" 1992
5 1993 0 27.3125 0 0 0 "JU" 1993
5 1994 0 27.0125 0 0 0 "JU" 1994
5 1995 1.14 27.465 0 0 0 "JU" 1995
5 1996 1.22272727272727 27.5704545454545 0 0 0 "JU" 1996
5 1997 3.25625 26.44375 0 0 0 "JU" 1997
5 1998 0.338888888888889 28.0555555555556 0 0 0 "JU" 1998
5 2000 13.4666666666667 26.6833333333333 0 0 0 "JU" 2000
5 2001 0 28.2 0 0 0 "JU" 2001
5 2002 0.65 27.35 0 0 0 "JU" 2002
5 2003 0 27.65 0 0 0 "JU" 2003
5 2005 0 28.1833333333333 0 0 0 "JU" 2005
5 2007 0 27.9214285714286 0 0 0 "JU" 2007
5 2008 0.136363636363636 26.5772727272727 0 0 0 "JU" 2008
5 2009 0 27.8625 0 0 0 "JU" 2009
5 2010 0 28.55 0 0 0 "JU" 2010
5 2011 0.2 27.7826086956522 0 0 0 "JU" 2011
5 2012 0 27.875 0 0 0 "JU" 2012
5 2014 2.55 25.95 0 0 0 "JU" 2014
5 2018 1 27.625 0 0 0 "JU" 2018
6 1979 0 25.8 0 0 0 "JU" 1979
6 1980 0 25 0 0 0 "JU" 1980
6 1982 1.975 25.875 0 0 0 "JU" 1982
6 1983 0 27.3214285714286 0 0 0 "JU" 1983
6 1984 0.68125 25.70625 0 0 0 "JU" 1984
6 1985 0 25.3666666666667 0 0 0 "JU" 1985
6 1986 0.575 25.25625 0 0 0 "JU" 1986
6 1987 1.075 24.8625 0 0 0 "JU" 1987
6 1988 1 25.4833333333333 0 0 0 "JU" 1988
6 1989 0 25.925 0 0 0 "JU" 1989
6 1990 0 25.6 0 0 0 "JU" 1990
6 1991 0 25.925 0 0 0 "JU" 1991
6 1992 1.275 26.0625 0 0 0 "JU" 1992
6 1993 0 26.95 0 0 0 "JU" 1993
6 1994 0 25.5375 0 0 0 "JU" 1994
6 1995 0.8875 25.225 0 0 0 "JU" 1995
6 1996 0.117647058823529 26.2294117647059 0 0 0 "JU" 1996
6 1997 0.31875 25.96875 0 0 0 "JU" 1997
6 1998 0 26.0928571428571 0 0 0 "JU" 1998
6 2001 2.5 24.65 0 0 0 "JU" 2001
6 2002 0.25 26.675 0 0 0 "JU" 2002
6 2003 0.0571428571428571 26.3892857142857 0 0 0 "JU" 2003
6 2004 0 26.1625 0 0 0 "JU" 2004
6 2005 0 26.6125 0 0 0 "JU" 2005
6 2007 0 25.7357142857143 0 0 0 "JU" 2007
6 2008 0.0416666666666667 25.8458333333333 0 0 0 "JU" 2008
6 2009 1.44444444444444 26.6555555555556 0 0 0 "JU" 2009
6 2010 0 27.3375 0 0 0 "JU" 2010
6 2011 3.54117647058824 26.3470588235294 0 0 0 "JU" 2011
6 2017 0 26.95 0 0 0 "JU" 2017
7 1979 4 24.1 0 0 0 "JU" 1979
7 1980 0.142857142857143 25 0 0 0 "JU" 1980
7 1981 0 24.5 0 0 0 "JU" 1981
7 1982 0 26.3833333333333 0 0 0 "JU" 1982
7 1983 0 25.91875 0 0 0 "JU" 1983
7 1984 0.7 24.6038461538462 0 0 0 "JU" 1984
7 1985 0 25.25 0 0 0 "JU" 1985
7 1986 0 24.4458333333333 0 0 0 "JU" 1986
7 1987 0 24.7277777777778 0 0 0 "JU" 1987
7 1988 0 25.45 0 0 0 "JU" 1988
7 1989 0.6 24.98 0 0 0 "JU" 1989
7 1991 0 24.76 0 0 0 "JU" 1991
7 1992 0 25.15625 0 0 0 "JU" 1992
7 1993 0 25.5083333333333 0 0 0 "JU" 1993
7 1994 0.827272727272727 25.5863636363636 0 0 0 "JU" 1994
7 1995 0 25.7863636363636 0 0 0 "JU" 1995
7 1996 0 25.2694444444444 0 0 0 "JU" 1996
7 1997 1.65 25.4107142857143 0 0 0 "JU" 1997
7 1998 0.0555555555555556 25.5333333333333 0 0 0 "JU" 1998
7 2001 0 26.2 0 0 0 "JU" 2001
7 2003 0.0888888888888889 25.4555555555556 0 0 0 "JU" 2003
7 2004 0 25.275 0 0 0 "JU" 2004
7 2005 0 25.715 0 0 0 "JU" 2005
7 2007 0 25.45 0 0 0 "JU" 2007
7 2008 0.0833333333333333 25.0666666666667 0 0 0 "JU" 2008
7 2009 0 25.3666666666667 0 0 0 "JU" 2009
7 2010 0 26.5863636363636 0 0 0 "JU" 2010
7 2011 0.04 25.1175 0 0 0 "JU" 2011
7 2012 0.333333333333333 25.7666666666667 0 0 0 "JU" 2012
7 2013 0.3 24.55 0 0 0 "JU" 2013
7 2018 0.366666666666667 26.7333333333333 0 0 0 "JU" 2018
8 1979 0 25.2 0 0 0 "JU" 1979
8 1980 0 24.5 0 0 0 "JU" 1980
8 1981 0 24.8333333333333 0 0 0 "JU" 1981
8 1982 0 25.7 0 0 0 "JU" 1982
8 1983 2 24.75 0 0 0 "JU" 1983
8 1984 0.283333333333333 24.4666666666667 0 0 0 "JU" 1984
8 1985 0.0833333333333333 25.2 0 0 0 "JU" 1985
8 1986 0 24.3875 0 0 0 "JU" 1986
8 1987 0 25.0125 0 0 0 "JU" 1987
8 1988 0 25.1055555555556 0 0 0 "JU" 1988
8 1989 0 25.21875 0 0 0 "JU" 1989
8 1990 0 25.8125 0 0 0 "JU" 1990
8 1991 0 24.85 0 0 0 "JU" 1991
8 1992 0 25.23 0 0 0 "JU" 1992
8 1993 0 24.5625 0 0 0 "JU" 1993
8 1994 0.7625 25.7125 0 0 0 "JU" 1994
8 1995 0 25.3454545454545 0 0 0 "JU" 1995
8 1996 0.519047619047619 24.4833333333333 0 0 0 "JU" 1996
8 1997 0 25.1558823529412 0 0 0 "JU" 1997
8 1998 0 25.875 0 0 0 "JU" 1998
8 2001 0 24.725 0 0 0 "JU" 2001
8 2003 0 24.7970588235294 0 0 0 "JU" 2003
8 2004 0 24.8125 0 0 0 "JU" 2004
8 2006 0 24 0 0 0 "JU" 2006
8 2007 0 25.225 0 0 0 "JU" 2007
8 2008 0 25.4 0 0 0 "JU" 2008
8 2009 0 25.4 0 0 0 "JU" 2009
8 2010 0 25.53 0 0 0 "JU" 2010
8 2011 0.05 25.6825 0 0 0 "JU" 2011
8 2013 0.34 24.9 0 0 0 "JU" 2013
8 2014 0.2 25.8833333333333 0 0 0 "JU" 2014
8 2018 0.25 25.85 0 0 0 "JU" 2018
9 1979 0 26 0 0 0 "JU" 1979
9 1980 0 25.9444444444444 0 0 0 "JU" 1980
9 1981 0 25 0 0 0 "JU" 1981
9 1982 0 25.925 0 0 0 "JU" 1982
9 1983 0 25.5071428571429 0 0 0 "JU" 1983
9 1984 0 24.9527777777778 0 0 0 "JU" 1984
9 1985 0 25.9714285714286 0 0 0 "JU" 1985
9 1986 0 25.1875 0 0 0 "JU" 1986
9 1987 0 26.1388888888889 0 0 0 "JU" 1987
9 1988 0 25.18 0 0 0 "JU" 1988
9 1989 0 25.6357142857143 0 0 0 "JU" 1989
9 1990 0 25.7833333333333 0 0 0 "JU" 1990
9 1991 0 25.8 0 0 0 "JU" 1991
9 1992 0 25.3875 0 0 0 "JU" 1992
9 1993 0 25.225 0 0 0 "JU" 1993
9 1994 0 26.2555555555556 0 0 0 "JU" 1994
9 1995 0 26.2875 0 0 0 "JU" 1995
9 1996 0 25.8454545454545 0 0 0 "JU" 1996
9 1997 0.475 26.184375 0 0 0 "JU" 1997
9 1998 0.0416666666666667 25.9166666666667 0 0 0 "JU" 1998
9 2000 0.0833333333333333 25.3416666666667 0 0 0 "JU" 2000
9 2001 0 25.95 0 0 0 "JU" 2001
9 2003 0 25.7666666666667 0 0 0 "JU" 2003
9 2004 0 26.3333333333333 0 0 0 "JU" 2004
9 2005 0 26.6 0 0 0 "JU" 2005
9 2006 0 25.78 0 0 0 "JU" 2006
9 2007 0 26.07 0 0 0 "JU" 2007
9 2008 0 25.79 0 0 0 "JU" 2008
9 2009 0 25.85 0 0 0 "JU" 2009
9 2010 0 26.16 0 0 0 "JU" 2010
9 2011 0 26.0916666666667 0 0 0 "JU" 2011
9 2012 0 25.35 0 0 0 "JU" 2012
9 2013 0.2 25.5833333333333 0 0 0 "JU" 2013
9 2014 0.15 25.3 0 0 0 "JU" 2014
10 1979 0 26.5 0 0 0 "JU" 1979
10 1980 0 26.625 0 0 0 "JU" 1980
10 1981 0 26.4166666666667 0 0 0 "JU" 1981
10 1982 1.18333333333333 26.875 0 0 0 "JU" 1982
10 1983 0.333333333333333 26.7333333333333 0 0 0 "JU" 1983
10 1984 0.133333333333333 26.08 0 0 0 "JU" 1984
10 1985 2.8 26.44375 0 0 0 "JU" 1985
10 1986 0.493333333333333 26.25 0 0 0 "JU" 1986
10 1987 0 26.8444444444444 0 0 0 "JU" 1987
10 1988 0 26.5333333333333 0 0 0 "JU" 1988
10 1989 0.333333333333333 26.7055555555556 0 0 0 "JU" 1989
10 1990 0 26.675 0 0 0 "JU" 1990
10 1991 52.2857142857143 26.9142857142857 0 0 0 "JU" 1991
10 1992 0 26.2785714285714 0 0 0 "JU" 1992
10 1993 1.41428571428571 26.7785714285714 0 0 0 "JU" 1993
10 1994 0 26.5083333333333 0 0 0 "JU" 1994
10 1995 0 27.2045454545455 0 0 0 "JU" 1995
10 1996 0 26.4130434782609 0 0 0 "JU" 1996
10 1997 0.215789473684211 27.0473684210526 0 0 0 "JU" 1997
10 1998 0 27.0166666666667 0 0 0 "JU" 1998
10 1999 0 26.5357142857143 0 0 0 "JU" 1999
10 2000 0 26.7833333333333 0 0 0 "JU" 2000
10 2003 0 27.0041666666667 0 0 0 "JU" 2003
10 2004 0 28 0 0 0 "JU" 2004
10 2005 0 26.5333333333333 0 0 0 "JU" 2005
10 2006 0 27.3166666666667 0 0 0 "JU" 2006
10 2007 0 26.825 0 0 0 "JU" 2007
10 2008 0 27.402380952381 0 0 0 "JU" 2008
10 2009 0.111111111111111 27.3222222222222 0 0 0 "JU" 2009
10 2010 0.0714285714285714 28.05 0 0 0 "JU" 2010
10 2011 0.592592592592593 26.8555555555556 0 0 0 "JU" 2011
10 2013 16.05 23.775 0 0 0 "JU" 2013
10 2014 0.76 26.74 0 0 0 "JU" 2014
10 2017 0.25 27.85 0 0 0 "JU" 2017
11 1979 0 27.75 0 0 0 "JU" 1979
11 1980 0 28.25 0 0 0 "JU" 1980
11 1981 1.875 28.1875 0 0 0 "JU" 1981
11 1983 0 27.8714285714286 0 0 0 "JU" 1983
11 1984 0.44 27.3833333333333 0 0 0 "JU" 1984
11 1985 3 27.1666666666667 0 0 0 "JU" 1985
11 1986 0.0428571428571429 28.1357142857143 0 0 0 "JU" 1986
11 1987 0 27.865 0 0 0 "JU" 1987
11 1988 0.49 27.365 0 0 0 "JU" 1988
11 1989 1.90833333333333 27.8 0 0 0 "JU" 1989
11 1990 0 29.2 0 0 0 "JU" 1990
11 1991 0 27.7916666666667 0 0 0 "JU" 1991
11 1992 0 27.975 0 0 0 "JU" 1992
11 1993 0 27.65 0 0 0 "JU" 1993
11 1994 0 28.8 0 0 0 "JU" 1994
11 1995 0 28.31875 0 0 0 "JU" 1995
11 1996 0 28.0770833333333 0 0 0 "JU" 1996
11 1997 0.176470588235294 28.6411764705882 0 0 0 "JU" 1997
11 1998 0.075 28.3125 0 0 0 "JU" 1998
11 1999 0.652941176470588 27.9205882352941 0 0 0 "JU" 1999
11 2000 5.3 27.6642857142857 0 0 0 "JU" 2000
11 2001 1.525 28.3625 0 0 0 "JU" 2001
11 2003 0 28.91 0 0 0 "JU" 2003
11 2006 0 28.08 0 0 0 "JU" 2006
11 2007 0 28.3 0 0 0 "JU" 2007
11 2008 0.5 28.2 0 0 0 "JU" 2008
11 2009 0 28.1966666666667 0 0 0 "JU" 2009
11 2010 1.275 28.5375 0 0 0 "JU" 2010
11 2011 0 28.8136363636364 0 0 0 "JU" 2011
11 2012 0.5 28.77 0 0 0 "JU" 2012
11 2013 10.9 28.7 0 0 0 "JU" 2013
11 2014 1.5 27.65 0 0 0 "JU" 2014
12 1976 0 25 0 0 0 "JU" 1976
12 1978 8.9 27 0 0 0 "JU" 1978
12 1979 12.5 27.75 0 0 0 "JU" 1979
12 1980 1.8 28.95 0 0 0 "JU" 1980
12 1981 9.55 26.25 0 0 0 "JU" 1981
12 1982 16.7 27.9125 0 0 0 "JU" 1982
12 1983 4 28.3923076923077 0 0 0 "JU" 1983
12 1984 0.333333333333333 28.225 0 0 0 "JU" 1984
12 1985 26.3 25.875 0 0 0 "JU" 1985
12 1986 20.7 27.925 0 0 0 "JU" 1986
12 1987 2.09166666666667 28.975 0 0 0 "JU" 1987
12 1988 0.0714285714285714 28.3642857142857 0 0 0 "JU" 1988
12 1989 3.45 27.6208333333333 0 0 0 "JU" 1989
12 1990 2.55 28.975 0 0 0 "JU" 1990
12 1991 0.75 28.8125 0 0 0 "JU" 1991
12 1992 0.142857142857143 28.3214285714286 0 0 0 "JU" 1992
12 1993 0 29.45 0 0 0 "JU" 1993
12 1994 1.19583333333333 28.4604166666667 0 0 0 "JU" 1994
12 1995 5.55 28.7025 0 0 0 "JU" 1995
12 1996 5.58421052631579 28.4 0 0 0 "JU" 1996
12 1997 0.435714285714286 29.3821428571429 0 0 0 "JU" 1997
12 1998 0.0625 29.071875 0 0 0 "JU" 1998
12 1999 3.57142857142857 28.6178571428571 0 0 0 "JU" 1999
12 2000 1 28.0375 0 0 0 "JU" 2000
12 2001 8.12 27.45 0 0 0 "JU" 2001
12 2003 17.1722222222222 28.7555555555556 0 0 0 "JU" 2003
12 2004 0 28.05 0 0 0 "JU" 2004
12 2005 0.2 29.16 0 0 0 "JU" 2005
12 2006 3.01428571428571 28.7571428571429 0 0 0 "JU" 2006
12 2007 1.17272727272727 28.65 0 0 0 "JU" 2007
12 2008 0 29.25 0 0 0 "JU" 2008
12 2009 1.21111111111111 29.3944444444444 0 0 0 "JU" 2009
12 2010 4.76666666666667 28.8444444444444 0 0 0 "JU" 2010
12 2011 0.921052631578947 29.3552631578947 0 0 0 "JU" 2011
12 2012 9.78888888888889 28.4555555555556 0 0 0 "JU" 2012
12 2014 4.21428571428571 29.25 0 0 0 "JU" 2014
12 2016 4.76 29.535 0 0 0 "JU" 2016
12 2017 17.025 27.4125 0 0 0 "JU" 2017
