"MONTH" "YEAR" "ave_precip_mo" "ave_mo_t" "opium_t" "mj_t" "coca_t" "fips" "year"
1 1979 0 29 0 0 0 "KR" 1979
1 1981 4.7 26.5 0 0 0 "KR" 1981
1 1982 4.05 27.4 0 0 0 "KR" 1982
1 1983 0.430769230769231 28.5692307692308 0 0 0 "KR" 1983
1 1984 0.928571428571429 27.7928571428571 0 0 0 "KR" 1984
1 1985 0.24 28.5633333333333 0 0 0 "KR" 1985
1 1986 2.02857142857143 28.9 0 0 0 "KR" 1986
1 1987 3.68 28.52 0 0 0 "KR" 1987
1 1988 2.9 28.459375 0 0 0 "KR" 1988
1 1989 0.2 27.8346153846154 0 0 0 "KR" 1989
1 1990 8.17142857142857 27.7928571428571 0 0 0 "KR" 1990
1 1991 8.19230769230769 28.5115384615385 0 0 0 "KR" 1991
1 1992 4.03636363636364 28.0795454545455 0 0 0 "KR" 1992
1 1993 4.8 28.0958333333333 0 0 0 "KR" 1993
1 1994 4.98 28.66 0 0 0 "KR" 1994
1 1995 35.1 27.35 0 0 0 "KR" 1995
1 1996 0.0625 28.6 0 0 0 "KR" 1996
1 1997 0 29.1666666666667 0 0 0 "KR" 1997
1 1998 0 28.7 0 0 0 "KR" 1998
1 2000 1.22857142857143 27.8642857142857 0 0 0 "KR" 2000
1 2001 21.8 27.7 0 0 0 "KR" 2001
1 2003 1.16666666666667 28.6333333333333 0 0 0 "KR" 2003
1 2004 2.15454545454545 28.9045454545455 0 0 0 "KR" 2004
1 2005 33.9333333333333 28.45 0 0 0 "KR" 2005
1 2006 0 29.1428571428571 0 0 0 "KR" 2006
1 2007 18.3444444444444 28.25 0 0 0 "KR" 2007
1 2008 0 28.1818181818182 0 0 0 "KR" 2008
1 2009 1.86666666666667 28.0333333333333 0 0 0 "KR" 2009
1 2010 12.8285714285714 27.9857142857143 0 0 0 "KR" 2010
1 2011 2 28.0375 0 0 0 "KR" 2011
1 2013 0 28.8125 0 0 0 "KR" 2013
1 2014 6.16 28.195 0 0 0 "KR" 2014
1 2015 15.9777777777778 28.7 0 0 0 "KR" 2015
1 2017 2.28333333333333 29.1055555555556 0 0 0 "KR" 2017
2 1979 10.9 29 0 0 0 "KR" 1979
2 1980 0 29 0 0 0 "KR" 1980
2 1982 0.357142857142857 28.3428571428571 0 0 0 "KR" 1982
2 1983 0.266666666666667 28.7866666666667 0 0 0 "KR" 1983
2 1984 0 27.9 0 0 0 "KR" 1984
2 1985 1.62105263157895 28.3289473684211 0 0 0 "KR" 1985
2 1986 0.0375 28.10625 0 0 0 "KR" 1986
2 1987 21.1461538461538 28.0846153846154 0 0 0 "KR" 1987
2 1988 8.50714285714286 28.2428571428571 0 0 0 "KR" 1988
2 1989 0 27.5958333333333 0 0 0 "KR" 1989
2 1990 0.06 28.645 0 0 0 "KR" 1990
2 1991 2.77142857142857 28.4642857142857 0 0 0 "KR" 1991
2 1992 4.565 28.555 0 0 0 "KR" 1992
2 1993 18.4333333333333 27.9055555555556 0 0 0 "KR" 1993
2 1994 0.1 27.7833333333333 0 0 0 "KR" 1994
2 1995 3.37142857142857 28.6142857142857 0 0 0 "KR" 1995
2 1996 4.775 27.8875 0 0 0 "KR" 1996
2 1997 9.72222222222222 28.2833333333333 0 0 0 "KR" 1997
2 1998 0 29.25 0 0 0 "KR" 1998
2 2000 1 27.425 0 0 0 "KR" 2000
2 2003 8.2 28.1285714285714 0 0 0 "KR" 2003
2 2006 0.2875 29.05 0 0 0 "KR" 2006
2 2007 5.8125 28.29375 0 0 0 "KR" 2007
2 2008 0 27.7590909090909 0 0 0 "KR" 2008
2 2009 5.2 27.9708333333333 0 0 0 "KR" 2009
2 2010 6 28.9125 0 0 0 "KR" 2010
2 2011 0 27.025 0 0 0 "KR" 2011
2 2013 2.8875 28.2625 0 0 0 "KR" 2013
2 2014 10.51 28.715 0 0 0 "KR" 2014
2 2015 8.91428571428571 29.0357142857143 0 0 0 "KR" 2015
2 2016 10.06 28.43 0 0 0 "KR" 2016
2 2017 0.952631578947368 28.6921052631579 0 0 0 "KR" 2017
3 1979 16 24 0 0 0 "KR" 1979
3 1980 0 29 0 0 0 "KR" 1980
3 1981 0.75 26.5 0 0 0 "KR" 1981
3 1982 0 28.8454545454545 0 0 0 "KR" 1982
3 1983 1.36428571428571 28.7535714285714 0 0 0 "KR" 1983
3 1984 2.23333333333333 27.8916666666667 0 0 0 "KR" 1984
3 1985 0 28.3857142857143 0 0 0 "KR" 1985
3 1986 1.04375 28.434375 0 0 0 "KR" 1986
3 1987 4.49333333333333 27.8766666666667 0 0 0 "KR" 1987
3 1988 3.56153846153846 28.3615384615385 0 0 0 "KR" 1988
3 1989 0.347058823529412 27.7235294117647 0 0 0 "KR" 1989
3 1990 3.73 28.54 0 0 0 "KR" 1990
3 1991 1.66666666666667 28.5416666666667 0 0 0 "KR" 1991
3 1992 5.37222222222222 28.2111111111111 0 0 0 "KR" 1992
3 1993 12.9 27.5875 0 0 0 "KR" 1993
3 1994 0.6 27.63 0 0 0 "KR" 1994
3 1995 0.666666666666667 28.9 0 0 0 "KR" 1995
3 1996 4.05 28.55 0 0 0 "KR" 1996
3 1997 0 28.325 0 0 0 "KR" 1997
3 1998 0 29.4666666666667 0 0 0 "KR" 1998
3 2001 8.9 26.8 0 0 0 "KR" 2001
3 2003 9.04 28.45 0 0 0 "KR" 2003
3 2005 15.8333333333333 28.3166666666667 0 0 0 "KR" 2005
3 2006 0 28.9 0 0 0 "KR" 2006
3 2007 14.26 28.16 0 0 0 "KR" 2007
3 2008 0.544444444444444 27.7222222222222 0 0 0 "KR" 2008
3 2009 9.6 28.3666666666667 0 0 0 "KR" 2009
3 2010 19.2 27.9714285714286 0 0 0 "KR" 2010
3 2011 0 28.9 0 0 0 "KR" 2011
3 2013 0 28.7166666666667 0 0 0 "KR" 2013
3 2014 6.1 28.4928571428571 0 0 0 "KR" 2014
3 2015 5.45 28.35 0 0 0 "KR" 2015
3 2016 22.6666666666667 28.775 0 0 0 "KR" 2016
3 2017 2.88888888888889 28.4388888888889 0 0 0 "KR" 2017
4 1982 3.18888888888889 28.6555555555556 0 0 0 "KR" 1982
4 1983 1.15294117647059 28.7441176470588 0 0 0 "KR" 1983
4 1984 7.61666666666667 27.5 0 0 0 "KR" 1984
4 1985 0.138461538461538 28.1153846153846 0 0 0 "KR" 1985
4 1986 0.553846153846154 28.1307692307692 0 0 0 "KR" 1986
4 1987 8.53636363636364 27.4136363636364 0 0 0 "KR" 1987
4 1988 1.94705882352941 28.2529411764706 0 0 0 "KR" 1988
4 1989 0.80625 27.959375 0 0 0 "KR" 1989
4 1990 9.82777777777778 27.9333333333333 0 0 0 "KR" 1990
4 1991 3.1 28.7571428571429 0 0 0 "KR" 1991
4 1992 11.86 27.925 0 0 0 "KR" 1992
4 1993 21.9 27.7166666666667 0 0 0 "KR" 1993
4 1994 0.383333333333333 28.1083333333333 0 0 0 "KR" 1994
4 1995 0 28.45 0 0 0 "KR" 1995
4 1996 1.86666666666667 28.1 0 0 0 "KR" 1996
4 1997 5.68 27.58 0 0 0 "KR" 1997
4 1998 1.5 29.3 0 0 0 "KR" 1998
4 2003 4.2 28.8357142857143 0 0 0 "KR" 2003
4 2005 0 29.75 0 0 0 "KR" 2005
4 2006 3.56666666666667 28.5166666666667 0 0 0 "KR" 2006
4 2007 3.51666666666667 28.1833333333333 0 0 0 "KR" 2007
4 2008 0.111111111111111 28.3777777777778 0 0 0 "KR" 2008
4 2009 1.49411764705882 28.7147058823529 0 0 0 "KR" 2009
4 2010 3.56666666666667 28.4666666666667 0 0 0 "KR" 2010
4 2013 9.66 28.18 0 0 0 "KR" 2013
4 2014 12.9818181818182 27.8409090909091 0 0 0 "KR" 2014
4 2016 9.51666666666667 29.2375 0 0 0 "KR" 2016
4 2017 2.23125 29.125 0 0 0 "KR" 2017
5 1981 16 29 0 0 0 "KR" 1981
5 1982 2.37692307692308 28.5576923076923 0 0 0 "KR" 1982
5 1983 11.2230769230769 27.7846153846154 0 0 0 "KR" 1983
5 1984 0.1 27.4 0 0 0 "KR" 1984
5 1985 4.25 28.2675 0 0 0 "KR" 1985
5 1986 0.790909090909091 28.7272727272727 0 0 0 "KR" 1986
5 1987 6.75 28.125 0 0 0 "KR" 1987
5 1988 4.55555555555556 27.9333333333333 0 0 0 "KR" 1988
5 1989 3.15384615384615 27.8384615384615 0 0 0 "KR" 1989
5 1990 2.41111111111111 28.4555555555556 0 0 0 "KR" 1990
5 1991 5.4 28.6425 0 0 0 "KR" 1991
5 1992 7.0875 28.375 0 0 0 "KR" 1992
5 1993 16.0538461538462 27.6192307692308 0 0 0 "KR" 1993
5 1994 0 28.1 0 0 0 "KR" 1994
5 1995 0 28.825 0 0 0 "KR" 1995
5 1996 11.8166666666667 27.8083333333333 0 0 0 "KR" 1996
5 1997 1 28.8166666666667 0 0 0 "KR" 1997
5 1998 4.86666666666667 28.7583333333333 0 0 0 "KR" 1998
5 2000 1 28.2 0 0 0 "KR" 2000
5 2001 29.2 27.55 0 0 0 "KR" 2001
5 2003 0.95 28.4833333333333 0 0 0 "KR" 2003
5 2004 18.6666666666667 28.6916666666667 0 0 0 "KR" 2004
5 2005 0 29.65 0 0 0 "KR" 2005
5 2006 2.28888888888889 28.9777777777778 0 0 0 "KR" 2006
5 2008 3.30833333333333 28.1125 0 0 0 "KR" 2008
5 2009 2.64615384615385 28.6115384615385 0 0 0 "KR" 2009
5 2010 2.575 29.08125 0 0 0 "KR" 2010
5 2012 19.3 27.75 0 0 0 "KR" 2012
5 2013 2.5125 28.76875 0 0 0 "KR" 2013
5 2014 4.125 28.7375 0 0 0 "KR" 2014
5 2016 5.11176470588235 28.8735294117647 0 0 0 "KR" 2016
5 2017 3.7875 29.25 0 0 0 "KR" 2017
6 1980 32 29 0 0 0 "KR" 1980
6 1981 5.1 29 0 0 0 "KR" 1981
6 1982 4.78 28.71 0 0 0 "KR" 1982
6 1983 8.48 27.72 0 0 0 "KR" 1983
6 1984 0.114285714285714 28.0285714285714 0 0 0 "KR" 1984
6 1985 1.47333333333333 28.1866666666667 0 0 0 "KR" 1985
6 1986 0 28.35 0 0 0 "KR" 1986
6 1987 16.2384615384615 27.7615384615385 0 0 0 "KR" 1987
6 1988 0 28.0285714285714 0 0 0 "KR" 1988
6 1989 0.271428571428571 27.8535714285714 0 0 0 "KR" 1989
6 1990 3.16666666666667 28.0083333333333 0 0 0 "KR" 1990
6 1991 4.62857142857143 28.45 0 0 0 "KR" 1991
6 1992 2.68125 28.465625 0 0 0 "KR" 1992
6 1993 5.65555555555556 27.8222222222222 0 0 0 "KR" 1993
6 1994 3.44285714285714 28.2285714285714 0 0 0 "KR" 1994
6 1995 0 29.85 0 0 0 "KR" 1995
6 1996 0.208333333333333 28.3541666666667 0 0 0 "KR" 1996
6 1997 4.86666666666667 27.8416666666667 0 0 0 "KR" 1997
6 1998 1.69166666666667 28.5583333333333 0 0 0 "KR" 1998
6 2000 1.86666666666667 27.6666666666667 0 0 0 "KR" 2000
6 2002 20.45 28.975 0 0 0 "KR" 2002
6 2003 0 28.7375 0 0 0 "KR" 2003
6 2004 5.12 27.82 0 0 0 "KR" 2004
6 2005 1.13333333333333 29.35 0 0 0 "KR" 2005
6 2006 4.98 28.69 0 0 0 "KR" 2006
6 2007 0 28.4 0 0 0 "KR" 2007
6 2008 0.933333333333333 28.275 0 0 0 "KR" 2008
6 2009 5.975 28.65625 0 0 0 "KR" 2009
6 2010 6.15 28.9875 0 0 0 "KR" 2010
6 2013 0.222222222222222 28.6333333333333 0 0 0 "KR" 2013
6 2014 10.91 28.695 0 0 0 "KR" 2014
6 2016 5.5375 29.3625 0 0 0 "KR" 2016
7 1980 0 25.5 0 0 0 "KR" 1980
7 1982 21.95 27.3416666666667 0 0 0 "KR" 1982
7 1983 8.36666666666667 28.0375 0 0 0 "KR" 1983
7 1985 1.33529411764706 28.0294117647059 0 0 0 "KR" 1985
7 1986 3.76 27.94 0 0 0 "KR" 1986
7 1987 3.28823529411765 27.5352941176471 0 0 0 "KR" 1987
7 1988 0.292307692307692 28.1576923076923 0 0 0 "KR" 1988
7 1989 0.235294117647059 28.3470588235294 0 0 0 "KR" 1989
7 1990 3.79444444444444 28.3111111111111 0 0 0 "KR" 1990
7 1991 5.82352941176471 28.35 0 0 0 "KR" 1991
7 1992 0.746666666666667 28.21 0 0 0 "KR" 1992
7 1993 2.28 27.65 0 0 0 "KR" 1993
7 1994 3.4 28.42 0 0 0 "KR" 1994
7 1995 0 28.7833333333333 0 0 0 "KR" 1995
7 1996 0.945454545454545 28.1045454545455 0 0 0 "KR" 1996
7 1997 3.15 27.8916666666667 0 0 0 "KR" 1997
7 1998 0.0714285714285714 28.7928571428571 0 0 0 "KR" 1998
7 2002 0 29.1 0 0 0 "KR" 2002
7 2003 0.666666666666667 29.1833333333333 0 0 0 "KR" 2003
7 2004 1 28.0333333333333 0 0 0 "KR" 2004
7 2005 4.82222222222222 28.6222222222222 0 0 0 "KR" 2005
7 2006 0.416666666666667 28.9041666666667 0 0 0 "KR" 2006
7 2007 1.22 28.815 0 0 0 "KR" 2007
7 2008 2.28125 28.559375 0 0 0 "KR" 2008
7 2009 7.34545454545455 28.3272727272727 0 0 0 "KR" 2009
7 2010 5.47142857142857 28.6357142857143 0 0 0 "KR" 2010
7 2011 0 28.35 0 0 0 "KR" 2011
7 2012 0 28.175 0 0 0 "KR" 2012
7 2013 0.0375 28.525 0 0 0 "KR" 2013
7 2014 11.2166666666667 28.6125 0 0 0 "KR" 2014
7 2016 3.075 28.775 0 0 0 "KR" 2016
7 2018 5.3 29.35 0 0 0 "KR" 2018
8 1982 8.98125 28.015625 0 0 0 "KR" 1982
8 1983 0.944444444444444 28.425 0 0 0 "KR" 1983
8 1984 4.15 27.9166666666667 0 0 0 "KR" 1984
8 1985 2.64 28.13 0 0 0 "KR" 1985
8 1986 0.506666666666667 28.2333333333333 0 0 0 "KR" 1986
8 1987 5.06875 28.0875 0 0 0 "KR" 1987
8 1988 0.166666666666667 28.4444444444444 0 0 0 "KR" 1988
8 1989 0.333333333333333 28.3 0 0 0 "KR" 1989
8 1990 5.62 28.16 0 0 0 "KR" 1990
8 1991 11.2631578947368 28.0710526315789 0 0 0 "KR" 1991
8 1992 2.36 28.48 0 0 0 "KR" 1992
8 1993 5 28 0 0 0 "KR" 1993
8 1994 4 28.67 0 0 0 "KR" 1994
8 1995 0 29 0 0 0 "KR" 1995
8 1996 0.418181818181818 28.8090909090909 0 0 0 "KR" 1996
8 1997 0 29.25 0 0 0 "KR" 1997
8 1998 0 28.60625 0 0 0 "KR" 1998
8 2002 9.5 27.5 0 0 0 "KR" 2002
8 2003 0.6375 28.45 0 0 0 "KR" 2003
8 2004 0.433333333333333 28.5666666666667 0 0 0 "KR" 2004
8 2005 3.7 29 0 0 0 "KR" 2005
8 2006 12.8571428571429 28.4142857142857 0 0 0 "KR" 2006
8 2007 0 28.7142857142857 0 0 0 "KR" 2007
8 2008 2.70769230769231 28.1846153846154 0 0 0 "KR" 2008
8 2009 10.25 28.175 0 0 0 "KR" 2009
8 2010 0.25 28.075 0 0 0 "KR" 2010
8 2011 0.3 27.7 0 0 0 "KR" 2011
8 2012 7.1 28 0 0 0 "KR" 2012
8 2013 1.38 28.29 0 0 0 "KR" 2013
8 2014 2.84545454545455 28.7909090909091 0 0 0 "KR" 2014
8 2016 2.73529411764706 29.2558823529412 0 0 0 "KR" 2016
9 1982 2.65454545454545 28.4454545454545 0 0 0 "KR" 1982
9 1983 0.275 28.1875 0 0 0 "KR" 1983
9 1984 0 28.8375 0 0 0 "KR" 1984
9 1985 0.0909090909090909 28.6045454545455 0 0 0 "KR" 1985
9 1986 13.25 27.7333333333333 0 0 0 "KR" 1986
9 1987 1.13076923076923 28.2769230769231 0 0 0 "KR" 1987
9 1988 0.328571428571429 28.3892857142857 0 0 0 "KR" 1988
9 1989 0.66 28.205 0 0 0 "KR" 1989
9 1990 6.1 28.06875 0 0 0 "KR" 1990
9 1991 4.86 28.4233333333333 0 0 0 "KR" 1991
9 1992 3.08823529411765 28.4617647058824 0 0 0 "KR" 1992
9 1993 4.32307692307692 28.2038461538462 0 0 0 "KR" 1993
9 1994 6 28.19375 0 0 0 "KR" 1994
9 1995 0 29.05 0 0 0 "KR" 1995
9 1996 0.181818181818182 28.8454545454545 0 0 0 "KR" 1996
9 1997 0.942857142857143 28.2 0 0 0 "KR" 1997
9 1998 0 28.1714285714286 0 0 0 "KR" 1998
9 2002 4.3 27.9333333333333 0 0 0 "KR" 2002
9 2003 1.15714285714286 28.2642857142857 0 0 0 "KR" 2003
9 2004 0.5 27.75 0 0 0 "KR" 2004
9 2005 9.17 28.78 0 0 0 "KR" 2005
9 2007 0 29.1428571428571 0 0 0 "KR" 2007
9 2008 0.125 28.75 0 0 0 "KR" 2008
9 2009 6.51666666666667 28.8333333333333 0 0 0 "KR" 2009
9 2010 0.133333333333333 27.96 0 0 0 "KR" 2010
9 2012 15.125 28.6625 0 0 0 "KR" 2012
9 2013 3.7 28.3357142857143 0 0 0 "KR" 2013
9 2014 1.95714285714286 29.2214285714286 0 0 0 "KR" 2014
9 2016 0.927272727272727 29.6545454545455 0 0 0 "KR" 2016
10 1981 0 32.5 0 0 0 "KR" 1981
10 1982 13.4071428571429 27.7035714285714 0 0 0 "KR" 1982
10 1983 8.77857142857143 27.9964285714286 0 0 0 "KR" 1983
10 1984 0 28.6642857142857 0 0 0 "KR" 1984
10 1985 0 28.6454545454545 0 0 0 "KR" 1985
10 1986 4.15384615384615 28.2115384615385 0 0 0 "KR" 1986
10 1987 4.09285714285714 28.6928571428571 0 0 0 "KR" 1987
10 1988 0.1875 27.81875 0 0 0 "KR" 1988
10 1989 2.05 28.5041666666667 0 0 0 "KR" 1989
10 1990 0.115384615384615 29.2461538461538 0 0 0 "KR" 1990
10 1991 1.65 28.3625 0 0 0 "KR" 1991
10 1992 2.06 28.6933333333333 0 0 0 "KR" 1992
10 1993 6.9875 27.7625 0 0 0 "KR" 1993
10 1994 2.55 27.8625 0 0 0 "KR" 1994
10 1995 0.25 28.825 0 0 0 "KR" 1995
10 1996 0 28.73 0 0 0 "KR" 1996
10 1997 15.95 27.7625 0 0 0 "KR" 1997
10 1998 0 27.91 0 0 0 "KR" 1998
10 1999 0.125 28.3875 0 0 0 "KR" 1999
10 2002 3.56666666666667 27.65 0 0 0 "KR" 2002
10 2003 0.25 28.9875 0 0 0 "KR" 2003
10 2004 2.31666666666667 28.725 0 0 0 "KR" 2004
10 2005 3.93333333333333 29.3277777777778 0 0 0 "KR" 2005
10 2006 11.1 28.45 0 0 0 "KR" 2006
10 2007 0.142857142857143 28.2642857142857 0 0 0 "KR" 2007
10 2008 3.23636363636364 29.1045454545455 0 0 0 "KR" 2008
10 2009 12.4666666666667 28.9 0 0 0 "KR" 2009
10 2010 1.20625 28.278125 0 0 0 "KR" 2010
10 2012 0.3 28.85 0 0 0 "KR" 2012
10 2013 2.17272727272727 28.3545454545455 0 0 0 "KR" 2013
10 2014 4.94 28.3633333333333 0 0 0 "KR" 2014
10 2016 0.707692307692308 29.1730769230769 0 0 0 "KR" 2016
11 1981 0 29 0 0 0 "KR" 1981
11 1982 9.83333333333333 27.7861111111111 0 0 0 "KR" 1982
11 1983 0.0533333333333333 28.3633333333333 0 0 0 "KR" 1983
11 1984 0 28.2666666666667 0 0 0 "KR" 1984
11 1985 0 28.8291666666667 0 0 0 "KR" 1985
11 1986 11.0625 28.378125 0 0 0 "KR" 1986
11 1987 2.395 28.9725 0 0 0 "KR" 1987
11 1988 0.0384615384615385 27.9884615384615 0 0 0 "KR" 1988
11 1989 5.4875 28.528125 0 0 0 "KR" 1989
11 1990 5.86 28.545 0 0 0 "KR" 1990
11 1991 5.23846153846154 28.2307692307692 0 0 0 "KR" 1991
11 1992 2.09090909090909 28.1636363636364 0 0 0 "KR" 1992
11 1994 12.2 27.05 0 0 0 "KR" 1994
11 1995 0 28.475 0 0 0 "KR" 1995
11 1996 0.6 28.355 0 0 0 "KR" 1996
11 1997 7.84285714285714 28.2071428571429 0 0 0 "KR" 1997
11 1998 0 28.0642857142857 0 0 0 "KR" 1998
11 1999 0 28.2666666666667 0 0 0 "KR" 1999
11 2002 0 29.225 0 0 0 "KR" 2002
11 2003 1.35 28.8833333333333 0 0 0 "KR" 2003
11 2004 0 29.125 0 0 0 "KR" 2004
11 2005 0 29 0 0 0 "KR" 2005
11 2006 7.65 29.0375 0 0 0 "KR" 2006
11 2007 4.18333333333333 28.8333333333333 0 0 0 "KR" 2007
11 2008 1.8 28.76875 0 0 0 "KR" 2008
11 2009 3.73 28.92 0 0 0 "KR" 2009
11 2010 0 27.8692307692308 0 0 0 "KR" 2010
11 2012 0 28.0166666666667 0 0 0 "KR" 2012
11 2013 0.514285714285714 28.9214285714286 0 0 0 "KR" 2013
11 2014 0.0333333333333333 29.3722222222222 0 0 0 "KR" 2014
11 2016 0.0277777777777778 28.8833333333333 0 0 0 "KR" 2016
12 1982 3.28571428571429 28.0678571428571 0 0 0 "KR" 1982
12 1983 2.98823529411765 28.4735294117647 0 0 0 "KR" 1983
12 1984 0 28.5375 0 0 0 "KR" 1984
12 1985 0.5 27.55 0 0 0 "KR" 1985
12 1986 7.40769230769231 27.3153846153846 0 0 0 "KR" 1986
12 1987 1.15384615384615 28.9653846153846 0 0 0 "KR" 1987
12 1988 0.426666666666667 27.69 0 0 0 "KR" 1988
12 1989 3.8 27.93 0 0 0 "KR" 1989
12 1990 8.0875 28.225 0 0 0 "KR" 1990
12 1991 6.64666666666667 28.2266666666667 0 0 0 "KR" 1991
12 1992 20.8285714285714 27.9857142857143 0 0 0 "KR" 1992
12 1993 1.5 28.3 0 0 0 "KR" 1993
12 1994 12.15 28.35625 0 0 0 "KR" 1994
12 1995 0.125 27.8125 0 0 0 "KR" 1995
12 1996 0 28.4666666666667 0 0 0 "KR" 1996
12 1997 6.82222222222222 28.4555555555556 0 0 0 "KR" 1997
12 1998 0.222222222222222 28.1833333333333 0 0 0 "KR" 1998
12 1999 0.171428571428571 28.3785714285714 0 0 0 "KR" 1999
12 2001 43.7 27.4 0 0 0 "KR" 2001
12 2002 26.05 26.025 0 0 0 "KR" 2002
12 2003 3.05555555555556 29.3222222222222 0 0 0 "KR" 2003
12 2004 1.74 28.39 0 0 0 "KR" 2004
12 2005 9 29.17 0 0 0 "KR" 2005
12 2006 18.3583333333333 28.3 0 0 0 "KR" 2006
12 2007 0.626666666666667 28.6 0 0 0 "KR" 2007
12 2008 10 28.2375 0 0 0 "KR" 2008
12 2009 25.2 27.5846153846154 0 0 0 "KR" 2009
12 2010 0.2 27.705 0 0 0 "KR" 2010
12 2012 1.275 28.3 0 0 0 "KR" 2012
12 2013 4.31111111111111 29.4277777777778 0 0 0 "KR" 2013
12 2014 6.18181818181818 28.8590909090909 0 0 0 "KR" 2014
12 2016 5.81 28.18 0 0 0 "KR" 2016
1 1973 16.9806451612903 28.1451612903226 0 0 0 "KR" 1973
1 1974 0 27.4822580645161 0 0 0 "KR" 1974
1 1975 0.786206896551724 28.3948275862069 0 0 0 "KR" 1975
1 1976 0.0875 27.09375 0 0 0 "KR" 1976
1 1978 3.22608695652174 29.7282608695652 0 0 0 "KR" 1978
1 1979 12.6708333333333 27.6625 0 0 0 "KR" 1979
2 1973 10.25 28.2464285714286 0 0 0 "KR" 1973
2 1974 0.0851851851851852 28.1185185185185 0 0 0 "KR" 1974
2 1975 0.545454545454545 28.3409090909091 0 0 0 "KR" 1975
2 1976 0.0227272727272727 26.7477272727273 0 0 0 "KR" 1976
2 1977 3.15833333333333 29.2875 0 0 0 "KR" 1977
2 1978 1.89 29.5125 0 0 0 "KR" 1978
2 1979 4.98695652173913 27.9152173913043 0 0 0 "KR" 1979
3 1973 7.58709677419355 29.108064516129 0 0 0 "KR" 1973
3 1974 0.548387096774194 28.2403225806452 0 0 0 "KR" 1974
3 1975 1.408 28.436 0 0 0 "KR" 1975
3 1976 3.36086956521739 27.4304347826087 0 0 0 "KR" 1976
3 1977 11.9521739130435 29.045652173913 0 0 0 "KR" 1977
3 1978 0.468 29.606 0 0 0 "KR" 1978
3 1979 1.88846153846154 28.6692307692308 0 0 0 "KR" 1979
4 1973 1.13666666666667 29.4766666666667 0 0 0 "KR" 1973
4 1974 2.31333333333333 28.6616666666667 0 0 0 "KR" 1974
4 1975 0.508333333333333 28.51875 0 0 0 "KR" 1975
4 1976 1.00434782608696 27.804347826087 0 0 0 "KR" 1976
4 1977 9.61739130434783 29.0608695652174 0 0 0 "KR" 1977
4 1978 0.582608695652174 28.9478260869565 0 0 0 "KR" 1978
4 1979 0.873913043478261 28.6478260869565 0 0 0 "KR" 1979
5 1973 1.08709677419355 28.9241935483871 0 0 0 "KR" 1973
5 1974 1.73225806451613 28.3451612903226 0 0 0 "KR" 1974
5 1975 2.09545454545455 27.7568181818182 0 0 0 "KR" 1975
5 1976 1.63478260869565 27.8826086956522 0 0 0 "KR" 1976
5 1977 2.43636363636364 29.4727272727273 0 0 0 "KR" 1977
5 1978 0.776 29.366 0 0 0 "KR" 1978
5 1979 0.675 28.43125 0 0 0 "KR" 1979
6 1972 0.733333333333333 29.5066666666667 0 0 0 "KR" 1972
6 1973 0.286666666666667 29.0966666666667 0 0 0 "KR" 1973
6 1974 2.44 28.2783333333333 0 0 0 "KR" 1974
6 1975 1.61 26.965 0 0 0 "KR" 1975
6 1976 2.28260869565217 27.6108695652174 0 0 0 "KR" 1976
6 1977 3.1375 28.8895833333333 0 0 0 "KR" 1977
6 1978 0.7 28.498 0 0 0 "KR" 1978
6 1979 4.2695652173913 27.9173913043478 0 0 0 "KR" 1979
7 1972 6.45483870967742 28.9596774193548 0 0 0 "KR" 1972
7 1973 0.745161290322581 28.2790322580645 0 0 0 "KR" 1973
7 1974 3.25483870967742 27.7048387096774 0 0 0 "KR" 1974
7 1975 0.219354838709677 27.091935483871 0 0 0 "KR" 1975
7 1976 2.89615384615385 28.8096153846154 0 0 0 "KR" 1976
7 1977 4.94761904761905 29.2547619047619 0 0 0 "KR" 1977
7 1978 0.252173913043478 28.3717391304348 0 0 0 "KR" 1978
8 1972 2.52258064516129 29.108064516129 0 0 0 "KR" 1972
8 1973 2.67096774193548 28.2387096774194 0 0 0 "KR" 1973
8 1974 0.9 27.8790322580645 0 0 0 "KR" 1974
8 1975 0.0967741935483871 27.3661290322581 0 0 0 "KR" 1975
8 1976 2.23461538461538 29.1326923076923 0 0 0 "KR" 1976
8 1977 5.42083333333333 29.425 0 0 0 "KR" 1977
8 1978 1.22083333333333 27.6395833333333 0 0 0 "KR" 1978
9 1972 4.48 29.3916666666667 0 0 0 "KR" 1972
9 1973 0.673333333333333 28.26 0 0 0 "KR" 1973
9 1974 1.18 28.0766666666667 0 0 0 "KR" 1974
9 1975 0.153333333333333 26.8916666666667 0 0 0 "KR" 1975
9 1976 2.63478260869565 27.9804347826087 0 0 0 "KR" 1976
9 1977 3.364 29.736 0 0 0 "KR" 1977
9 1978 1.06190476190476 28.1333333333333 0 0 0 "KR" 1978
10 1972 13.8258064516129 28.4870967741935 0 0 0 "KR" 1972
10 1973 0.167741935483871 28.2564516129032 0 0 0 "KR" 1973
10 1974 0.170967741935484 28.4677419354839 0 0 0 "KR" 1974
10 1975 0.0724137931034483 27.0327586206897 0 0 0 "KR" 1975
10 1976 1.98571428571429 28.9404761904762 0 0 0 "KR" 1976
10 1977 1.04285714285714 29.897619047619 0 0 0 "KR" 1977
10 1978 0.3 28.0913043478261 0 0 0 "KR" 1978
11 1972 10.43 28.29 0 0 0 "KR" 1972
11 1973 0.01 28.28 0 0 0 "KR" 1973
11 1974 0.0333333333333333 28.1866666666667 0 0 0 "KR" 1974
11 1975 0.0481481481481481 26.6351851851852 0 0 0 "KR" 1975
11 1976 0.786363636363636 29.2704545454545 0 0 0 "KR" 1976
11 1977 0.844 29.87 0 0 0 "KR" 1977
11 1978 0.0875 28.1416666666667 0 0 0 "KR" 1978
12 1972 13.7806451612903 28.5790322580645 0 0 0 "KR" 1972
12 1973 0.164516129032258 27.4967741935484 0 0 0 "KR" 1973
12 1974 0.396774193548387 28.0806451612903 0 0 0 "KR" 1974
12 1975 0.0214285714285714 26.3589285714286 0 0 0 "KR" 1975
12 1976 4.2 29.2344827586207 0 0 0 "KR" 1976
12 1977 15.4954545454545 28.9363636363636 0 0 0 "KR" 1977
12 1978 5.61666666666667 28.3104166666667 0 0 0 "KR" 1978
