"MONTH" "YEAR" "ave_precip_mo" "ave_mo_t" "opium_t" "mj_t" "coca_t" "fips" "year"
1 1981 0.5 16.025 0 0 0 "KU" 1981
1 1983 0 9.99285714285714 0 0 0 "KU" 1983
1 1984 0 12.642 0 0 0 "KU" 1984
1 1985 0 14.4148148148148 0 0 0 "KU" 1985
1 1986 0 12.9362068965517 0 0 0 "KU" 1986
1 1987 0 12.8116666666667 0 0 0 "KU" 1987
1 1988 0 11.3851851851852 0 0 0 "KU" 1988
1 1989 0 9.89333333333333 0 0 0 "KU" 1989
1 1990 0.457692307692308 11.1211538461538 0 0 0 "KU" 1990
1 1992 0.425925925925926 10.3814814814815 0 0 0 "KU" 1992
1 1993 0.692 11.714 0 0 0 "KU" 1993
1 1994 0 15.0086206896552 0 0 0 "KU" 1994
1 1995 0 14.3907407407407 0 0 0 "KU" 1995
1 1996 0 13.8229166666667 0 0 0 "KU" 1996
1 1997 0 13.975 0 0 0 "KU" 1997
1 1998 0 11.978 0 0 0 "KU" 1998
1 2000 13.2428571428571 12.7357142857143 0 0 0 "KU" 2000
1 2002 1.5 19.5 0 0 0 "KU" 2002
1 2008 0 13.275 0 0 0 "KU" 2008
2 1974 2.55 16.925 0 0 0 "KU" 1974
2 1980 1.5 18.375 0 0 0 "KU" 1980
2 1982 0 11.675 0 0 0 "KU" 1982
2 1983 0 13.5055555555556 0 0 0 "KU" 1983
2 1984 0 15.746 0 0 0 "KU" 1984
2 1985 0 13.5055555555556 0 0 0 "KU" 1985
2 1986 0 15.28125 0 0 0 "KU" 1986
2 1987 0 16.9537037037037 0 0 0 "KU" 1987
2 1988 0 15.21875 0 0 0 "KU" 1988
2 1989 0 11.68 0 0 0 "KU" 1989
2 1990 0.4125 13.3333333333333 0 0 0 "KU" 1990
2 1992 0.146153846153846 14.0557692307692 0 0 0 "KU" 1992
2 1993 0.104545454545455 14.5727272727273 0 0 0 "KU" 1993
2 1994 0 14.9592592592593 0 0 0 "KU" 1994
2 1995 0 15.734375 0 0 0 "KU" 1995
2 1996 0 16.7217391304348 0 0 0 "KU" 1996
2 1997 0 12.8615384615385 0 0 0 "KU" 1997
2 1998 0 14.7555555555556 0 0 0 "KU" 1998
2 2004 0 14.2166666666667 0 0 0 "KU" 2004
2 2008 9.9 13.2 0 0 0 "KU" 2008
2 2011 0 13 0 0 0 "KU" 2011
2 2012 0 17.75 0 0 0 "KU" 2012
3 1982 0 17.206 0 0 0 "KU" 1982
3 1983 0 16.2636363636364 0 0 0 "KU" 1983
3 1984 0 20.042 0 0 0 "KU" 1984
3 1985 0 18.0948275862069 0 0 0 "KU" 1985
3 1986 0 19.2758620689655 0 0 0 "KU" 1986
3 1987 0 18.85 0 0 0 "KU" 1987
3 1988 0 19.4388888888889 0 0 0 "KU" 1988
3 1989 0 19.0090909090909 0 0 0 "KU" 1989
3 1990 0.196153846153846 18.5903846153846 0 0 0 "KU" 1990
3 1992 0.15 16.715 0 0 0 "KU" 1992
3 1993 0.495 19.6975 0 0 0 "KU" 1993
3 1994 0 19.5314814814815 0 0 0 "KU" 1994
3 1995 0.825 19.4 0 0 0 "KU" 1995
3 1996 0 19.59 0 0 0 "KU" 1996
3 1997 0 16.8979166666667 0 0 0 "KU" 1997
3 1998 0 17.9979166666667 0 0 0 "KU" 1998
3 2011 16 14.1 0 0 0 "KU" 2011
3 2013 18 19.65 0 0 0 "KU" 2013
4 1982 0 26.268 0 0 0 "KU" 1982
4 1983 0 23.7238095238095 0 0 0 "KU" 1983
4 1984 0.0344827586206897 26.201724137931 0 0 0 "KU" 1984
4 1985 0 25.1803571428571 0 0 0 "KU" 1985
4 1986 0 25.3145833333333 0 0 0 "KU" 1986
4 1987 0 25.2425925925926 0 0 0 "KU" 1987
4 1988 0 25.2365384615385 0 0 0 "KU" 1988
4 1989 0 25.5482142857143 0 0 0 "KU" 1989
4 1990 0 25.712962962963 0 0 0 "KU" 1990
4 1992 0 24.6452380952381 0 0 0 "KU" 1992
4 1993 0.252 25.152 0 0 0 "KU" 1993
4 1994 0 27.172 0 0 0 "KU" 1994
4 1995 0 24.4022727272727 0 0 0 "KU" 1995
4 1996 0 24.6763157894737 0 0 0 "KU" 1996
4 1997 0 23.162962962963 0 0 0 "KU" 1997
4 1998 0 25.6533333333333 0 0 0 "KU" 1998
4 2013 27.05 24.55 0 0 0 "KU" 2013
5 1982 0 32.4552631578947 0 0 0 "KU" 1982
5 1983 0 32.0708333333333 0 0 0 "KU" 1983
5 1984 0 29.9134615384615 0 0 0 "KU" 1984
5 1985 0 31.7133333333333 0 0 0 "KU" 1985
5 1986 0 29.9527777777778 0 0 0 "KU" 1986
5 1987 0 33.1672413793103 0 0 0 "KU" 1987
5 1988 0 32.0612903225806 0 0 0 "KU" 1988
5 1989 0 32.2866666666667 0 0 0 "KU" 1989
5 1990 0 32.985 0 0 0 "KU" 1990
5 1992 0 31.5736842105263 0 0 0 "KU" 1992
5 1993 0 31.724 0 0 0 "KU" 1993
5 1994 0 32.1982142857143 0 0 0 "KU" 1994
5 1995 0 31.2862068965517 0 0 0 "KU" 1995
5 1996 0 32.9017857142857 0 0 0 "KU" 1996
5 1997 4.40333333333333 31.5816666666667 0 0 0 "KU" 1997
5 1998 0 31.9333333333333 0 0 0 "KU" 1998
6 1982 0 35.9142857142857 0 0 0 "KU" 1982
6 1983 0 36.0172413793103 0 0 0 "KU" 1983
6 1984 0 35.0711538461538 0 0 0 "KU" 1984
6 1985 0 35.2733333333333 0 0 0 "KU" 1985
6 1986 0 34.12 0 0 0 "KU" 1986
6 1987 0 35.74 0 0 0 "KU" 1987
6 1988 0 35.0083333333333 0 0 0 "KU" 1988
6 1989 0 35.73 0 0 0 "KU" 1989
6 1990 0 36.5083333333333 0 0 0 "KU" 1990
6 1992 0 36.3444444444444 0 0 0 "KU" 1992
6 1993 0 35.7416666666667 0 0 0 "KU" 1993
6 1994 0 36.0851851851852 0 0 0 "KU" 1994
6 1995 0 35.7033333333333 0 0 0 "KU" 1995
6 1996 0 35.9844827586207 0 0 0 "KU" 1996
6 1997 0 36.0142857142857 0 0 0 "KU" 1997
6 1998 0 37.63 0 0 0 "KU" 1998
7 1982 0 36.8586206896552 0 0 0 "KU" 1982
7 1983 0 38.3466666666667 2 0 0 "KU" 1983
7 1984 0 37.9564516129032 0 0 0 "KU" 1984
7 1985 0 36.3189655172414 0 0 0 "KU" 1985
7 1986 0 38.3016129032258 1 0 0 "KU" 1986
7 1987 0 37.9362068965517 0 0 0 "KU" 1987
7 1988 0 37.0951612903226 0 0 0 "KU" 1988
7 1989 0 38.7532258064516 0 0 0 "KU" 1989
7 1990 0 39.2034482758621 2 1 0 "KU" 1990
7 1991 0 38.3611111111111 0 0 0 "KU" 1991
7 1992 0 36.37 0 0 0 "KU" 1992
7 1993 0 38.4066666666667 0 0 0 "KU" 1993
7 1994 3.7 37.3166666666667 0 0 0 "KU" 1994
7 1995 0 37.4209677419355 0 0 0 "KU" 1995
7 1996 0 38.0321428571429 0 0 0 "KU" 1996
7 1997 0 37.5112903225806 0 0 0 "KU" 1997
7 1998 0 38.2435483870968 0 0 0 "KU" 1998
7 2001 29.95 36.95 0 0 0 "KU" 2001
8 1982 0 35.9413793103448 0 0 0 "KU" 1982
8 1983 0 36.1155172413793 0 0 0 "KU" 1983
8 1984 0 34.3870967741936 0 0 0 "KU" 1984
8 1985 0 36.5048387096774 0 0 0 "KU" 1985
8 1986 0 37.4612903225806 0 0 0 "KU" 1986
8 1987 0 37.0193548387097 1 0 0 "KU" 1987
8 1988 0 36.6709677419355 0 0 0 "KU" 1988
8 1989 0 37.398275862069 0 0 0 "KU" 1989
8 1990 0 35.4 0 0 0 "KU" 1990
8 1991 0 37.1625 0 0 0 "KU" 1991
8 1993 0 37.362962962963 1 1 0 "KU" 1993
8 1994 0 36.5775862068966 0 0 0 "KU" 1994
8 1995 0 37.2516129032258 0 0 0 "KU" 1995
8 1996 0 38.1592592592593 0 0 0 "KU" 1996
8 1997 0 36.5338709677419 0 0 0 "KU" 1997
8 1998 0 39.0566666666667 2 0 0 "KU" 1998
9 1982 0 33.9267857142857 0 0 0 "KU" 1982
9 1983 0 32.0410714285714 0 0 0 "KU" 1983
9 1984 0 33.3017857142857 0 0 0 "KU" 1984
9 1985 0 32.7516666666667 0 0 0 "KU" 1985
9 1986 0 33.225 0 0 0 "KU" 1986
9 1987 0 33.8689655172414 0 0 0 "KU" 1987
9 1988 0 33.25 0 0 0 "KU" 1988
9 1989 0 32.3966666666667 0 0 0 "KU" 1989
9 1991 0 34.0555555555556 0 0 0 "KU" 1991
9 1993 0 33.5948275862069 0 0 0 "KU" 1993
9 1994 0 33.4344827586207 0 0 0 "KU" 1994
9 1995 0 32.3403846153846 0 0 0 "KU" 1995
9 1996 0 34.3086206896552 0 0 0 "KU" 1996
9 1997 0 33.7714285714286 0 0 0 "KU" 1997
9 1998 0 35.0066666666667 0 0 0 "KU" 1998
10 1982 0 27.6264705882353 0 0 0 "KU" 1982
10 1983 0 25.0166666666667 0 0 0 "KU" 1983
10 1984 0 25.9741935483871 0 0 0 "KU" 1984
10 1985 0 26.35 0 0 0 "KU" 1985
10 1986 0 29.4209677419355 0 0 0 "KU" 1986
10 1987 0 27.7821428571429 0 0 0 "KU" 1987
10 1988 0 28.3403225806452 0 0 0 "KU" 1988
10 1989 0 27.5016129032258 0 0 0 "KU" 1989
10 1991 0 27.854 0 0 0 "KU" 1991
10 1993 2.99230769230769 28.1461538461538 0 0 0 "KU" 1993
10 1994 0 28.475 0 0 0 "KU" 1994
10 1995 0 26.7793103448276 0 0 0 "KU" 1995
10 1996 0 26.8564516129032 0 0 0 "KU" 1996
10 1997 0 29.24 0 0 0 "KU" 1997
10 1998 0 27.6854838709677 0 0 0 "KU" 1998
10 1999 0 30.1090909090909 0 0 0 "KU" 1999
11 1982 0 15.6931818181818 0 0 0 "KU" 1982
11 1983 0 21.3333333333333 0 0 0 "KU" 1983
11 1984 0 20.9068181818182 0 0 0 "KU" 1984
11 1985 0 20.8166666666667 0 0 0 "KU" 1985
11 1986 0 18.3296296296296 0 0 0 "KU" 1986
11 1987 0 20.3716666666667 0 0 0 "KU" 1987
11 1988 0 19.6448275862069 0 0 0 "KU" 1988
11 1989 0.544444444444444 20.462962962963 0 0 0 "KU" 1989
11 1991 0 22.5965517241379 0 0 0 "KU" 1991
11 1992 0.457142857142857 20.7428571428571 0 0 0 "KU" 1992
11 1993 0 19.7962962962963 0 0 0 "KU" 1993
11 1994 0 21.7157894736842 0 0 0 "KU" 1994
11 1995 0 20.035 0 0 0 "KU" 1995
11 1996 0 20.7 0 0 0 "KU" 1996
11 1997 0 21.0689655172414 0 0 0 "KU" 1997
11 1998 0 22.06 0 0 0 "KU" 1998
11 1999 0 19.3375 0 0 0 "KU" 1999
11 2000 3.08 18.92 0 0 0 "KU" 2000
11 2001 0.8 16.05 0 0 0 "KU" 2001
12 1982 0 11.09375 0 0 0 "KU" 1982
12 1983 0.448275862068966 14.7931034482759 0 0 0 "KU" 1983
12 1984 0 12.3557692307692 0 0 0 "KU" 1984
12 1985 0 14.1423076923077 0 0 0 "KU" 1985
12 1986 0 12.3655172413793 0 0 0 "KU" 1986
12 1987 0 14.8678571428571 0 0 0 "KU" 1987
12 1988 0 14.2796296296296 0 0 0 "KU" 1988
12 1989 0.792592592592593 13.1981481481481 0 0 0 "KU" 1989
12 1991 0.242857142857143 15.0238095238095 0 0 0 "KU" 1991
12 1992 0 14.1275 0 0 0 "KU" 1992
12 1993 0 15.4903846153846 0 0 0 "KU" 1993
12 1994 0 11.6954545454545 0 0 0 "KU" 1994
12 1995 0 14.5108695652174 0 0 0 "KU" 1995
12 1996 0 16.8392857142857 0 0 0 "KU" 1996
12 1997 0 15.1017857142857 0 0 0 "KU" 1997
12 1998 2.55925925925926 17.0722222222222 0 0 0 "KU" 1998
12 1999 0 15.7166666666667 0 0 0 "KU" 1999
12 2000 5.1 15.55 0 0 0 "KU" 2000
12 2001 1.275 18.25 0 0 0 "KU" 2001
12 2002 0 17.95 0 0 0 "KU" 2002
12 2007 0 14.75 0 0 0 "KU" 2007
12 2012 98 14.35 0 0 0 "KU" 2012
1 1981 6.975 15.75 0 0 0 "KU" 1981
1 2017 0.06 15.03 0 0 0 "KU" 2017
2 1980 3 17 0 0 0 "KU" 1980
2 2017 0.575 12.8583333333333 0 0 0 "KU" 2017
3 1980 2.05 15 0 0 0 "KU" 1980
3 1981 103 16.625 0 0 0 "KU" 1981
3 2017 1.48823529411765 19.3735294117647 0 0 0 "KU" 2017
4 2017 0.0571428571428571 24.7285714285714 0 0 0 "KU" 2017
5 2016 0 31.8833333333333 0 0 0 "KU" 2016
5 2017 0.108333333333333 31.3166666666667 0 0 0 "KU" 2017
6 2016 0 37.79 0 0 0 "KU" 2016
6 2017 0.0818181818181818 36.1818181818182 0 0 0 "KU" 2017
7 2016 0.04 38.5966666666667 0 0 0 "KU" 2016
7 2017 1.3 37.4625 0 0 0 "KU" 2017
8 1981 76.95 23.5 0 0 0 "KU" 1981
8 2016 0 39.15 0 0 0 "KU" 2016
8 2017 0 35.73 0 0 0 "KU" 2017
9 1980 38.5 19.75 0 0 0 "KU" 1980
9 2016 0.05 33.795 0 0 0 "KU" 2016
9 2017 0 31.8083333333333 0 0 0 "KU" 2017
10 2016 0 27.1 0 0 0 "KU" 2016
10 2017 0 28.45 0 0 0 "KU" 2017
11 1980 0 17.5 0 0 0 "KU" 1980
11 1981 0 15.5 0 0 0 "KU" 1981
11 2016 0.0714285714285714 18.5071428571429 0 0 0 "KU" 2016
11 2017 1.15 19.2083333333333 0 0 0 "KU" 2017
12 1981 37.95 13.75 0 0 0 "KU" 1981
12 2016 1.2 15.9090909090909 0 0 0 "KU" 2016
12 2017 0 15.9 0 0 0 "KU" 2017
1 2017 0 14.05 0 0 0 "KU" 2017
1 2018 0 15 0 0 0 "KU" 2018
1 2019 2.48461538461538 15.7961538461538 0 0 0 "KU" 2019
2 2017 0.516666666666667 13.55 0 0 0 "KU" 2017
2 2018 2.77272727272727 18.4454545454545 0 0 0 "KU" 2018
3 1980 1 24.5 0 0 0 "KU" 1980
3 2017 2.84736842105263 20.2394736842105 0 0 0 "KU" 2017
3 2018 0.075 22.875 0 0 0 "KU" 2018
4 2017 0.26 25.27 0 0 0 "KU" 2017
5 2016 0 32.35 0 0 0 "KU" 2016
5 2017 0.133333333333333 32.6916666666667 0 0 0 "KU" 2017
6 2016 0 33.55 0 0 0 "KU" 2016
6 2017 0.06 36.25 0 0 0 "KU" 2017
6 2018 0.0666666666666667 36.7611111111111 0 0 0 "KU" 2018
7 2017 0 40.16 0 0 0 "KU" 2017
7 2018 1.23076923076923 37.4346153846154 0 0 0 "KU" 2018
8 2016 0 38.85 0 0 0 "KU" 2016
8 2017 0 39.1125 0 0 0 "KU" 2017
8 2018 0.06 37.19 0 0 0 "KU" 2018
9 1980 0 30.5 0 0 0 "KU" 1980
9 2017 0 33.35 0 0 0 "KU" 2017
9 2018 0 39.3 0 0 0 "KU" 2018
10 2017 0 27.35 0 0 0 "KU" 2017
10 2018 1.275 26.25625 0 0 0 "KU" 2018
11 1980 15.5 22.75 0 0 0 "KU" 1980
11 1981 1.5 21.75 0 0 0 "KU" 1981
11 2016 3.3 16.16 0 0 0 "KU" 2016
11 2017 0.6 18.56 0 0 0 "KU" 2017
11 2018 7.32666666666667 18.51 0 0 0 "KU" 2018
12 1982 257 17.3 0 0 0 "KU" 1982
12 2016 1.1 15.65 0 0 0 "KU" 2016
12 2017 0 11.4 0 0 0 "KU" 2017
12 2018 0.285714285714286 15.1 0 0 0 "KU" 2018
1 1978 1.5 27.75 0 0 0 "KU" 1978
1 1981 1 25.5 0 0 0 "KU" 1981
2 1979 1 25 0 0 0 "KU" 1979
2 1981 0 26 0 0 0 "KU" 1981
3 1978 0 29 0 0 0 "KU" 1978
4 1981 2 30.5 0 0 0 "KU" 1981
5 1979 0.25 31 0 0 0 "KU" 1979
7 1979 2.05 34.25 0 0 0 "KU" 1979
10 1979 257 31 0 0 0 "KU" 1979
10 1980 0 31.5 0 0 0 "KU" 1980
12 1980 3 25 0 0 0 "KU" 1980
1 2010 0.48 18.485 0 0 0 "KU" 2010
1 2017 0 13.7 0 0 0 "KU" 2017
1 2018 0 17.2 0 0 0 "KU" 2018
1 2019 3.41818181818182 19.0181818181818 0 0 0 "KU" 2019
2 2010 1 20.425 0 0 0 "KU" 2010
2 2017 0.644444444444444 15.6944444444444 0 0 0 "KU" 2017
2 2018 2.95454545454545 20.4272727272727 0 0 0 "KU" 2018
3 2010 0.366666666666667 24.2166666666667 0 0 0 "KU" 2010
3 2017 3.3 20.485 0 0 0 "KU" 2017
3 2018 0.26 23.43 0 0 0 "KU" 2018
4 2010 0.4 27.325 0 0 0 "KU" 2010
4 2017 0.0666666666666667 26.8277777777778 0 0 0 "KU" 2017
5 2017 0.25 34.5 0 0 0 "KU" 2017
6 2017 0 39.48125 0 0 0 "KU" 2017
6 2018 0 39.55 0 0 0 "KU" 2018
7 2016 0.75 39.7 0 0 0 "KU" 2016
7 2018 0 38.5 0 0 0 "KU" 2018
8 2016 2.15 40.1875 1 0 0 "KU" 2016
9 2016 0.15 39.15 0 0 0 "KU" 2016
9 2017 0 35.825 0 0 0 "KU" 2017
10 2016 0.95 29.8625 0 0 0 "KU" 2016
10 2017 0 29.425 0 0 0 "KU" 2017
10 2018 0.766666666666667 27.5333333333333 0 0 0 "KU" 2018
11 2009 6.68888888888889 18.2388888888889 0 0 0 "KU" 2009
11 2017 0.488888888888889 22.7555555555556 0 0 0 "KU" 2017
11 2018 9.69333333333333 21.0866666666667 0 0 0 "KU" 2018
12 2009 2.8875 17.6625 0 0 0 "KU" 2009
12 2016 3.62857142857143 19.0285714285714 0 0 0 "KU" 2016
12 2017 0.075 16.3625 0 0 0 "KU" 2017
12 2018 1.36428571428571 17.5357142857143 0 0 0 "KU" 2018
