"MONTH" "YEAR" "ave_precip_mo" "ave_mo_t" "opium_t" "mj_t" "coca_t" "fips" "year"
1 1970 2.61612903225806 -0.196774193548387 0 0 0 "LU" 1970
1 1971 2.48709677419355 -0.00161290322580633 0 0 0 "LU" 1971
1 1972 1.57741935483871 -0.996774193548387 0 0 0 "LU" 1972
1 1973 0.909677419354839 0.253225806451613 0 0 0 "LU" 1973
1 1974 1.79032258064516 3.61612903225806 0 0 0 "LU" 1974
1 1975 2.27741935483871 4.05645161290323 0 0 0 "LU" 1975
1 1976 1.45483870967742 1.67741935483871 0 0 0 "LU" 1976
1 1977 2.50967741935484 0.87741935483871 0 0 0 "LU" 1977
1 1978 2.01290322580645 0.493548387096774 0 0 0 "LU" 1978
1 1979 1.58709677419355 -5.19354838709677 0 0 0 "LU" 1979
1 1980 1.96451612903226 -1.40806451612903 0 0 0 "LU" 1980
1 1981 1.94193548387097 -0.285483870967742 0 0 0 "LU" 1981
1 1982 2.92258064516129 -1.37903225806452 0 0 0 "LU" 1982
1 1983 1.5741935483871 3.11774193548387 0 0 0 "LU" 1983
1 1984 4.7 1.05 0 0 0 "LU" 1984
1 1985 1.59032258064516 -4.96935483870968 0 0 0 "LU" 1985
1 1986 4.02258064516129 0.25 0 0 0 "LU" 1986
1 1987 1.23870967741935 -4.80161290322581 0 0 0 "LU" 1987
1 1988 6.30645161290323 3.68870967741936 0 0 0 "LU" 1988
1 1989 0.664516129032258 1.64838709677419 0 0 0 "LU" 1989
1 1990 2.30645161290323 1.89032258064516 0 0 0 "LU" 1990
1 1991 4.0258064516129 1.08709677419355 0 0 0 "LU" 1991
1 1992 0.52258064516129 1.22096774193548 0 0 0 "LU" 1992
1 1993 3.63225806451613 3.33870967741935 0 0 0 "LU" 1993
1 1994 3.06774193548387 2.78709677419355 0 0 0 "LU" 1994
1 1995 6.35806451612903 1.35322580645161 0 0 0 "LU" 1995
1 1996 0.203225806451613 -0.908064516129032 0 0 0 "LU" 1996
1 1997 0.674193548387097 -2.10806451612903 0 0 0 "LU" 1997
1 1998 2.49032258064516 2.57258064516129 0 0 0 "LU" 1998
1 1999 1.72903225806452 2.89032258064516 0 0 0 "LU" 1999
1 2000 0.92258064516129 1.6241935483871 0 0 0 "LU" 2000
1 2001 3.80967741935484 1.93225806451613 0 0 0 "LU" 2001
1 2002 1.58064516129032 0.191935483870968 0 0 0 "LU" 2002
1 2003 3.29032258064516 -0.0322580645161291 0 0 0 "LU" 2003
1 2004 3.38387096774194 0.887096774193548 0 0 0 "LU" 2004
1 2005 1.69354838709677 1.82096774193548 0 0 0 "LU" 2005
1 2006 0.790322580645161 -0.854838709677419 0 0 0 "LU" 2006
1 2007 2.46774193548387 4.82258064516129 0 0 0 "LU" 2007
1 2008 2.71612903225806 3.7 0 0 0 "LU" 2008
1 2009 2.3741935483871 -1.55 0 0 0 "LU" 2009
1 2010 1.09677419354839 -2.14193548387097 0 0 0 "LU" 2010
1 2011 2.14838709677419 1.99516129032258 0 0 0 "LU" 2011
1 2012 2.91935483870968 2.94354838709677 0 0 0 "LU" 2012
1 2013 1.25483870967742 0.37741935483871 0 0 0 "LU" 2013
1 2014 2.47741935483871 3.6258064516129 0 0 0 "LU" 2014
1 2015 2.27096774193548 1.52741935483871 0 0 0 "LU" 2015
1 2016 2.73870967741935 2.21290322580645 0 0 0 "LU" 2016
1 2017 0.809677419354839 -1.42258064516129 0 0 0 "LU" 2017
1 2018 4.60967741935484 4.46935483870968 0 0 0 "LU" 2018
1 2019 0 1.2 0 0 0 "LU" 2019
2 1970 4.92142857142857 0.241071428571429 0 0 0 "LU" 1970
2 1971 1.06428571428571 1.64285714285714 0 0 0 "LU" 1971
2 1972 1.08620689655172 3.34655172413793 0 0 0 "LU" 1972
2 1973 1.85 0.667857142857143 0 0 0 "LU" 1973
2 1974 1.725 3.3375 0 0 0 "LU" 1974
2 1975 0.496428571428571 2.67678571428571 0 0 0 "LU" 1975
2 1976 0.9 1.47586206896552 0 0 0 "LU" 1976
2 1977 5.53214285714286 3.53392857142857 0 0 0 "LU" 1977
2 1978 2.21785714285714 -0.673214285714286 0 0 0 "LU" 1978
2 1979 3.03928571428571 -0.35 0 0 0 "LU" 1979
2 1980 2.44137931034483 4.08965517241379 0 0 0 "LU" 1980
2 1981 1.35714285714286 -0.148214285714286 0 0 0 "LU" 1981
2 1982 0.671428571428571 1.20357142857143 0 0 0 "LU" 1982
2 1983 2.01428571428571 -0.839285714285714 0 0 0 "LU" 1983
2 1984 3.08620689655172 0.613793103448276 0 0 0 "LU" 1984
2 1985 1.08571428571429 -0.955357142857143 0 0 0 "LU" 1985
2 1986 0.232142857142857 -5.23392857142857 0 0 0 "LU" 1986
2 1987 2.17142857142857 0.235714285714286 0 0 0 "LU" 1987
2 1988 4.23448275862069 2.02241379310345 0 0 0 "LU" 1988
2 1989 1.76428571428571 1.9875 0 0 0 "LU" 1989
2 1990 5.09642857142857 6.23928571428571 0 0 0 "LU" 1990
2 1991 0.585714285714286 -1.12857142857143 0 0 0 "LU" 1991
2 1992 1.34137931034483 3.21724137931034 0 0 0 "LU" 1992
2 1993 0.528571428571429 -0.769642857142857 0 0 0 "LU" 1993
2 1994 1.21428571428571 1.59642857142857 0 0 0 "LU" 1994
2 1995 3.03928571428571 4.57857142857143 0 0 0 "LU" 1995
2 1996 2.56551724137931 -0.579310344827586 0 0 0 "LU" 1996
2 1997 4.44285714285714 4.16785714285714 0 0 0 "LU" 1997
2 1998 0.210714285714286 4.3625 0 0 0 "LU" 1998
2 1999 1.76428571428571 1.29464285714286 0 0 0 "LU" 1999
2 2000 2.92068965517241 3.98103448275862 0 0 0 "LU" 2000
2 2001 2.60714285714286 3.38392857142857 0 0 0 "LU" 2001
2 2002 5.15357142857143 5.24107142857143 0 0 0 "LU" 2002
2 2003 0.653571428571429 0.530357142857143 0 0 0 "LU" 2003
2 2004 0.968965517241379 3.17586206896552 0 0 0 "LU" 2004
2 2005 1.95714285714286 -0.235714285714286 0 0 0 "LU" 2005
2 2006 1.73571428571429 0.601785714285714 0 0 0 "LU" 2006
2 2007 4.47857142857143 5.32678571428571 0 0 0 "LU" 2007
2 2008 3.37586206896552 4.63103448275862 0 0 0 "LU" 2008
2 2009 1.74642857142857 1.39464285714286 0 0 0 "LU" 2009
2 2010 3.25 1.06964285714286 0 0 0 "LU" 2010
2 2011 1.125 2.80714285714286 0 0 0 "LU" 2011
2 2012 0.468965517241379 -1.52241379310345 0 0 0 "LU" 2012
2 2013 1.08214285714286 -0.578571428571429 0 0 0 "LU" 2013
2 2014 2.45357142857143 4.22857142857143 0 0 0 "LU" 2014
2 2015 1.52142857142857 1.01607142857143 0 0 0 "LU" 2015
2 2016 2.68275862068965 3.43793103448276 0 0 0 "LU" 2016
2 2017 1.93214285714286 4.20357142857143 0 0 0 "LU" 2017
2 2018 0.564285714285714 -1.20357142857143 0 0 0 "LU" 2018
3 1970 2.41935483870968 1.85967741935484 0 0 0 "LU" 1970
3 1971 0.912903225806452 1.4 0 0 0 "LU" 1971
3 1972 1.64516129032258 6.49032258064516 0 0 0 "LU" 1972
3 1973 0.209677419354839 4.45967741935484 0 0 0 "LU" 1973
3 1974 2.20645161290323 6.15322580645161 0 0 0 "LU" 1974
3 1975 3.20967741935484 3.11451612903226 0 0 0 "LU" 1975
3 1976 1.05161290322581 2.81612903225806 0 0 0 "LU" 1976
3 1977 1.4258064516129 6.38870967741935 0 0 0 "LU" 1977
3 1978 3.66451612903226 5.15645161290323 0 0 0 "LU" 1978
3 1979 4.01935483870968 3.81612903225806 0 0 0 "LU" 1979
3 1980 2.82903225806452 4.14516129032258 0 0 0 "LU" 1980
3 1981 3.5258064516129 7.38548387096774 0 0 0 "LU" 1981
3 1982 2.90645161290323 4.45161290322581 0 0 0 "LU" 1982
3 1983 1.90322580645161 4.70806451612903 0 0 0 "LU" 1983
3 1984 1.33225806451613 3.27258064516129 0 0 0 "LU" 1984
3 1985 2.23870967741935 2.94677419354839 0 0 0 "LU" 1985
3 1986 4.3258064516129 3.41935483870968 0 0 0 "LU" 1986
3 1987 2.48387096774194 1.0258064516129 0 0 0 "LU" 1987
3 1988 3.92258064516129 3.51774193548387 0 0 0 "LU" 1988
3 1989 2.99677419354839 7.79516129032258 0 0 0 "LU" 1989
3 1990 0.454838709677419 7.41774193548387 0 0 0 "LU" 1990
3 1991 2.28387096774194 7.74032258064516 0 0 0 "LU" 1991
3 1992 2.16451612903226 5.70967741935484 0 0 0 "LU" 1992
3 1993 0.238709677419355 5.35 0 0 0 "LU" 1993
3 1994 2.18709677419355 6.82741935483871 0 0 0 "LU" 1994
3 1995 2.96451612903226 3.90806451612903 0 0 0 "LU" 1995
3 1996 0.754838709677419 2.94193548387097 0 0 0 "LU" 1996
3 1997 0.738709677419355 7.94354838709677 0 0 0 "LU" 1997
3 1998 1.96129032258065 5.93064516129032 0 0 0 "LU" 1998
3 1999 2.05161290322581 6.23709677419355 0 0 0 "LU" 1999
3 2000 2.08064516129032 5.61774193548387 0 0 0 "LU" 2000
3 2001 4.44516129032258 5.98064516129032 0 0 0 "LU" 2001
3 2002 2.23548387096774 6.54032258064516 0 0 0 "LU" 2002
3 2003 1.48709677419355 7.94677419354839 0 0 0 "LU" 2003
3 2004 1.06451612903226 5.11290322580645 0 0 0 "LU" 2004
3 2005 0.812903225806452 5.62903225806452 0 0 0 "LU" 2005
3 2006 3.06451612903226 3.16774193548387 0 0 0 "LU" 2006
3 2007 2.51290322580645 6.68225806451613 0 0 0 "LU" 2007
3 2008 3.6741935483871 4.78387096774194 0 0 0 "LU" 2008
3 2009 2.08387096774194 5.27258064516129 0 0 0 "LU" 2009
3 2010 2.01612903225806 5.13548387096774 0 0 0 "LU" 2010
3 2011 0.551612903225806 7.47741935483871 0 0 0 "LU" 2011
3 2012 0.625806451612903 8.69838709677419 0 0 0 "LU" 2012
3 2013 1.5258064516129 1.86290322580645 0 0 0 "LU" 2013
3 2014 0.37741935483871 8.35806451612903 0 0 0 "LU" 2014
3 2015 1.18387096774194 6.06935483870968 0 0 0 "LU" 2015
3 2016 1.87096774193548 4.3258064516129 0 0 0 "LU" 2016
3 2017 1.45161290322581 8.71612903225807 0 0 0 "LU" 2017
3 2018 1.5258064516129 4.06935483870968 0 0 0 "LU" 2018
4 1970 3.07666666666667 5.64833333333333 0 0 0 "LU" 1970
4 1971 1.04 9.65833333333333 0 0 0 "LU" 1971
4 1972 1.93666666666667 7.23166666666667 0 0 0 "LU" 1972
4 1973 1.80333333333333 5.56833333333333 0 0 0 "LU" 1973
4 1974 0.5 9.58666666666667 0 0 0 "LU" 1974
4 1975 1.67 7.02333333333333 0 0 0 "LU" 1975
4 1976 0.526666666666667 7.81833333333333 0 0 0 "LU" 1976
4 1977 2.16666666666667 5.39166666666667 0 0 0 "LU" 1977
4 1978 1.46666666666667 6.99 0 0 0 "LU" 1978
4 1979 2.93 6.52 0 0 0 "LU" 1979
4 1980 1.54666666666667 6.69333333333333 0 0 0 "LU" 1980
4 1981 2.14666666666667 8.44833333333333 0 0 0 "LU" 1981
4 1982 1 6.97166666666667 0 0 0 "LU" 1982
4 1983 4.8 7.83 0 0 0 "LU" 1983
4 1984 1.15666666666667 7.42833333333333 0 0 0 "LU" 1984
4 1985 2.61 7.69166666666667 0 0 0 "LU" 1985
4 1986 3.28666666666667 5.38166666666667 0 0 0 "LU" 1986
4 1987 1.36 9.62833333333333 0 0 0 "LU" 1987
4 1988 0.753333333333333 8.74333333333333 0 0 0 "LU" 1988
4 1989 5.85 6.44333333333333 0 0 0 "LU" 1989
4 1990 1.11666666666667 7.66666666666667 0 0 0 "LU" 1990
4 1991 1.51 7.74166666666667 0 0 0 "LU" 1991
4 1992 0.916666666666667 8.155 0 0 0 "LU" 1992
4 1993 1.06 10.8683333333333 0 0 0 "LU" 1993
4 1994 1.88666666666667 8.03833333333333 0 0 0 "LU" 1994
4 1995 2.22 8.89333333333333 0 0 0 "LU" 1995
4 1996 0.163333333333333 9.42833333333333 0 0 0 "LU" 1996
4 1997 0.763333333333333 8.01 0 0 0 "LU" 1997
4 1998 4.74333333333333 7.97166666666667 0 0 0 "LU" 1998
4 1999 2.06333333333333 9.26833333333333 0 0 0 "LU" 1999
4 2000 1.57333333333333 9.86833333333333 0 0 0 "LU" 2000
4 2001 4.02333333333333 7.10666666666667 0 0 0 "LU" 2001
4 2002 1.43333333333333 9.21333333333333 0 0 0 "LU" 2002
4 2003 1.73 9.66666666666667 0 0 0 "LU" 2003
4 2004 1.89666666666667 9.94166666666667 0 0 0 "LU" 2004
4 2005 1.58333333333333 10.1466666666667 0 0 0 "LU" 2005
4 2006 1.68666666666667 8.82666666666667 0 0 0 "LU" 2006
4 2007 0.22 14.6966666666667 0 0 0 "LU" 2007
4 2008 2.41333333333333 7.90333333333333 0 0 0 "LU" 2008
4 2009 1.57666666666667 12.485 0 0 0 "LU" 2009
4 2010 0.633333333333333 9.97666666666667 0 0 0 "LU" 2010
4 2011 0.84 13.4 0 0 0 "LU" 2011
4 2012 3.23666666666667 7.97666666666667 0 0 0 "LU" 2012
4 2013 1.98 8.56833333333333 0 0 0 "LU" 2013
4 2014 0.463333333333333 11.815 0 0 0 "LU" 2014
4 2015 1.61 9.96666666666667 0 0 0 "LU" 2015
4 2016 2.49 7.92833333333333 0 0 0 "LU" 2016
4 2017 0.176666666666667 8.42666666666667 0 0 0 "LU" 2017
4 2018 1.90333333333333 12.5016666666667 0 0 0 "LU" 2018
5 1970 4.12903225806452 11.9387096774194 0 0 0 "LU" 1970
5 1971 2.50645161290323 14.6225806451613 0 0 0 "LU" 1971
5 1972 3.53225806451613 10.7548387096774 0 0 0 "LU" 1972
5 1973 3.29677419354839 12.5354838709677 0 0 0 "LU" 1973
5 1974 2.18064516129032 11.3870967741935 0 0 0 "LU" 1974
5 1975 1.77096774193548 11.3258064516129 0 0 0 "LU" 1975
5 1976 1.16129032258065 13.3064516129032 0 0 0 "LU" 1976
5 1977 1.19677419354839 11.2564516129032 0 0 0 "LU" 1977
5 1978 3.19032258064516 11.5709677419355 0 0 0 "LU" 1978
5 1979 4.52258064516129 11.1822580645161 0 0 0 "LU" 1979
5 1980 2.76774193548387 11.2629032258065 0 0 0 "LU" 1980
5 1981 2.85806451612903 12.2 0 0 0 "LU" 1981
5 1982 1.74516129032258 12.6048387096774 0 0 0 "LU" 1982
5 1983 5.60322580645161 9.66612903225806 0 0 0 "LU" 1983
5 1984 3.45161290322581 9.67258064516129 0 0 0 "LU" 1984
5 1985 2.1258064516129 12.8048387096774 0 0 0 "LU" 1985
5 1986 2.83870967741935 12.9387096774194 0 0 0 "LU" 1986
5 1987 2.9258064516129 9.29838709677419 0 0 0 "LU" 1987
5 1988 6.48064516129032 13.8016129032258 0 0 0 "LU" 1988
5 1989 1.12258064516129 15.0096774193548 0 0 0 "LU" 1989
5 1990 0.47741935483871 14.8661290322581 0 0 0 "LU" 1990
5 1991 0.238709677419355 10.5290322580645 0 0 0 "LU" 1991
5 1992 1.90645161290323 14.8935483870968 0 0 0 "LU" 1992
5 1993 4.11612903225806 14.258064516129 0 0 0 "LU" 1993
5 1994 2.12903225806452 12.4483870967742 0 0 0 "LU" 1994
5 1995 1.52258064516129 13.0854838709677 0 0 0 "LU" 1995
5 1996 2.65483870967742 10.7774193548387 0 0 0 "LU" 1996
5 1997 2.77741935483871 12.9 0 0 0 "LU" 1997
5 1998 1.78387096774194 14.9129032258065 0 0 0 "LU" 1998
5 1999 0.990322580645161 14.6290322580645 0 0 0 "LU" 1999
5 2000 2.43870967741935 14.5693548387097 0 0 0 "LU" 2000
5 2001 0.506451612903226 15.0887096774194 0 0 0 "LU" 2001
5 2002 1.96451612903226 12.891935483871 0 0 0 "LU" 2002
5 2003 3.08387096774194 13.741935483871 0 0 0 "LU" 2003
5 2004 2.17741935483871 12.2306451612903 0 0 0 "LU" 2004
5 2005 2.56774193548387 12.958064516129 0 0 0 "LU" 2005
5 2006 4.60967741935484 13.3725806451613 0 0 0 "LU" 2006
5 2007 4.29677419354839 14.9467741935484 0 0 0 "LU" 2007
5 2008 1.08064516129032 16.2322580645161 0 0 0 "LU" 2008
5 2009 1.91935483870968 14.3016129032258 0 0 0 "LU" 2009
5 2010 3.53548387096774 11.0532258064516 0 0 0 "LU" 2010
5 2011 1.59677419354839 15.191935483871 0 0 0 "LU" 2011
5 2012 2.41290322580645 14.7677419354839 0 0 0 "LU" 2012
5 2013 5.31935483870968 10.9177419354839 0 0 0 "LU" 2013
5 2014 2.25806451612903 12.8096774193548 0 0 0 "LU" 2014
5 2015 0.783870967741935 12.6209677419355 0 0 0 "LU" 2015
5 2016 3.85483870967742 13.4032258064516 0 0 0 "LU" 2016
5 2017 1.23548387096774 15.4564516129032 0 0 0 "LU" 2017
5 2018 3.69354838709677 16.4596774193548 0 0 0 "LU" 2018
6 1970 1.96666666666667 17.555 0 0 0 "LU" 1970
6 1971 3.17666666666667 14.195 0 0 0 "LU" 1971
6 1972 2.40333333333333 13.3483333333333 0 0 0 "LU" 1972
6 1973 0.936666666666667 16.5583333333333 0 0 0 "LU" 1973
6 1974 3.85 14.6966666666667 0 0 0 "LU" 1974
6 1975 1.43333333333333 15.03 0 0 0 "LU" 1975
6 1976 0.393333333333333 19.4583333333333 0 0 0 "LU" 1976
6 1977 2.52333333333333 14.7516666666667 0 0 0 "LU" 1977
6 1978 2.4 13.8133333333333 0 0 0 "LU" 1978
6 1979 0.813333333333333 15.91 0 0 0 "LU" 1979
6 1980 4.15333333333333 13.6633333333333 0 0 0 "LU" 1980
6 1981 4.34 14.425 0 0 0 "LU" 1981
6 1982 3.77333333333333 15.9666666666667 0 0 0 "LU" 1982
6 1983 2.85333333333333 16.26 0 0 0 "LU" 1983
6 1984 1.31666666666667 13.865 0 0 0 "LU" 1984
6 1985 5.97 12.9583333333333 0 0 0 "LU" 1985
6 1986 1.63666666666667 16.4933333333333 0 0 0 "LU" 1986
6 1987 5.89666666666667 13.4883333333333 0 0 0 "LU" 1987
6 1988 1.33333333333333 14.92 0 0 0 "LU" 1988
6 1989 3.15 15.26 0 0 0 "LU" 1989
6 1990 4.36 14.66 0 0 0 "LU" 1990
6 1991 2.11333333333333 12.8016666666667 0 0 0 "LU" 1991
6 1992 3.46333333333333 16.6616666666667 0 0 0 "LU" 1992
6 1993 1.43666666666667 16.49 0 0 0 "LU" 1993
6 1994 1.29333333333333 16.575 0 0 0 "LU" 1994
6 1995 1.22 14.9283333333333 0 0 0 "LU" 1995
6 1996 0.593333333333333 16.4383333333333 0 0 0 "LU" 1996
6 1997 6.37 15.525 0 0 0 "LU" 1997
6 1998 1.36333333333333 16.215 0 0 0 "LU" 1998
6 1999 3.51 15.4666666666667 0 0 0 "LU" 1999
6 2000 1.35 17.2516666666667 0 0 0 "LU" 2000
6 2001 2.64333333333333 14.76 0 0 0 "LU" 2001
6 2002 1.1 17.4833333333333 0 0 0 "LU" 2002
6 2003 1.61333333333333 19.8033333333333 0 0 0 "LU" 2003
6 2004 1.43666666666667 15.8466666666667 0 0 0 "LU" 2004
6 2005 1.30666666666667 17.9966666666667 0 0 0 "LU" 2005
6 2006 2.14 17.4766666666667 0 0 0 "LU" 2006
6 2007 3.96 17.5066666666667 0 0 0 "LU" 2007
6 2008 3.01333333333333 17.0366666666667 0 0 0 "LU" 2008
6 2009 2.96 16.165 0 0 0 "LU" 2009
6 2010 2.38666666666667 17.6266666666667 0 0 0 "LU" 2010
6 2011 3.54333333333333 16.72 0 0 0 "LU" 2011
6 2012 3.89 15.5116666666667 0 0 0 "LU" 2012
6 2013 3.77 15.875 0 0 0 "LU" 2013
6 2014 1.12666666666667 17.345 0 0 0 "LU" 2014
6 2015 1.31 16.9383333333333 0 0 0 "LU" 2015
6 2016 4.50333333333333 16.745 0 0 0 "LU" 2016
6 2017 1.79666666666667 19.065 0 0 0 "LU" 2017
6 2018 2.11666666666667 18.2266666666667 0 0 0 "LU" 2018
7 1970 3.28709677419355 15.4677419354839 0 0 0 "LU" 1970
7 1971 1.44193548387097 19.1548387096774 0 0 0 "LU" 1971
7 1972 3.49032258064516 17.5306451612903 0 0 0 "LU" 1972
7 1973 2.47741935483871 17.2306451612903 0 0 0 "LU" 1973
7 1974 2.88064516129032 15.05 0 0 0 "LU" 1974
7 1975 1.24193548387097 18.3161290322581 0 0 0 "LU" 1975
7 1976 2.4 20.3661290322581 0 0 0 "LU" 1976
7 1977 2.44838709677419 16.6870967741935 0 0 0 "LU" 1977
7 1978 2.99677419354839 15.3032258064516 0 0 0 "LU" 1978
7 1979 0.780645161290323 16.1967741935484 0 0 0 "LU" 1979
7 1980 3.70645161290323 14.1935483870968 0 0 0 "LU" 1980
7 1981 1.74516129032258 16.1822580645161 0 0 0 "LU" 1981
7 1982 0.706451612903226 18.9064516129032 0 0 0 "LU" 1982
7 1983 0.6 21.5870967741935 0 0 0 "LU" 1983
7 1984 1.89032258064516 16.5903225806452 0 0 0 "LU" 1984
7 1985 1.7741935483871 17.4306451612903 0 0 0 "LU" 1985
7 1986 1.92903225806452 16.8241935483871 0 0 0 "LU" 1986
7 1987 4.97741935483871 16.4822580645161 0 0 0 "LU" 1987
7 1988 3.04516129032258 15.5177419354839 0 0 0 "LU" 1988
7 1989 2.65806451612903 18.0709677419355 0 0 0 "LU" 1989
7 1990 2.45806451612903 17.6387096774194 0 0 0 "LU" 1990
7 1991 1.9741935483871 19.4806451612903 0 0 0 "LU" 1991
7 1992 2.13225806451613 18.5290322580645 0 0 0 "LU" 1992
7 1993 3.6741935483871 16.5903225806452 0 0 0 "LU" 1993
7 1994 1.09032258064516 22.2145161290323 0 0 0 "LU" 1994
7 1995 1.15483870967742 21.3161290322581 0 0 0 "LU" 1995
7 1996 1.1 16.7209677419355 0 0 0 "LU" 1996
7 1997 2.79032258064516 17.5096774193548 0 0 0 "LU" 1997
7 1998 1.71612903225806 15.9967741935484 0 0 0 "LU" 1998
7 1999 1.59354838709677 19.5387096774194 0 0 0 "LU" 1999
7 2000 6.36129032258065 15.258064516129 0 0 0 "LU" 2000
7 2001 2.69677419354839 19.0677419354839 0 0 0 "LU" 2001
7 2002 1.92903225806452 17.7403225806452 0 0 0 "LU" 2002
7 2003 1.63225806451613 19.7177419354839 0 0 0 "LU" 2003
7 2004 2.22258064516129 17.4258064516129 0 0 0 "LU" 2004
7 2005 4.5258064516129 18.5983870967742 0 0 0 "LU" 2005
7 2006 0.393548387096774 23.6870967741935 0 0 0 "LU" 2006
7 2007 3.1741935483871 16.9241935483871 0 0 0 "LU" 2007
7 2008 2.8 18.2306451612903 0 0 0 "LU" 2008
7 2009 2.40967741935484 18.6354838709677 0 0 0 "LU" 2009
7 2010 1.51935483870968 20.5435483870968 0 0 0 "LU" 2010
7 2011 1.81290322580645 16.2032258064516 0 0 0 "LU" 2011
7 2012 4.51612903225806 17.1709677419355 0 0 0 "LU" 2012
7 2013 2.08387096774194 20.6435483870968 0 0 0 "LU" 2013
7 2014 3.68387096774194 19.5596774193548 0 0 0 "LU" 2014
7 2015 0.912903225806452 20.3387096774194 0 0 0 "LU" 2015
7 2016 4.65161290322581 18.9387096774194 0 0 0 "LU" 2016
7 2017 3.83225806451613 19.1403225806452 0 0 0 "LU" 2017
7 2018 0.467741935483871 22.0854838709677 0 0 0 "LU" 2018
8 1970 2.40967741935484 17.3612903225806 0 0 0 "LU" 1970
8 1971 1.98709677419355 17.1177419354839 0 0 0 "LU" 1971
8 1972 3.23225806451613 15.5306451612903 0 0 0 "LU" 1972
8 1973 1.58709677419355 19.3870967741935 0 0 0 "LU" 1973
8 1974 1.19354838709677 16.8274193548387 0 0 0 "LU" 1974
8 1975 0.806451612903226 19.9629032258065 0 0 0 "LU" 1975
8 1976 0.438709677419355 18.0274193548387 0 0 0 "LU" 1976
8 1977 3.14516129032258 15.9483870967742 0 0 0 "LU" 1977
8 1978 1.65483870967742 14.8016129032258 0 0 0 "LU" 1978
8 1979 2.66774193548387 14.8935483870968 0 0 0 "LU" 1979
8 1980 3.40645161290323 16.2209677419355 0 0 0 "LU" 1980
8 1981 2.74193548387097 16.9451612903226 0 0 0 "LU" 1981
8 1982 1.5741935483871 16.7354838709677 0 0 0 "LU" 1982
8 1983 1.45483870967742 19.3258064516129 0 0 0 "LU" 1983
8 1984 1.42903225806452 17.6629032258065 0 0 0 "LU" 1984
8 1985 3.65161290322581 15.2935483870968 0 0 0 "LU" 1985
8 1986 3.3 15.6612903225806 0 0 0 "LU" 1986
8 1987 2.62903225806452 15.8854838709677 0 0 0 "LU" 1987
8 1988 1.3741935483871 17.2354838709677 0 0 0 "LU" 1988
8 1989 2.1741935483871 17.2483870967742 0 0 0 "LU" 1989
8 1990 3.93225806451613 19.2951612903226 0 0 0 "LU" 1990
8 1991 0.441935483870968 19.6209677419355 0 0 0 "LU" 1991
8 1992 3.38387096774194 18.7774193548387 0 0 0 "LU" 1992
8 1993 0.703225806451613 16.4370967741935 0 0 0 "LU" 1993
8 1994 2.04193548387097 17.9387096774194 0 0 0 "LU" 1994
8 1995 1.52903225806452 19.65 0 0 0 "LU" 1995
8 1996 2.90967741935484 17.5596774193548 0 0 0 "LU" 1996
8 1997 1.34193548387097 21.0145161290323 0 0 0 "LU" 1997
8 1998 0.848387096774194 17.7661290322581 0 0 0 "LU" 1998
8 1999 2.35806451612903 18.0338709677419 0 0 0 "LU" 1999
8 2000 2 18.5209677419355 0 0 0 "LU" 2000
8 2001 1.51290322580645 19.0032258064516 0 0 0 "LU" 2001
8 2002 3.7258064516129 18.341935483871 0 0 0 "LU" 2002
8 2003 1.5258064516129 22.4322580645161 0 0 0 "LU" 2003
8 2004 4.12258064516129 18.5435483870968 0 0 0 "LU" 2004
8 2005 1.51290322580645 16.0903225806452 0 0 0 "LU" 2005
8 2006 5.63548387096774 15.65 0 0 0 "LU" 2006
8 2007 3.80322580645161 17.1483870967742 0 0 0 "LU" 2007
8 2008 2.01935483870968 17.5661290322581 0 0 0 "LU" 2008
8 2009 1.5741935483871 19.5112903225806 0 0 0 "LU" 2009
8 2010 5.74838709677419 16.8822580645161 0 0 0 "LU" 2010
8 2011 2.64838709677419 18.0338709677419 0 0 0 "LU" 2011
8 2012 1.30645161290323 19.1903225806452 0 0 0 "LU" 2012
8 2013 1.5 18.358064516129 0 0 0 "LU" 2013
8 2014 6.49032258064516 15.8258064516129 0 0 0 "LU" 2014
8 2015 2.23548387096774 20.2225806451613 0 0 0 "LU" 2015
8 2016 0.687096774193548 18.9064516129032 0 0 0 "LU" 2016
8 2017 1.56451612903226 17.4951612903226 0 0 0 "LU" 2017
8 2018 1.89032258064516 19.9903225806452 0 0 0 "LU" 2018
9 1970 1.58333333333333 14.5583333333333 0 0 0 "LU" 1970
9 1971 0.653333333333333 13.5016666666667 0 0 0 "LU" 1971
9 1972 1.47333333333333 11.4433333333333 0 0 0 "LU" 1972
9 1973 1.15 15.465 0 0 0 "LU" 1973
9 1974 3.27666666666667 12.4266666666667 0 0 0 "LU" 1974
9 1975 3.05333333333333 15.5033333333333 0 0 0 "LU" 1975
9 1976 1.81 13.1066666666667 0 0 0 "LU" 1976
9 1977 0.47 12.2833333333333 0 0 0 "LU" 1977
9 1978 1.86666666666667 11.9833333333333 0 0 0 "LU" 1978
9 1979 1.16 13.7216666666667 0 0 0 "LU" 1979
9 1980 1.21333333333333 14.1333333333333 0 0 0 "LU" 1980
9 1981 4.21666666666667 14.1733333333333 0 0 0 "LU" 1981
9 1982 2.53333333333333 16.8816666666667 0 0 0 "LU" 1982
9 1983 2.54666666666667 13.4633333333333 0 0 0 "LU" 1983
9 1984 4.09333333333333 12.5083333333333 0 0 0 "LU" 1984
9 1985 1.84 14.185 0 0 0 "LU" 1985
9 1986 3.30333333333333 11.7483333333333 0 0 0 "LU" 1986
9 1987 2.91666666666667 15.2883333333333 0 0 0 "LU" 1987
9 1988 3.78666666666667 12.9416666666667 0 0 0 "LU" 1988
9 1989 1.74666666666667 14.97 0 0 0 "LU" 1989
9 1990 2.25666666666667 12.3183333333333 0 0 0 "LU" 1990
9 1991 1.69 16.3183333333333 0 0 0 "LU" 1991
9 1992 1.18333333333333 13.7416666666667 0 0 0 "LU" 1992
9 1993 4.85666666666667 12.7833333333333 0 0 0 "LU" 1993
9 1994 3.52666666666667 13.0316666666667 0 0 0 "LU" 1994
9 1995 2.85333333333333 12.4466666666667 0 0 0 "LU" 1995
9 1996 1.15 12.1716666666667 0 0 0 "LU" 1996
9 1997 1.15333333333333 15.4833333333333 0 0 0 "LU" 1997
9 1998 3.8 13.9783333333333 0 0 0 "LU" 1998
9 1999 2.34666666666667 17.19 0 0 0 "LU" 1999
9 2000 3.64 14.9866666666667 0 0 0 "LU" 2000
9 2001 3.81 11.6083333333333 0 0 0 "LU" 2001
9 2002 1.64 13.875 0 0 0 "LU" 2002
9 2003 0.813333333333333 15.3866666666667 0 0 0 "LU" 2003
9 2004 1.52 15.0966666666667 0 0 0 "LU" 2004
9 2005 2.17333333333333 16.175 0 0 0 "LU" 2005
9 2006 0.573333333333333 17.6633333333333 0 0 0 "LU" 2006
9 2007 1.76666666666667 13.2266666666667 0 0 0 "LU" 2007
9 2008 3.97333333333333 12.7716666666667 0 0 0 "LU" 2008
9 2009 1.85333333333333 15.8383333333333 0 0 0 "LU" 2009
9 2010 2.70666666666667 13.2966666666667 0 0 0 "LU" 2010
9 2011 1.52666666666667 16.225 0 0 0 "LU" 2011
9 2012 2.07666666666667 14.2366666666667 0 0 0 "LU" 2012
9 2013 2.96333333333333 14.145 0 0 0 "LU" 2013
9 2014 0.596666666666667 16.06 0 0 0 "LU" 2014
9 2015 4.08 13.0866666666667 0 0 0 "LU" 2015
9 2016 0.966666666666667 17.625 0 0 0 "LU" 2016
9 2017 2.86 13.2083333333333 0 0 0 "LU" 2017
9 2018 0.74 15.7116666666667 0 0 0 "LU" 2018
10 1970 1.71290322580645 9.49354838709677 0 0 0 "LU" 1970
10 1971 1.50322580645161 9.80967741935484 0 0 0 "LU" 1971
10 1972 0.519354838709677 8.23709677419355 0 0 0 "LU" 1972
10 1973 2.26451612903226 8.36290322580645 0 0 0 "LU" 1973
10 1974 4.39677419354839 4.61935483870968 0 0 0 "LU" 1974
10 1975 0.464516129032258 7.40645161290323 0 0 0 "LU" 1975
10 1976 2.07741935483871 10.1983870967742 0 0 0 "LU" 1976
10 1977 1.68387096774194 10.1241935483871 0 0 0 "LU" 1977
10 1978 0.219354838709677 8.95645161290323 0 0 0 "LU" 1978
10 1979 2.30322580645161 10.0032258064516 0 0 0 "LU" 1979
10 1980 2.54516129032258 7.50967741935484 0 0 0 "LU" 1980
10 1981 4.87096774193548 7.4758064516129 0 0 0 "LU" 1981
10 1982 4.83548387096774 9.1241935483871 0 0 0 "LU" 1982
10 1983 1.17741935483871 9.17741935483871 0 0 0 "LU" 1983
10 1984 4.03870967741936 9.74677419354839 0 0 0 "LU" 1984
10 1985 0.732258064516129 9.14193548387097 0 0 0 "LU" 1985
10 1986 4.21612903225806 10.4854838709677 0 0 0 "LU" 1986
10 1987 6.31935483870968 9.63548387096774 0 0 0 "LU" 1987
10 1988 3.06774193548387 10.0370967741935 0 0 0 "LU" 1988
10 1989 1.15806451612903 11.0854838709677 0 0 0 "LU" 1989
10 1990 3.84516129032258 10.8645161290323 0 0 0 "LU" 1990
10 1991 1.62258064516129 8.65645161290323 0 0 0 "LU" 1991
10 1992 2.49677419354839 6.73870967741935 0 0 0 "LU" 1992
10 1993 2.90322580645161 7.94838709677419 0 0 0 "LU" 1993
10 1994 2.05483870967742 9.17903225806452 0 0 0 "LU" 1994
10 1995 1.45483870967742 12.6564516129032 0 0 0 "LU" 1995
10 1996 2.60645161290323 9.65483870967742 0 0 0 "LU" 1996
10 1997 2.2258064516129 8.88225806451613 0 0 0 "LU" 1997
10 1998 6.86774193548387 8.49193548387097 0 0 0 "LU" 1998
10 1999 1.94193548387097 9.35161290322581 0 0 0 "LU" 1999
10 2000 3.0741935483871 10.2274193548387 0 0 0 "LU" 2000
10 2001 1.67096774193548 12.9241935483871 0 0 0 "LU" 2001
10 2002 4.56774193548387 9.36451612903226 0 0 0 "LU" 2002
10 2003 2.26774193548387 7.08548387096774 0 0 0 "LU" 2003
10 2004 2.31290322580645 10.3145161290323 0 0 0 "LU" 2004
10 2005 1.59354838709677 12.8645161290323 0 0 0 "LU" 2005
10 2006 2.99032258064516 12.9854838709677 0 0 0 "LU" 2006
10 2007 1.13548387096774 9.8741935483871 0 0 0 "LU" 2007
10 2008 2.30645161290323 9.2258064516129 0 0 0 "LU" 2008
10 2009 1.95161290322581 9.60161290322581 0 0 0 "LU" 2009
10 2010 1.71290322580645 9.29677419354839 0 0 0 "LU" 2010
10 2011 0.951612903225806 10.4822580645161 0 0 0 "LU" 2011
10 2012 2.94516129032258 9.65967741935484 0 0 0 "LU" 2012
10 2013 4.86129032258065 11.3516129032258 0 0 0 "LU" 2013
10 2014 3.71612903225806 12.1596774193548 0 0 0 "LU" 2014
10 2015 0.829032258064516 8.98064516129032 0 0 0 "LU" 2015
10 2016 1.21935483870968 9.18870967741936 0 0 0 "LU" 2016
10 2017 1.14516129032258 11.2629032258065 0 0 0 "LU" 2017
10 2018 0.509677419354839 11.8516129032258 0 0 0 "LU" 2018
11 1970 2.47333333333333 6.08333333333333 0 0 0 "LU" 1970
11 1971 2.36333333333333 3.215 0 0 0 "LU" 1971
11 1972 3.58666666666667 4.26166666666667 0 0 0 "LU" 1972
11 1973 1.89333333333333 3.48666666666667 0 0 0 "LU" 1973
11 1974 4.43 4.28 0 0 0 "LU" 1974
11 1975 3.18666666666667 3.655 0 0 0 "LU" 1975
11 1976 3.41666666666667 4.33666666666667 0 0 0 "LU" 1976
11 1977 3.36 4.45 0 0 0 "LU" 1977
11 1978 0.596666666666667 2.34833333333333 0 0 0 "LU" 1978
11 1979 3.41666666666667 3.32333333333333 0 0 0 "LU" 1979
11 1980 1.48666666666667 2.17 0 0 0 "LU" 1980
11 1981 1.66 4.52666666666667 0 0 0 "LU" 1981
11 1982 2.94666666666667 5.76166666666667 0 0 0 "LU" 1982
11 1983 2.03333333333333 3.73 0 0 0 "LU" 1983
11 1984 2.85 6.12666666666667 0 0 0 "LU" 1984
11 1985 3.39333333333333 0.423333333333333 0 0 0 "LU" 1985
11 1986 2.78333333333333 5.46166666666667 0 0 0 "LU" 1986
11 1987 3.06666666666667 4.44666666666667 0 0 0 "LU" 1987
11 1988 1.94333333333333 3.17666666666667 0 0 0 "LU" 1988
11 1989 1.57 3.7 0 0 0 "LU" 1989
11 1990 3.62 4.55 0 0 0 "LU" 1990
11 1991 2.96666666666667 3.74166666666667 0 0 0 "LU" 1991
11 1992 3.38666666666667 5.82833333333333 0 0 0 "LU" 1992
11 1993 0.623333333333333 1.18666666666667 0 0 0 "LU" 1993
11 1994 1.57 8.34833333333333 0 0 0 "LU" 1994
11 1995 1.12 4.45166666666667 0 0 0 "LU" 1995
11 1996 4.12666666666667 3.94 0 0 0 "LU" 1996
11 1997 2.92666666666667 5.05833333333333 0 0 0 "LU" 1997
11 1998 1.05666666666667 1.685 0 0 0 "LU" 1998
11 1999 1.36333333333333 3.26166666666667 0 0 0 "LU" 1999
11 2000 4.83 6.04166666666667 0 0 0 "LU" 2000
11 2001 2.58 4.30833333333333 0 0 0 "LU" 2001
11 2002 3.80333333333333 6.96666666666667 0 0 0 "LU" 2002
11 2003 1.64 6.45333333333333 0 0 0 "LU" 2003
11 2004 1.45333333333333 4.45 0 0 0 "LU" 2004
11 2005 1.65333333333333 4.51333333333333 0 0 0 "LU" 2005
11 2006 3.07333333333333 7.135 0 0 0 "LU" 2006
11 2007 2.50333333333333 4.31666666666667 0 0 0 "LU" 2007
11 2008 1.52 5.00333333333333 0 0 0 "LU" 2008
11 2009 5.10333333333333 7.715 0 0 0 "LU" 2009
11 2010 2.82666666666667 5.11 0 0 0 "LU" 2010
11 2011 0.316666666666667 6.315 0 0 0 "LU" 2011
11 2012 2.3 5.375 0 0 0 "LU" 2012
11 2013 3.32333333333333 4.49833333333333 0 0 0 "LU" 2013
11 2014 2.04333333333333 6.79666666666667 0 0 0 "LU" 2014
11 2015 2.27333333333333 7.445 0 0 0 "LU" 2015
11 2016 2.5 4.96166666666667 0 0 0 "LU" 2016
11 2017 3.21 4.93666666666667 0 0 0 "LU" 2017
11 2018 1.59666666666667 6.12 0 0 0 "LU" 2018
12 1970 1.3741935483871 0.129032258064516 0 0 0 "LU" 1970
12 1971 0.490322580645161 2.30483870967742 0 0 0 "LU" 1971
12 1972 0.319354838709677 1.11612903225806 0 0 0 "LU" 1972
12 1973 1.96774193548387 0.390322580645161 0 0 0 "LU" 1973
12 1974 2.73225806451613 4.21129032258064 0 0 0 "LU" 1974
12 1975 0.812903225806452 0.0645161290322581 0 0 0 "LU" 1975
12 1976 2.07741935483871 -1.43870967741935 0 0 0 "LU" 1976
12 1977 2.12903225806452 2.22258064516129 0 0 0 "LU" 1977
12 1978 4.53870967741936 1.35967741935484 0 0 0 "LU" 1978
12 1979 4.79032258064516 3.44516129032258 0 0 0 "LU" 1979
12 1980 2.75483870967742 -0.161290322580645 0 0 0 "LU" 1980
12 1981 4.33548387096774 -0.695161290322581 0 0 0 "LU" 1981
12 1982 3.39354838709677 1.71129032258065 0 0 0 "LU" 1982
12 1983 1.78064516129032 1.23709677419355 0 0 0 "LU" 1983
12 1984 1.16451612903226 1.30806451612903 0 0 0 "LU" 1984
12 1985 2.31935483870968 2.91290322580645 0 0 0 "LU" 1985
12 1986 3.80322580645161 2.13709677419355 0 0 0 "LU" 1986
12 1987 1.1741935483871 1.94516129032258 0 0 0 "LU" 1987
12 1988 3.05483870967742 4.29032258064516 0 0 0 "LU" 1988
12 1989 4.39677419354839 3.30322580645161 0 0 0 "LU" 1989
12 1990 3.84516129032258 1.07096774193548 0 0 0 "LU" 1990
12 1991 1.85483870967742 1.15806451612903 0 0 0 "LU" 1991
12 1992 2.08709677419355 2.56774193548387 0 0 0 "LU" 1992
12 1993 7.45483870967742 3.46451612903226 0 0 0 "LU" 1993
12 1994 2.6 3.89032258064516 0 0 0 "LU" 1994
12 1995 1.76451612903226 -0.108064516129032 0 0 0 "LU" 1995
12 1996 1.65161290322581 -1.30483870967742 0 0 0 "LU" 1996
12 1997 3.35161290322581 2.48064516129032 0 0 0 "LU" 1997
12 1998 1.65161290322581 1.95645161290323 0 0 0 "LU" 1998
12 1999 5.26451612903226 2.10483870967742 0 0 0 "LU" 1999
12 2000 2.80645161290323 4.09354838709677 0 0 0 "LU" 2000
12 2001 1.92903225806452 0.525806451612903 0 0 0 "LU" 2001
12 2002 2.81612903225806 3.05645161290323 0 0 0 "LU" 2002
12 2003 1.68387096774194 2.59838709677419 0 0 0 "LU" 2003
12 2004 1.39677419354839 0.17741935483871 0 0 0 "LU" 2004
12 2005 2.33225806451613 0.932258064516129 0 0 0 "LU" 2005
12 2006 2.5 4.06935483870968 0 0 0 "LU" 2006
12 2007 3.43225806451613 1.73709677419355 0 0 0 "LU" 2007
12 2008 1.6741935483871 0.738709677419355 0 0 0 "LU" 2008
12 2009 3.6258064516129 1.21612903225806 0 0 0 "LU" 2009
12 2010 2.74516129032258 -2.59193548387097 0 0 0 "LU" 2010
12 2011 6.11935483870968 3.91774193548387 0 0 0 "LU" 2011
12 2012 4.71935483870968 2.90483870967742 0 0 0 "LU" 2012
12 2013 1.83225806451613 3.35161290322581 0 0 0 "LU" 2013
12 2014 2.27741935483871 2.5758064516129 0 0 0 "LU" 2014
12 2015 0.980645161290323 6.88225806451613 0 0 0 "LU" 2015
12 2016 0.235483870967742 1.56612903225806 0 0 0 "LU" 2016
12 2017 3.80967741935484 2.65967741935484 0 0 0 "LU" 2017
12 2018 5.4258064516129 3.72096774193548 0 0 0 "LU" 2018
