"MONTH" "YEAR" "ave_precip_mo" "ave_mo_t" "opium_t" "mj_t" "coca_t" "fips" "year"
1 1974 18.6666666666667 26.5 0 0 0 "MF" 1974
1 1975 12.3 27 0 0 0 "MF" 1975
1 1977 30.5 26.5 0 0 0 "MF" 1977
1 1978 9.9 28 0 0 0 "MF" 1978
1 1979 2.375 27.65625 0 0 0 "MF" 1979
1 1980 4.12 27.7 0 0 0 "MF" 1980
1 1981 3.19090909090909 27.1818181818182 0 0 0 "MF" 1981
1 1982 0 29.3 0 0 0 "MF" 1982
1 1983 17.5666666666667 27.5 0 0 0 "MF" 1983
1 1984 9.15714285714286 27.2035714285714 0 0 0 "MF" 1984
1 1985 1.57692307692308 27.4807692307692 0 0 0 "MF" 1985
1 1986 20.4416666666667 26.9416666666667 0 0 0 "MF" 1986
1 1987 8.81111111111111 27.6 0 0 0 "MF" 1987
1 1988 17.1333333333333 27.9583333333333 0 0 0 "MF" 1988
1 1989 9.35 26.7535714285714 0 0 0 "MF" 1989
1 1990 15.42 26.585 0 0 0 "MF" 1990
1 1991 9.15 27.2916666666667 0 0 0 "MF" 1991
1 1992 5.2625 27.61875 0 0 0 "MF" 1992
1 1993 8.15714285714286 27.5214285714286 0 0 0 "MF" 1993
1 1994 6.45 27.61875 0 0 0 "MF" 1994
1 1995 12.57 27.765 0 0 0 "MF" 1995
1 1996 15.9117647058824 27.5205882352941 0 0 0 "MF" 1996
1 1997 2.20769230769231 28.35 0 0 0 "MF" 1997
1 1998 4.83846153846154 28.4461538461538 0 0 0 "MF" 1998
1 2000 21.5 27.6333333333333 0 0 0 "MF" 2000
1 2001 2.08333333333333 28.5083333333333 0 0 0 "MF" 2001
1 2002 9.9 27.94 0 0 0 "MF" 2002
1 2003 0.5625 28.1375 0 0 0 "MF" 2003
1 2004 22.8571428571429 28.3214285714286 0 0 0 "MF" 2004
1 2005 14.2555555555556 28.0944444444444 0 0 0 "MF" 2005
1 2006 28.7 26.9833333333333 0 0 0 "MF" 2006
1 2007 6.75882352941176 28.4588235294118 0 0 0 "MF" 2007
1 2008 10.3428571428571 28.4071428571429 0 0 0 "MF" 2008
1 2009 15.1133333333333 28.19 0 0 0 "MF" 2009
1 2010 11.2368421052632 28.4289473684211 0 0 0 "MF" 2010
1 2011 8.705 27.84 0 0 0 "MF" 2011
1 2012 6.67857142857143 28.7428571428571 0 0 0 "MF" 2012
1 2013 1.78181818181818 29.1977272727273 0 0 0 "MF" 2013
1 2014 8.44 28.1 0 0 0 "MF" 2014
1 2015 20.6 28.35 0 0 0 "MF" 2015
1 2016 14.6230769230769 29.1692307692308 0 0 0 "MF" 2016
1 2017 4.80909090909091 28.4409090909091 0 0 0 "MF" 2017
1 2018 16.5444444444444 27.8111111111111 0 0 0 "MF" 2018
1 2019 5.44 28.73 0 0 0 "MF" 2019
2 1974 12.1 26.7777777777778 0 0 0 "MF" 1974
2 1978 1.82 27.7 0 0 0 "MF" 1978
2 1979 10.8285714285714 27.2857142857143 0 0 0 "MF" 1979
2 1980 3.58888888888889 27.5 0 0 0 "MF" 1980
2 1981 19.5 27.625 0 0 0 "MF" 1981
2 1982 2.63333333333333 27.7 0 0 0 "MF" 1982
2 1983 8.51666666666667 28.2416666666667 0 0 0 "MF" 1983
2 1984 1.88333333333333 28.2416666666667 0 0 0 "MF" 1984
2 1985 51.8714285714286 26.4357142857143 0 0 0 "MF" 1985
2 1986 3.35 27.7583333333333 0 0 0 "MF" 1986
2 1987 16.1692307692308 27.7615384615385 0 0 0 "MF" 1987
2 1988 5.7 27.4166666666667 0 0 0 "MF" 1988
2 1989 0.8 27.34 0 0 0 "MF" 1989
2 1990 7.16666666666667 27.7708333333333 0 0 0 "MF" 1990
2 1991 16.18 27.55 0 0 0 "MF" 1991
2 1992 17.65 27.3666666666667 0 0 0 "MF" 1992
2 1993 9.275 27.4625 0 0 0 "MF" 1993
2 1994 3.4 27.83 0 0 0 "MF" 1994
2 1995 14.7230769230769 27.6884615384615 0 0 0 "MF" 1995
2 1996 12.8181818181818 27.4636363636364 0 0 0 "MF" 1996
2 1997 3.88888888888889 27.8055555555556 0 0 0 "MF" 1997
2 1998 6.06923076923077 29.0423076923077 0 0 0 "MF" 1998
2 2000 10.2428571428571 27.8285714285714 0 0 0 "MF" 2000
2 2001 4.90625 28.259375 0 0 0 "MF" 2001
2 2002 7.18333333333333 27.4583333333333 0 0 0 "MF" 2002
2 2003 4.48181818181818 28.4272727272727 0 0 0 "MF" 2003
2 2004 0.4 28.37 0 0 0 "MF" 2004
2 2005 0 28.6 0 0 0 "MF" 2005
2 2006 19.9666666666667 27.8666666666667 0 0 0 "MF" 2006
2 2007 9.5 28.3166666666667 0 0 0 "MF" 2007
2 2008 0.285714285714286 27.9142857142857 0 0 0 "MF" 2008
2 2009 4.63 28.285 0 0 0 "MF" 2009
2 2010 5.46666666666667 28.8 0 0 0 "MF" 2010
2 2011 10.0666666666667 27.95625 0 0 0 "MF" 2011
2 2012 8.395 28.175 0 0 0 "MF" 2012
2 2013 2.11666666666667 29.0333333333333 0 0 0 "MF" 2013
2 2014 14.5153846153846 27.1692307692308 0 0 0 "MF" 2014
2 2015 3.0125 28.81875 0 0 0 "MF" 2015
2 2016 11.3777777777778 29.05 0 0 0 "MF" 2016
2 2017 21.03 28.18 0 0 0 "MF" 2017
2 2018 5.93636363636364 28.6909090909091 0 0 0 "MF" 2018
3 1974 5.68888888888889 26.5 0 0 0 "MF" 1974
3 1978 0 28 0 0 0 "MF" 1978
3 1979 4.59 27.575 0 0 0 "MF" 1979
3 1980 3 27.8333333333333 0 0 0 "MF" 1980
3 1981 38.78 27.3 0 0 0 "MF" 1981
3 1983 20.56 27.14 0 0 0 "MF" 1983
3 1984 10.0142857142857 27.2928571428571 0 0 0 "MF" 1984
3 1985 0.691666666666667 27.0041666666667 0 0 0 "MF" 1985
3 1986 4.66666666666667 27.55 0 0 0 "MF" 1986
3 1987 1.7875 28.14375 0 0 0 "MF" 1987
3 1988 2.28 28.15 0 0 0 "MF" 1988
3 1989 13.6928571428571 26.8714285714286 0 0 0 "MF" 1989
3 1990 8.2625 27.6 0 0 0 "MF" 1990
3 1991 7.28333333333333 27.4666666666667 0 0 0 "MF" 1991
3 1992 1.62857142857143 27.8 0 0 0 "MF" 1992
3 1993 11.7111111111111 27.5277777777778 0 0 0 "MF" 1993
3 1994 9.26666666666667 27.85 0 0 0 "MF" 1994
3 1995 7.30769230769231 27.4846153846154 0 0 0 "MF" 1995
3 1996 10.3333333333333 27.9944444444444 0 0 0 "MF" 1996
3 1997 2.49090909090909 28.1227272727273 0 0 0 "MF" 1997
3 1998 0.1875 29.30625 0 0 0 "MF" 1998
3 2000 13.85 26.95 0 0 0 "MF" 2000
3 2001 13.0761904761905 27.7714285714286 0 0 0 "MF" 2001
3 2002 9.57 28.095 0 0 0 "MF" 2002
3 2003 3.65454545454545 28.2272727272727 0 0 0 "MF" 2003
3 2004 3.85714285714286 27.9571428571429 0 0 0 "MF" 2004
3 2006 13.5769230769231 28.1038461538462 0 0 0 "MF" 2006
3 2007 2.21176470588235 28.6294117647059 0 0 0 "MF" 2007
3 2008 9.16153846153846 27.6230769230769 0 0 0 "MF" 2008
3 2009 10.80625 28.4125 0 0 0 "MF" 2009
3 2010 2.17894736842105 29.2052631578947 0 0 0 "MF" 2010
3 2011 9.34736842105263 27.7789473684211 0 0 0 "MF" 2011
3 2012 4.5 28.1533333333333 0 0 0 "MF" 2012
3 2013 3.712 28.856 0 0 0 "MF" 2013
3 2014 8.82307692307692 28.3807692307692 0 0 0 "MF" 2014
3 2015 7.55714285714286 28.6928571428571 0 0 0 "MF" 2015
3 2016 13.275 29.25 0 0 0 "MF" 2016
3 2017 14.66 28.7 0 0 0 "MF" 2017
3 2018 7.50833333333333 28.2041666666667 0 0 0 "MF" 2018
4 1974 2.05 27 0 0 0 "MF" 1974
4 1978 0 27.1666666666667 0 0 0 "MF" 1978
4 1979 4.46470588235294 27.4117647058824 0 0 0 "MF" 1979
4 1980 13.26 27.7 0 0 0 "MF" 1980
4 1981 0.08 28.45 0 0 0 "MF" 1981
4 1982 8.58 27.48 0 0 0 "MF" 1982
4 1983 3.12222222222222 28.0666666666667 0 0 0 "MF" 1983
4 1984 3.87857142857143 26.8321428571429 0 0 0 "MF" 1984
4 1985 3.6375 26.7875 0 0 0 "MF" 1985
4 1986 4.4 27.1125 0 0 0 "MF" 1986
4 1987 1.19333333333333 28.3033333333333 0 0 0 "MF" 1987
4 1988 5.1 27.7818181818182 0 0 0 "MF" 1988
4 1989 3.04545454545455 27.2409090909091 0 0 0 "MF" 1989
4 1990 18.4 27.22 0 0 0 "MF" 1990
4 1991 11.8545454545455 27.4545454545455 0 0 0 "MF" 1991
4 1992 5.31 27.98 0 0 0 "MF" 1992
4 1993 0.285714285714286 27.3071428571429 0 0 0 "MF" 1993
4 1994 0 28.125 0 0 0 "MF" 1994
4 1995 1.97692307692308 28.1384615384615 0 0 0 "MF" 1995
4 1996 4.67 28.13 0 0 0 "MF" 1996
4 1997 1.6 28.375 0 0 0 "MF" 1997
4 1998 3.25789473684211 28.9421052631579 0 0 0 "MF" 1998
4 2000 0.5 27.45 0 0 0 "MF" 2000
4 2001 2.74444444444444 27.6083333333333 0 0 0 "MF" 2001
4 2002 2.55 27.65 0 0 0 "MF" 2002
4 2003 1.88333333333333 28.3458333333333 0 0 0 "MF" 2003
4 2004 0.333333333333333 27.8583333333333 0 0 0 "MF" 2004
4 2005 0 28.45 0 0 0 "MF" 2005
4 2006 4.8125 27.921875 0 0 0 "MF" 2006
4 2007 0.61 28.355 0 0 0 "MF" 2007
4 2008 1.155 27.66 0 0 0 "MF" 2008
4 2009 6.67894736842105 28.1447368421053 0 0 0 "MF" 2009
4 2010 2.03125 28.815625 0 0 0 "MF" 2010
4 2011 5.37272727272727 27.9931818181818 0 0 0 "MF" 2011
4 2012 8.82222222222222 28.4555555555556 0 0 0 "MF" 2012
4 2013 3.08947368421053 28.3263157894737 0 0 0 "MF" 2013
4 2014 0.466666666666667 28.1416666666667 0 0 0 "MF" 2014
4 2015 5.45 28.75 0 0 0 "MF" 2015
4 2016 2.06363636363636 29.3318181818182 0 0 0 "MF" 2016
4 2017 3.19090909090909 28.5363636363636 0 0 0 "MF" 2017
4 2018 2.11 28.575 0 0 0 "MF" 2018
5 1974 1.85 26.25 0 0 0 "MF" 1974
5 1977 0 26.8333333333333 0 0 0 "MF" 1977
5 1978 0 26.8333333333333 0 0 0 "MF" 1978
5 1979 0.28 27 0 0 0 "MF" 1979
5 1980 0.1 26.95 0 0 0 "MF" 1980
5 1981 0 27.25 0 0 0 "MF" 1981
5 1982 16.5 26.575 0 0 0 "MF" 1982
5 1983 1.6 26.85 0 0 0 "MF" 1983
5 1984 0.125 25.8875 0 0 0 "MF" 1984
5 1985 3.5 26.6 0 0 0 "MF" 1985
5 1986 0.185714285714286 26.5571428571429 0 0 0 "MF" 1986
5 1987 0.222222222222222 27.6611111111111 0 0 0 "MF" 1987
5 1988 2.8 26.83 0 0 0 "MF" 1988
5 1989 3.24444444444444 25.8111111111111 0 0 0 "MF" 1989
5 1990 0 25.575 0 0 0 "MF" 1990
5 1991 2.40769230769231 26.8807692307692 0 0 0 "MF" 1991
5 1992 0 26.45 0 0 0 "MF" 1992
5 1993 2.47 27.14 0 0 0 "MF" 1993
5 1994 0.05 27.4083333333333 0 0 0 "MF" 1994
5 1995 1.18333333333333 27.3361111111111 0 0 0 "MF" 1995
5 1996 0.38125 26.8375 0 0 0 "MF" 1996
5 1997 0.0238095238095238 26.5714285714286 0 0 0 "MF" 1997
5 1998 0.2 27.97 0 0 0 "MF" 1998
5 2000 1.66666666666667 27.0833333333333 0 0 0 "MF" 2000
5 2001 0 26.65 0 0 0 "MF" 2001
5 2002 1.77777777777778 26.9666666666667 0 0 0 "MF" 2002
5 2003 0 27.35 0 0 0 "MF" 2003
5 2004 1.4 27.495 0 0 0 "MF" 2004
5 2005 0 28.975 0 0 0 "MF" 2005
5 2006 5.70588235294118 27.0823529411765 0 0 0 "MF" 2006
5 2007 0.823529411764706 27.5823529411765 0 0 0 "MF" 2007
5 2008 0.136363636363636 26.7704545454545 0 0 0 "MF" 2008
5 2009 0 27.2725 0 0 0 "MF" 2009
5 2010 0.0294117647058824 28.1794117647059 0 0 0 "MF" 2010
5 2011 2.81052631578947 26.9842105263158 0 0 0 "MF" 2011
5 2012 3.69 27.3175 0 0 0 "MF" 2012
5 2013 0.992857142857143 27.1785714285714 0 0 0 "MF" 2013
5 2014 0.5125 27.50625 0 0 0 "MF" 2014
5 2015 0.883333333333333 28.3125 0 0 0 "MF" 2015
5 2016 0.222222222222222 27.5055555555556 0 0 0 "MF" 2016
5 2017 0.784615384615385 28.0961538461538 0 0 0 "MF" 2017
5 2018 0.0533333333333333 27.8766666666667 0 0 0 "MF" 2018
6 1973 0 26 0 0 0 "MF" 1973
6 1974 6.475 23.25 0 0 0 "MF" 1974
6 1977 0 26 0 0 0 "MF" 1977
6 1978 2.69 26.15 0 0 0 "MF" 1978
6 1979 1.19 25.9 0 0 0 "MF" 1979
6 1980 0.0428571428571429 25.5714285714286 0 0 0 "MF" 1980
6 1981 2.21 25.55 0 0 0 "MF" 1981
6 1982 0.06 26.37 0 0 0 "MF" 1982
6 1983 1.21111111111111 25.9388888888889 0 0 0 "MF" 1983
6 1984 0.633333333333333 24.7708333333333 0 0 0 "MF" 1984
6 1985 0 25.875 0 0 0 "MF" 1985
6 1986 0.142857142857143 25.2357142857143 0 0 0 "MF" 1986
6 1987 0.05 25.44 0 0 0 "MF" 1987
6 1988 0.285714285714286 26.1071428571429 0 0 0 "MF" 1988
6 1989 0 24.35 0 0 0 "MF" 1989
6 1990 0.2 24.81 0 0 0 "MF" 1990
6 1991 0 25.5666666666667 0 0 0 "MF" 1991
6 1992 0 25.84 0 0 0 "MF" 1992
6 1993 0 26.1875 0 0 0 "MF" 1993
6 1994 0.285714285714286 25.4714285714286 0 0 0 "MF" 1994
6 1995 0 25.6416666666667 0 0 0 "MF" 1995
6 1996 2.72727272727273 25.9181818181818 0 0 0 "MF" 1996
6 1997 0.0625 25.278125 0 0 0 "MF" 1997
6 1998 0.111111111111111 27.0166666666667 0 0 0 "MF" 1998
6 2000 1.5 25.3 0 0 0 "MF" 2000
6 2001 1 25.5333333333333 0 0 0 "MF" 2001
6 2002 1 25.5 0 0 0 "MF" 2002
6 2003 0.111111111111111 26.1444444444444 0 0 0 "MF" 2003
6 2004 0.166666666666667 25.7916666666667 0 0 0 "MF" 2004
6 2006 1.25882352941176 26.0911764705882 0 0 0 "MF" 2006
6 2007 0.0833333333333333 26.3333333333333 0 0 0 "MF" 2007
6 2008 0 25.6464285714286 0 0 0 "MF" 2008
6 2009 0 26.0777777777778 0 0 0 "MF" 2009
6 2010 1.04 26.96 0 0 0 "MF" 2010
6 2011 1.66153846153846 26.4884615384615 0 0 0 "MF" 2011
6 2012 0.926666666666667 26.11 0 0 0 "MF" 2012
6 2013 0.125 25.715 0 0 0 "MF" 2013
6 2014 0.111111111111111 26.3055555555556 0 0 0 "MF" 2014
6 2015 0.0333333333333333 26.6555555555556 0 0 0 "MF" 2015
6 2016 0.846666666666667 26.0133333333333 0 0 0 "MF" 2016
6 2017 2.54 27.03 0 0 0 "MF" 2017
6 2018 0 26.9277777777778 0 0 0 "MF" 2018
7 1974 0 24.5 0 0 0 "MF" 1974
7 1978 7.98 24.9 0 0 0 "MF" 1978
7 1979 3.625 24.25 0 0 0 "MF" 1979
7 1980 0.25 25.5 0 0 0 "MF" 1980
7 1981 0 24.5 0 0 0 "MF" 1981
7 1982 0 25.6 0 0 0 "MF" 1982
7 1983 0.0333333333333333 25.7777777777778 0 0 0 "MF" 1983
7 1984 0.0470588235294118 23.4764705882353 0 0 0 "MF" 1984
7 1985 0.2875 24.0625 0 0 0 "MF" 1985
7 1986 0.118181818181818 23.6363636363636 0 0 0 "MF" 1986
7 1987 0.388888888888889 24.9222222222222 0 0 0 "MF" 1987
7 1988 0.0428571428571429 25.1285714285714 0 0 0 "MF" 1988
7 1989 0.075 24.3375 0 0 0 "MF" 1989
7 1990 0 23.925 0 0 0 "MF" 1990
7 1991 0.266666666666667 24.75 0 0 0 "MF" 1991
7 1992 0 24.0944444444444 0 0 0 "MF" 1992
7 1993 1.08571428571429 24.2285714285714 0 0 0 "MF" 1993
7 1994 0 25.2045454545455 0 0 0 "MF" 1994
7 1995 0 25.2636363636364 0 0 0 "MF" 1995
7 1996 0.0611111111111111 24.45 0 0 0 "MF" 1996
7 1997 0.125 24.60625 0 0 0 "MF" 1997
7 1998 0.0625 25.08125 0 0 0 "MF" 1998
7 2000 0.266666666666667 24.05 0 0 0 "MF" 2000
7 2001 0.185714285714286 23.6 0 0 0 "MF" 2001
7 2002 0.272727272727273 23.8045454545455 0 0 0 "MF" 2002
7 2003 0.0555555555555556 25.1333333333333 0 0 0 "MF" 2003
7 2004 0.7625 24.85625 0 0 0 "MF" 2004
7 2005 1 24.45 0 0 0 "MF" 2005
7 2006 0.25 24.665625 0 0 0 "MF" 2006
7 2007 0.485714285714286 25.1214285714286 0 0 0 "MF" 2007
7 2008 0.44375 24.146875 0 0 0 "MF" 2008
7 2009 0.33 25.2775 0 0 0 "MF" 2009
7 2010 0 24.9625 0 0 0 "MF" 2010
7 2011 0.566666666666667 25.3261904761905 0 0 0 "MF" 2011
7 2012 0.395 24.9025 0 0 0 "MF" 2012
7 2013 0.317647058823529 25.1382352941176 0 0 0 "MF" 2013
7 2014 0.853333333333333 25.6266666666667 0 0 0 "MF" 2014
7 2015 0 25.44 0 0 0 "MF" 2015
7 2016 0.06 24.28 0 0 0 "MF" 2016
7 2017 0.607692307692308 25.7576923076923 0 0 0 "MF" 2017
7 2018 1.07692307692308 25.3769230769231 0 0 0 "MF" 2018
8 1973 0 25 0 0 0 "MF" 1973
8 1974 0 23.5 0 0 0 "MF" 1974
8 1977 0 23.8333333333333 0 0 0 "MF" 1977
8 1978 31.4285714285714 23.5714285714286 0 0 0 "MF" 1978
8 1979 1.39285714285714 24.25 0 0 0 "MF" 1979
8 1980 0 24.05 0 0 0 "MF" 1980
8 1981 0 24.6428571428571 0 0 0 "MF" 1981
8 1982 1.275 24.175 0 0 0 "MF" 1982
8 1983 0 25.75 0 0 0 "MF" 1983
8 1984 0.605263157894737 22.9789473684211 0 0 0 "MF" 1984
8 1985 1.42 23.34 0 0 0 "MF" 1985
8 1986 0 23.5833333333333 0 0 0 "MF" 1986
8 1987 0 24.2 0 0 0 "MF" 1987
8 1988 1.7 23.9571428571429 0 0 0 "MF" 1988
8 1989 0.675 23.425 0 0 0 "MF" 1989
8 1990 0.185714285714286 22.9928571428571 0 0 0 "MF" 1990
8 1991 0 23.87 0 0 0 "MF" 1991
8 1992 0 23.7285714285714 0 0 0 "MF" 1992
8 1993 0.25 23.1625 0 0 0 "MF" 1993
8 1994 0.111111111111111 25.2555555555556 0 0 0 "MF" 1994
8 1995 0.329411764705882 24.8705882352941 0 0 0 "MF" 1995
8 1996 0.166666666666667 23.7125 0 0 0 "MF" 1996
8 1997 0.473333333333333 24.0866666666667 0 0 0 "MF" 1997
8 1998 0 24.9090909090909 0 0 0 "MF" 1998
8 2000 0.333333333333333 23.6166666666667 0 0 0 "MF" 2000
8 2001 0.428571428571429 24.1285714285714 0 0 0 "MF" 2001
8 2002 0.2 24.325 0 0 0 "MF" 2002
8 2003 0.0769230769230769 24 0 0 0 "MF" 2003
8 2004 0.315384615384615 24.1730769230769 0 0 0 "MF" 2004
8 2005 0.25 24.35 0 0 0 "MF" 2005
8 2006 0.0555555555555556 24.7638888888889 0 0 0 "MF" 2006
8 2007 0.117647058823529 24.8911764705882 0 0 0 "MF" 2007
8 2008 0.519047619047619 24.4928571428571 0 0 0 "MF" 2008
8 2009 0.181818181818182 24.8181818181818 0 0 0 "MF" 2009
8 2010 0.115 24.9975 0 0 0 "MF" 2010
8 2011 0.204545454545455 25.1272727272727 0 0 0 "MF" 2011
8 2012 0 24.615625 0 0 0 "MF" 2012
8 2013 0.270588235294118 24.4558823529412 0 0 0 "MF" 2013
8 2014 0.025 25.2 0 0 0 "MF" 2014
8 2015 3.2 24.855 0 0 0 "MF" 2015
8 2016 1.05 25.01 0 0 0 "MF" 2016
8 2017 0.108333333333333 25.4708333333333 0 0 0 "MF" 2017
8 2018 0.354545454545455 25.4 0 0 0 "MF" 2018
9 1973 0.4 24.3 0 0 0 "MF" 1973
9 1977 0 24 0 0 0 "MF" 1977
9 1978 0 24.4 0 0 0 "MF" 1978
9 1979 4.46666666666667 24.5416666666667 0 0 0 "MF" 1979
9 1980 1.75 24.8125 0 0 0 "MF" 1980
9 1981 0.666666666666667 25 0 0 0 "MF" 1981
9 1982 0 24.875 0 0 0 "MF" 1982
9 1983 0 24.1583333333333 0 0 0 "MF" 1983
9 1984 0 23.8269230769231 0 0 0 "MF" 1984
9 1985 0.75 24.4125 0 0 0 "MF" 1985
9 1986 0.222222222222222 24.6111111111111 0 0 0 "MF" 1986
9 1987 0.0428571428571429 24.8 0 0 0 "MF" 1987
9 1988 0.375 24.9375 0 0 0 "MF" 1988
9 1989 2.31666666666667 24.5 0 0 0 "MF" 1989
9 1990 0.1625 24.74375 0 0 0 "MF" 1990
9 1991 0.375 24.1125 0 0 0 "MF" 1991
9 1992 0.877777777777778 24.3666666666667 0 0 0 "MF" 1992
9 1993 0 23.9785714285714 0 0 0 "MF" 1993
9 1994 0.118181818181818 24.8863636363636 0 0 0 "MF" 1994
9 1995 1.43571428571429 25.2285714285714 0 0 0 "MF" 1995
9 1996 0.458333333333333 24.6583333333333 0 0 0 "MF" 1996
9 1997 1 24.9433333333333 0 0 0 "MF" 1997
9 1998 0.315384615384615 25.4692307692308 0 0 0 "MF" 1998
9 2000 2.38 24.65 0 0 0 "MF" 2000
9 2001 2.99 24.43 0 0 0 "MF" 2001
9 2002 0.05 25.11 0 0 0 "MF" 2002
9 2003 0 24.7333333333333 0 0 0 "MF" 2003
9 2004 0.05 25.48 0 0 0 "MF" 2004
9 2005 0.76 25.3 0 0 0 "MF" 2005
9 2006 0.68125 25.103125 0 0 0 "MF" 2006
9 2007 0.352941176470588 25.4382352941176 0 0 0 "MF" 2007
9 2008 0.395652173913043 25.9521739130435 0 0 0 "MF" 2008
9 2009 0.365217391304348 25.5152173913043 0 0 0 "MF" 2009
9 2010 0.242857142857143 25.0452380952381 0 0 0 "MF" 2010
9 2011 0.263636363636364 25.4227272727273 0 0 0 "MF" 2011
9 2012 1.75 25.3375 0 0 0 "MF" 2012
9 2013 1.73684210526316 25.4894736842105 0 0 0 "MF" 2013
9 2014 0.0727272727272727 25.7409090909091 0 0 0 "MF" 2014
9 2015 2.45833333333333 25.6166666666667 0 0 0 "MF" 2015
9 2016 0.2 25.2794117647059 0 0 0 "MF" 2016
9 2017 0 25.99 0 0 0 "MF" 2017
9 2018 1 26.13 0 0 0 "MF" 2018
10 1973 7.09090909090909 25.1363636363636 0 0 0 "MF" 1973
10 1974 1.51666666666667 25.4166666666667 0 0 0 "MF" 1974
10 1977 0 27.1 0 0 0 "MF" 1977
10 1978 4.23333333333333 25.8333333333333 0 0 0 "MF" 1978
10 1979 3.93571428571429 26.0357142857143 0 0 0 "MF" 1979
10 1980 0.333333333333333 26.0416666666667 0 0 0 "MF" 1980
10 1981 0.0714285714285714 26.0714285714286 0 0 0 "MF" 1981
10 1982 0.666666666666667 26.2833333333333 0 0 0 "MF" 1982
10 1983 19.1 25.0714285714286 0 0 0 "MF" 1983
10 1984 0.289473684210526 25.6815789473684 0 0 0 "MF" 1984
10 1985 1.35 24.9916666666667 0 0 0 "MF" 1985
10 1986 0.3 26.1 0 0 0 "MF" 1986
10 1987 1.00833333333333 25.8041666666667 0 0 0 "MF" 1987
10 1988 0.111111111111111 26.3388888888889 0 0 0 "MF" 1988
10 1989 45.025 25.25 0 0 0 "MF" 1989
10 1990 1.25 26.175 0 0 0 "MF" 1990
10 1991 1.08181818181818 25.6318181818182 0 0 0 "MF" 1991
10 1992 0 25.6714285714286 0 0 0 "MF" 1992
10 1993 0.444444444444444 25.6944444444444 0 0 0 "MF" 1993
10 1994 0.78 26.3633333333333 0 0 0 "MF" 1994
10 1995 0.994117647058824 26.5588235294118 0 0 0 "MF" 1995
10 1996 0.383333333333333 25.4708333333333 0 0 0 "MF" 1996
10 1997 0.56875 26.434375 0 0 0 "MF" 1997
10 1998 2.81818181818182 25.9954545454545 0 0 0 "MF" 1998
10 1999 0 25.9642857142857 0 0 0 "MF" 1999
10 2000 2.725 25.7875 0 0 0 "MF" 2000
10 2001 0.25 25.2625 0 0 0 "MF" 2001
10 2002 0.0909090909090909 25.6545454545455 0 0 0 "MF" 2002
10 2004 1.975 27.1875 0 0 0 "MF" 2004
10 2005 0 26.05 0 0 0 "MF" 2005
10 2006 0.673913043478261 26.4217391304348 0 0 0 "MF" 2006
10 2007 1.192 26.492 0 0 0 "MF" 2007
10 2008 4.19 26.8675 0 0 0 "MF" 2008
10 2009 0.569565217391304 26.8195652173913 0 0 0 "MF" 2009
10 2010 1.604 26.78 0 0 0 "MF" 2010
10 2011 0 27.1142857142857 0 0 0 "MF" 2011
10 2012 0.304347826086957 26.804347826087 0 0 0 "MF" 2012
10 2013 0.294117647058824 26.6323529411765 0 0 0 "MF" 2013
10 2014 0.383333333333333 27.2791666666667 0 0 0 "MF" 2014
10 2015 0 27.7454545454545 0 0 0 "MF" 2015
10 2016 0.145454545454545 26.7818181818182 0 0 0 "MF" 2016
10 2017 0 27.6444444444444 0 0 0 "MF" 2017
10 2018 0.291666666666667 26.9541666666667 0 0 0 "MF" 2018
11 1973 0.4375 26.3125 0 0 0 "MF" 1973
11 1974 0.428571428571429 26 0 0 0 "MF" 1974
11 1976 0 26.5 0 0 0 "MF" 1976
11 1977 7 27.75 0 0 0 "MF" 1977
11 1978 0 26.5 0 0 0 "MF" 1978
11 1979 2.38125 26.78125 0 0 0 "MF" 1979
11 1980 17.0454545454545 26.8636363636364 0 0 0 "MF" 1980
11 1981 2.66666666666667 27.5 0 0 0 "MF" 1981
11 1982 0.833333333333333 27.75 0 0 0 "MF" 1982
11 1983 2.5 26.21875 0 0 0 "MF" 1983
11 1984 3.14375 26.26875 0 0 0 "MF" 1984
11 1985 10.3833333333333 25.8166666666667 0 0 0 "MF" 1985
11 1986 2.1875 27.0125 0 0 0 "MF" 1986
11 1987 1.75 26.4125 0 0 0 "MF" 1987
11 1988 11.01 26.585 0 0 0 "MF" 1988
11 1989 2.71111111111111 26.1888888888889 0 0 0 "MF" 1989
11 1990 0 26.975 0 0 0 "MF" 1990
11 1991 0.583333333333333 26.95 0 0 0 "MF" 1991
11 1992 0.166666666666667 27.375 0 0 0 "MF" 1992
11 1993 18.475 26.9625 0 0 0 "MF" 1993
11 1994 0 27.4363636363636 0 0 0 "MF" 1994
11 1995 1.96875 26.79375 0 0 0 "MF" 1995
11 1996 2.28888888888889 26.3055555555556 0 0 0 "MF" 1996
11 1997 2.80625 27.728125 0 0 0 "MF" 1997
11 1998 0.166666666666667 26.8375 0 0 0 "MF" 1998
11 1999 2.95454545454545 26.5136363636364 0 0 0 "MF" 1999
11 2000 5.6 26.625 0 0 0 "MF" 2000
11 2001 2.225 27.8 0 0 0 "MF" 2001
11 2002 1.41428571428571 27.7428571428571 0 0 0 "MF" 2002
11 2004 0.0833333333333333 27.6416666666667 0 0 0 "MF" 2004
11 2005 3 26.75 0 0 0 "MF" 2005
11 2006 0.746666666666667 27.9166666666667 0 0 0 "MF" 2006
11 2007 1.205 27.88 0 0 0 "MF" 2007
11 2008 2.09090909090909 27.5681818181818 0 0 0 "MF" 2008
11 2009 2.50454545454545 27.9931818181818 0 0 0 "MF" 2009
11 2010 1.78823529411765 27.4294117647059 0 0 0 "MF" 2010
11 2011 1.29411764705882 28.3323529411765 0 0 0 "MF" 2011
11 2012 2.58947368421053 28.1105263157895 0 0 0 "MF" 2012
11 2013 5.68125 28.078125 0 0 0 "MF" 2013
11 2014 4.73076923076923 28.2153846153846 0 0 0 "MF" 2014
11 2015 0.08 28.345 0 0 0 "MF" 2015
11 2016 1.13571428571429 27.7535714285714 0 0 0 "MF" 2016
11 2017 0.153333333333333 28.3333333333333 0 0 0 "MF" 2017
11 2018 0 28.125 0 0 0 "MF" 2018
12 1973 4.7 26.25 0 0 0 "MF" 1973
12 1974 4.68333333333333 27.1666666666667 0 0 0 "MF" 1974
12 1976 0 27.8333333333333 0 0 0 "MF" 1976
12 1977 0 27.5 0 0 0 "MF" 1977
12 1978 11.11 27.2 0 0 0 "MF" 1978
12 1979 4.51666666666667 27 0 0 0 "MF" 1979
12 1980 3.36363636363636 26.7727272727273 0 0 0 "MF" 1980
12 1981 29.3 27.5 0 0 0 "MF" 1981
12 1982 30.35 27.1 0 0 0 "MF" 1982
12 1983 15.6533333333333 27.1133333333333 0 0 0 "MF" 1983
12 1984 4.4421052631579 27.2342105263158 0 0 0 "MF" 1984
12 1985 16.5666666666667 27.0611111111111 0 0 0 "MF" 1985
12 1986 9.8 27.47 0 0 0 "MF" 1986
12 1987 3.37692307692308 27.1 0 0 0 "MF" 1987
12 1988 1.41428571428571 27.5642857142857 0 0 0 "MF" 1988
12 1989 49.81 27.49 0 0 0 "MF" 1989
12 1990 11.55 27.675 0 0 0 "MF" 1990
12 1991 36.8888888888889 26.9777777777778 0 0 0 "MF" 1991
12 1992 0.666666666666667 27.1916666666667 0 0 0 "MF" 1992
12 1993 6.38 27.34 0 0 0 "MF" 1993
12 1994 0.592307692307692 27.9269230769231 0 0 0 "MF" 1994
12 1995 6.21176470588235 27.8323529411765 0 0 0 "MF" 1995
12 1996 0.392307692307692 28.0230769230769 0 0 0 "MF" 1996
12 1997 1.8 28.434375 0 0 0 "MF" 1997
12 1998 1.65 28.04 0 0 0 "MF" 1998
12 1999 3.19285714285714 27.2428571428571 0 0 0 "MF" 1999
12 2000 3.23333333333333 27.7833333333333 0 0 0 "MF" 2000
12 2001 5.85 28.6333333333333 0 0 0 "MF" 2001
12 2002 2.63846153846154 27.9230769230769 0 0 0 "MF" 2002
12 2004 3.125 28.1 0 0 0 "MF" 2004
12 2005 8.45 27.6875 0 0 0 "MF" 2005
12 2006 4.27857142857143 27.8535714285714 0 0 0 "MF" 2006
12 2007 4.74 28.2833333333333 0 0 0 "MF" 2007
12 2009 0.505555555555556 28.7666666666667 0 0 0 "MF" 2009
12 2010 6.02272727272727 27.75 0 0 0 "MF" 2010
12 2011 3.44285714285714 28.0428571428571 0 0 0 "MF" 2011
12 2012 2.76521739130435 28.4630434782609 0 0 0 "MF" 2012
12 2013 11.6736842105263 28.0710526315789 0 0 0 "MF" 2013
12 2014 1.79411764705882 28.4294117647059 0 0 0 "MF" 2014
12 2015 3.19375 29.025 0 0 0 "MF" 2015
12 2016 1.81428571428571 28.675 0 0 0 "MF" 2016
12 2017 10.9 28.671875 0 0 0 "MF" 2017
12 2018 1.43333333333333 29.2833333333333 0 0 0 "MF" 2018
